0 1.042199969291687012e+00 1.570341944694519043e+00 5.338187694549560547e+00 -3.888439536094665527e-01 -6.168458461761474609e-01 4.590091228485107422e+00 8.187555074691772461e-01 -1.060301589965820312e+01 1.588161468505859375e+00 -6.792924404144287109e+00 -1.148781299591064453e+00 4.160169124603271484e+00 6.951768994331359863e-01
0 1.042199969291687012e+00 -3.916130959987640381e-01 2.029777288436889648e+00 -4.870453834533691406e+00 4.800122737884521484e+00 -2.046752452850341797e+00 2.886935710906982422e+00 1.299289035797119141e+01 -9.766157150268554688e+00 -7.011323928833007812e+00 3.332706928253173828e+00 -1.252964377403259277e+00 1.855417370796203613e+00
0 1.042199969291687012e+00 -3.302021503448486328e+00 1.105860710144042969e+00 8.986406326293945312e-01 2.634764194488525391e+00 -1.253260254859924316e+00 -4.768931865692138672e+00 -3.916497230529785156e+00 -1.312110996246337891e+01 6.881737709045410156e-01 3.108355998992919922e+00 -1.614197611808776855e+00 -4.127351284027099609e+00
0 1.042199969291687012e+00 1.041703343391418457e+00 -5.112604141235351562e+00 -5.702198147773742676e-01 -5.857698917388916016e-01 -3.026830196380615234e+00 -3.695175409317016602e+00 -1.005574226379394531e+01 -4.725176811218261719e+00 -4.311451911926269531e+00 1.046283990144729614e-01 -3.152902364730834961e+00 -3.332040071487426758e+00
0 1.042199969291687012e+00 5.349789619445800781e+00 -2.736239135265350342e-01 -2.262553930282592773e+00 2.172011852264404297e+00 -2.535439729690551758e-01 3.096024513244628906e+00 -5.414715290069580078e+00 1.928726768493652344e+01 9.541883468627929688e-01 1.925884127616882324e+00 -7.803629040718078613e-01 3.019422054290771484e+00
0 1.042199969291687012e+00 5.892455577850341797e+00 -1.385418534278869629e+00 1.063846349716186523e+00 -2.657564163208007812e+00 2.645589351654052734e+00 1.569113492965698242e+00 -5.895404338836669922e+00 8.248019218444824219e+00 -2.378288030624389648e+00 -2.440044403076171875e+00 2.579009294509887695e+00 1.396024823188781738e+00
0 1.042199969291687012e+00 -2.753429174423217773e+00 -2.585287809371948242e+00 3.137245655059814453e+00 -1.215513944625854492e-01 4.542092323303222656e+00 1.796431064605712891e+00 1.374522781372070312e+01 1.629259109497070312e+00 -7.596343994140625000e+00 -9.020491242408752441e-01 4.126054763793945312e+00 1.867581129074096680e+00
0 1.042199969291687012e+00 1.568891763687133789e+00 -2.143465757369995117e+00 -2.011208534240722656e+00 -2.524710655212402344e+00 3.982173442840576172e+00 -1.047836780548095703e+00 1.204969978332519531e+01 6.638934612274169922e+00 -3.963342666625976562e+00 -3.179940462112426758e+00 4.604171276092529297e+00 -1.671803593635559082e+00
0 1.042199969291687012e+00 -6.657737493515014648e-01 -3.928366661071777344e+00 -2.856685161590576172e+00 -2.130235195159912109e+00 3.839509487152099609e+00 5.551550984382629395e-01 3.200991630554199219e+00 3.350222587585449219e+00 9.430931091308593750e+00 -2.090050220489501953e+00 3.764401197433471680e+00 1.134774088859558105e+00
0 1.042199969291687012e+00 -4.437765598297119141e+00 1.333198308944702148e+00 -2.303212881088256836e+00 7.104086279869079590e-01 3.382351875305175781e+00 3.897280693054199219e+00 9.055097579956054688e+00 1.505902671813964844e+01 3.863701820373535156e-01 3.647607266902923584e-01 3.379507541656494141e+00 3.280324459075927734e+00
0 1.042199969291687012e+00 3.546113014221191406e+00 1.971233606338500977e+00 -4.027652263641357422e+00 1.530216574668884277e+00 -4.439778327941894531e+00 -2.118547201156616211e+00 -8.121918678283691406e+00 -2.043284893035888672e+00 6.897011756896972656e+00 1.476289510726928711e+00 -3.673711538314819336e+00 -1.934657454490661621e+00
0 1.042199969291687012e+00 -1.381098031997680664e-01 -1.018526911735534668e+00 5.813085079193115234e+00 -2.718429088592529297e+00 1.476307392120361328e+00 4.571729660034179688e+00 -4.184792518615722656e+00 -1.258588552474975586e+00 -1.350010871887207031e+01 -1.961061239242553711e+00 1.176556587219238281e+00 3.754313230514526367e+00
0 1.042199969291687012e+00 -1.817079484462738037e-01 -3.003313779830932617e+00 5.356477737426757812e+00 4.342864453792572021e-02 -2.564295768737792969e+00 -7.278451919555664062e-01 4.223387718200683594e+00 -8.957275390625000000e+00 1.807544708251953125e+00 4.344114661216735840e-01 -2.842132806777954102e+00 4.425975978374481201e-01
0 1.042199969291687012e+00 2.219715595245361328e+00 3.547825336456298828e+00 4.396253585815429688e+00 6.492092609405517578e-01 -2.554385185241699219e+00 3.874277114868164062e+00 -1.126536846160888672e+01 -7.259998321533203125e+00 -5.734760284423828125e+00 6.917904019355773926e-01 -2.310963630676269531e+00 3.633555412292480469e+00
0 1.042199969291687012e+00 -2.295467138290405273e+00 -7.006713747978210449e-01 -3.229151248931884766e+00 3.301821231842041016e+00 3.842598438262939453e+00 -1.576011478900909424e-01 1.071035385131835938e+01 1.840317153930664062e+01 4.449601173400878906e+00 3.914192676544189453e+00 3.159230709075927734e+00 -2.518142759799957275e-01
0 1.042199969291687012e+00 7.745563983917236328e-01 -3.738811492919921875e+00 3.779078483581542969e+00 2.069331169128417969e+00 -2.446230411529541016e+00 3.969502449035644531e+00 -1.217055511474609375e+01 3.029891967773437500e+00 -1.559212684631347656e+01 1.709016442298889160e+00 -2.025143146514892578e+00 3.578241586685180664e+00
0 1.042199969291687012e+00 3.626101493835449219e+00 -1.809479475021362305e+00 5.300245285034179688e+00 -1.415270328521728516e+00 5.368447303771972656e-02 -1.325067281723022461e+00 -7.058825016021728516e+00 3.154782772064208984e+00 -1.222975730895996094e+01 -1.882102847099304199e+00 1.036706447601318359e+00 -8.450809717178344727e-01
0 1.042199969291687012e+00 -4.150535106658935547e+00 -2.909955501556396484e+00 -6.848283410072326660e-01 -1.270443797111511230e-01 3.001322746276855469e+00 -2.846281051635742188e+00 2.319315910339355469e+00 1.824574947357177734e+00 1.225621938705444336e+00 4.781010448932647705e-01 3.391524791717529297e+00 -2.911535978317260742e+00
0 1.042199969291687012e+00 3.161628723144531250e+00 3.219657421112060547e+00 1.459826469421386719e+00 2.246806859970092773e+00 5.736639499664306641e-01 -4.886110305786132812e+00 3.895663261413574219e+00 -1.345546722412109375e+01 8.288545608520507812e+00 2.579157114028930664e+00 8.428350687026977539e-01 -4.879488945007324219e+00
0 1.042199969291687012e+00 -2.115751504898071289e+00 -4.216958522796630859e+00 1.758918285369873047e+00 4.696669101715087891e+00 -2.028126716613769531e-01 1.878540277481079102e+00 1.197872877120971680e+00 1.092080307006835938e+01 -5.877356529235839844e-01 4.486122608184814453e+00 -1.782955229282379150e-01 1.038906216621398926e+00
0 1.042199969291687012e+00 -1.087336421012878418e+00 4.036086559295654297e+00 -2.548068523406982422e+00 2.607985585927963257e-02 5.505844116210937500e+00 -2.198007822036743164e+00 -1.891972780227661133e+00 -9.104439735412597656e+00 6.919472694396972656e+00 1.040873080492019653e-01 4.544270515441894531e+00 -1.849267125129699707e+00
0 1.042199969291687012e+00 7.267032563686370850e-02 2.455181360244750977e+00 5.236887186765670776e-02 -4.766982555389404297e+00 7.177137732505798340e-01 3.477005004882812500e+00 2.105511093139648438e+01 -1.666442680358886719e+01 -1.398774719238281250e+01 -4.573927879333496094e+00 3.282369971275329590e-01 3.224181890487670898e+00
0 1.042199969291687012e+00 4.599542617797851562e+00 -7.650822401046752930e-01 2.265067815780639648e+00 4.086996555328369141e+00 -3.609858989715576172e+00 -1.781941890716552734e+00 -1.524463176727294922e+01 -3.369110822677612305e+00 -7.945416927337646484e+00 3.558418750762939453e+00 -2.518470764160156250e+00 -1.378011584281921387e+00
0 1.042199969291687012e+00 -3.731529712677001953e-01 -5.170253753662109375e+00 8.152836561203002930e-01 1.070467948913574219e+00 5.068268775939941406e-01 1.927863061428070068e-01 -5.152261734008789062e+00 4.077272891998291016e+00 -6.584660530090332031e+00 1.197139263153076172e+00 9.615967422723770142e-02 5.232706665992736816e-01
0 1.042199969291687012e+00 -1.084056138992309570e+00 2.656361818313598633e+00 -1.357491016387939453e+00 -5.556296825408935547e+00 -1.721005439758300781e+00 -2.316198825836181641e+00 3.468639850616455078e+00 -6.097049236297607422e+00 3.313324928283691406e+00 -4.076964855194091797e+00 -1.635028004646301270e+00 -2.400326013565063477e+00
0 1.042199969291687012e+00 9.757612943649291992e-01 -3.686344146728515625e+00 5.720402002334594727e-01 -4.637767314910888672e+00 -3.305730104446411133e+00 1.174261122941970825e-01 8.987674713134765625e+00 1.316289329528808594e+01 7.408188819885253906e+00 -3.791944265365600586e+00 -3.132250308990478516e+00 2.138798683881759644e-01
0 1.042199969291687012e+00 3.088968753814697266e+00 4.680279731750488281e+00 2.814388751983642578e+00 -2.074279487133026123e-01 1.814419746398925781e+00 3.580705642700195312e+00 -3.823683500289916992e+00 -1.097264671325683594e+01 -5.612650394439697266e+00 -1.373170763254165649e-01 1.847424030303955078e+00 3.509870052337646484e+00
0 1.042199969291687012e+00 3.061784744262695312e+00 4.307158887386322021e-01 7.753841876983642578e-01 4.330736160278320312e+00 1.586523294448852539e+00 3.518816947937011719e+00 -2.034479141235351562e+00 -1.266181278228759766e+01 1.292625665664672852e-01 4.415613651275634766e+00 1.931342959403991699e+00 3.483213663101196289e+00
0 1.042199969291687012e+00 -4.628137588500976562e+00 1.864321947097778320e+00 2.253994941711425781e+00 -5.506482601165771484e+00 1.154353141784667969e+00 -6.493493318557739258e-01 2.030071067810058594e+01 -6.074953556060791016e+00 -5.565952301025390625e+00 -3.569003105163574219e+00 4.542181193828582764e-01 -5.612629652023315430e-01
0 1.042199969291687012e+00 4.073482513427734375e+00 -3.357864916324615479e-01 -3.778048515319824219e+00 -5.350877761840820312e+00 4.422537088394165039e-01 -1.447750329971313477e+00 -1.070913887023925781e+01 5.258539676666259766e+00 2.007972717285156250e+00 -3.829158306121826172e+00 9.684445858001708984e-01 -1.036902427673339844e+00
0 1.042199969291687012e+00 1.275653719902038574e+00 -8.085856214165687561e-03 5.018185615539550781e+00 -5.135920047760009766e+00 2.729858398437500000e+00 -8.221743106842041016e-01 -3.913353919982910156e+00 -8.542309761047363281e+00 -2.066629028320312500e+01 -3.494330167770385742e+00 2.337000608444213867e+00 -1.175948262214660645e+00
0 1.042199969291687012e+00 5.289165019989013672e+00 1.647192001342773438e+00 -2.759893178939819336e+00 -6.369709968566894531e-01 1.175827741622924805e+00 -3.352477073669433594e+00 -6.334848880767822266e+00 4.770737648010253906e+00 -2.631378650665283203e+00 -7.911400794982910156e-01 1.176519036293029785e+00 -2.778128862380981445e+00
0 1.042199969291687012e+00 -4.434416294097900391e+00 -3.189187049865722656e+00 -2.711916208267211914e+00 -1.425851106643676758e+00 9.221917390823364258e-01 6.513875722885131836e-01 1.034734725952148438e+00 -3.224587440490722656e+00 9.887119293212890625e+00 -2.293133020401000977e+00 5.452598333358764648e-01 1.509354710578918457e+00
0 1.042199969291687012e+00 -2.714156806468963623e-01 5.402885913848876953e+00 4.338715076446533203e-01 -2.095894575119018555e+00 -1.557319760322570801e+00 4.430994033813476562e+00 9.439621925354003906e+00 -9.120097160339355469e+00 -7.939932346343994141e+00 -1.966607093811035156e+00 -1.218981504440307617e+00 4.117870807647705078e+00
0 1.042199969291687012e+00 -3.659610271453857422e+00 -1.875222206115722656e+00 -3.778386116027832031e+00 -1.601228952407836914e+00 -2.314723491668701172e+00 3.865372896194458008e+00 3.697246074676513672e+00 1.902364349365234375e+01 2.849326133728027344e+00 -1.346783876419067383e+00 -1.425940871238708496e+00 3.742667198181152344e+00
0 1.042199969291687012e+00 -3.787378311157226562e+00 2.704952716827392578e+00 -3.882863044738769531e+00 1.554916501045227051e-01 -2.386008799076080322e-01 -2.227944374084472656e+00 1.355205535888671875e+00 -1.045058345794677734e+01 8.817749023437500000e+00 6.149648427963256836e-01 -5.441926121711730957e-01 -2.005679130554199219e+00
0 1.042199969291687012e+00 5.714673399925231934e-01 -6.653884649276733398e-01 3.926607370376586914e-01 4.379729747772216797e+00 3.348387002944946289e+00 -2.881806373596191406e+00 7.327441215515136719e+00 1.630399823188781738e+00 -9.665012359619140625e+00 3.910345792770385742e+00 2.862587690353393555e+00 -2.936209201812744141e+00
0 1.042199969291687012e+00 8.283246755599975586e-01 -1.878202438354492188e+00 4.346767425537109375e+00 2.685029029846191406e+00 3.930448055267333984e+00 -5.940811336040496826e-02 9.648269653320312500e+00 1.025744628906250000e+01 -1.569204425811767578e+01 2.601508617401123047e+00 3.275960206985473633e+00 -2.821067869663238525e-01
0 1.042199969291687012e+00 9.791152477264404297e-01 -2.904313087463378906e+00 -3.665970325469970703e+00 1.245968818664550781e+00 1.294046401977539062e+00 -3.494944095611572266e+00 -2.553490638732910156e+00 1.393094348907470703e+01 1.532497978210449219e+01 2.239065885543823242e+00 1.429117679595947266e+00 -4.064580440521240234e+00
0 1.042199969291687012e+00 -7.140104770660400391e-01 -3.132700920104980469e+00 -4.595209121704101562e+00 1.939382433891296387e+00 9.103746414184570312e-01 3.783273100852966309e-01 1.384874343872070312e+00 1.340785598754882812e+01 6.003428459167480469e+00 2.697026252746582031e+00 5.058617591857910156e-01 6.758103370666503906e-01
0 1.042199969291687012e+00 4.506262302398681641e+00 -2.165371417999267578e+00 3.567015171051025391e+00 -2.227776050567626953e+00 2.622736096382141113e-01 2.327570676803588867e+00 -4.724532604217529297e+00 -5.633133888244628906e+00 -4.015044212341308594e+00 -1.956990242004394531e+00 -7.443522214889526367e-01 2.074795722961425781e+00
0 1.042199969291687012e+00 4.130331993103027344e+00 1.050199866294860840e+00 2.238811016082763672e+00 -3.231985569000244141e+00 -1.978074073791503906e+00 -3.986501216888427734e+00 -1.614867019653320312e+01 8.121669769287109375e+00 -8.835985183715820312e+00 -3.418469667434692383e+00 -1.786962509155273438e+00 -3.766252040863037109e+00
0 1.042199969291687012e+00 -1.777106046676635742e+00 5.581722259521484375e-01 1.669573068618774414e+00 1.491924524307250977e+00 -4.633902072906494141e+00 -1.337093830108642578e+00 3.579993247985839844e+00 1.147424507141113281e+01 -5.861396789550781250e-01 1.946290016174316406e+00 -5.560584545135498047e+00 -1.717256307601928711e+00
0 1.042199969291687012e+00 1.372709155082702637e+00 5.256538867950439453e+00 1.687264680862426758e+00 -2.539627790451049805e+00 6.488915681838989258e-01 5.757347345352172852e-01 -7.301295280456542969e+00 -1.470681858062744141e+01 1.934487342834472656e+00 -2.181344985961914062e+00 7.237478494644165039e-01 2.582865059375762939e-01
0 1.042199969291687012e+00 3.793982028961181641e+00 4.781079769134521484e+00 -1.197836399078369141e+00 -2.678385257720947266e+00 2.212830066680908203e+00 -3.670225143432617188e+00 -1.178072357177734375e+01 -1.501579475402832031e+01 3.746363401412963867e+00 -2.791386127471923828e+00 2.133103847503662109e+00 -3.005368947982788086e+00
0 1.042199969291687012e+00 -1.862219572067260742e-01 -4.651171565055847168e-01 2.037692785263061523e+00 4.447303295135498047e+00 -4.370142936706542969e+00 1.493991374969482422e+00 1.956459045410156250e+01 9.151370048522949219e+00 2.825468444824218750e+01 3.926546335220336914e+00 -3.293994665145874023e+00 9.786700606346130371e-01
0 1.042199969291687012e+00 -6.990090608596801758e-01 5.243265151977539062e+00 2.383075237274169922e+00 2.605150699615478516e+00 -2.036470890045166016e+00 -6.965318918228149414e-01 8.506430625915527344e+00 -4.790806293487548828e+00 -6.064910888671875000e-01 3.078051805496215820e+00 -1.714874744415283203e+00 -8.240331411361694336e-01
0 1.042199969291687012e+00 4.586678504943847656e+00 -2.821892738342285156e+00 1.449656963348388672e+00 1.086600303649902344e+00 -1.147972583770751953e+00 -4.163161277770996094e+00 -9.004269599914550781e+00 -7.775297164916992188e-01 -5.622961521148681641e+00 1.704855442047119141e+00 -1.442694664001464844e+00 -4.381428718566894531e+00
0 1.042199969291687012e+00 -1.502264499664306641e+00 -2.990794658660888672e+00 -1.447662353515625000e+00 -2.047786474227905273e+00 -2.934745311737060547e+00 -4.120074272155761719e+00 -2.498831748962402344e-01 2.541621685028076172e+00 2.320570373535156250e+01 -2.698140382766723633e+00 -2.845880270004272461e+00 -4.224640369415283203e+00
0 1.042199969291687012e+00 2.262820482254028320e+00 4.700452089309692383e-01 -3.815371036529541016e+00 4.664733409881591797e+00 -8.737201690673828125e-01 -2.687996387481689453e+00 9.361257553100585938e+00 -4.780720233917236328e+00 6.831281661987304688e+00 4.171524047851562500e+00 -9.302133321762084961e-01 -1.713152289390563965e+00
0 1.042199969291687012e+00 -4.343154907226562500e+00 -1.696436107158660889e-02 -3.649440765380859375e+00 -1.667590379714965820e+00 -2.479152202606201172e+00 -5.984956026077270508e-01 1.353612518310546875e+01 -5.539377689361572266e+00 7.214328289031982422e+00 -1.734035253524780273e+00 -2.654675245285034180e+00 -6.371033191680908203e-01
0 1.042199969291687012e+00 7.459651231765747070e-01 2.613186240196228027e-01 -4.883009433746337891e+00 -2.449402093887329102e+00 -1.578254938125610352e+00 -2.760513126850128174e-01 -1.303617763519287109e+01 -1.916886210441589355e+00 1.899899482727050781e+00 -2.607409477233886719e+00 -1.020968437194824219e+00 9.599330276250839233e-02
0 1.042199969291687012e+00 -1.259969592094421387e+00 4.195920944213867188e+00 4.043677806854248047e+00 1.431777238845825195e+00 -3.918863534927368164e-01 2.077752113342285156e+00 3.239111900329589844e+00 4.428401947021484375e+00 3.798274040222167969e+00 1.253705978393554688e+00 -3.136592209339141846e-01 1.767851471900939941e+00
0 1.042199969291687012e+00 1.385047197341918945e+00 4.341223239898681641e-01 1.486374139785766602e+00 -1.322706699371337891e+00 -5.628283977508544922e+00 -1.687297582626342773e+00 -4.489903450012207031e+00 8.656732559204101562e+00 -7.604377746582031250e+00 -1.662924051284790039e+00 -5.639459133148193359e+00 -1.469117879867553711e+00
0 1.042199969291687012e+00 -4.263015747070312500e+00 3.149841547012329102e+00 -1.544502258300781250e+00 4.634409546852111816e-01 1.394342422485351562e+00 -1.992746293544769287e-01 1.322919845581054688e+00 -3.893430233001708984e+00 -1.296981811523437500e+00 6.140968799591064453e-01 1.512915134429931641e+00 3.877668082714080811e-01
0 1.042199969291687012e+00 -4.826094150543212891e+00 -7.418881356716156006e-02 1.295670866966247559e+00 -2.962963581085205078e+00 -2.084822893142700195e+00 1.959651708602905273e+00 9.191209793090820312e+00 3.829580545425415039e+00 -4.831707000732421875e+00 -3.195192813873291016e+00 -1.514809608459472656e+00 1.989844799041748047e+00
0 1.042199969291687012e+00 -2.470648050308227539e+00 1.715426519513130188e-02 -2.536651492118835449e-01 -4.715624332427978516e+00 3.706358909606933594e+00 1.944211959838867188e+00 2.589125633239746094e+00 3.714624166488647461e+00 6.553495883941650391e+00 -3.520591735839843750e+00 3.171462774276733398e+00 2.077673435211181641e+00
0 1.042199969291687012e+00 -1.604207754135131836e+00 1.639165043830871582e+00 -1.197405625134706497e-02 1.504179596900939941e+00 -4.816542625427246094e+00 2.896364688873291016e+00 5.265620708465576172e+00 -1.755001449584960938e+01 -6.638763904571533203e+00 1.275185823440551758e+00 -4.960436344146728516e+00 2.863512277603149414e+00
0 1.042199969291687012e+00 -4.894398212432861328e+00 -1.130243539810180664e+00 -2.028270483016967773e+00 2.529070854187011719e+00 -2.908440828323364258e+00 1.980447769165039062e-01 1.315234851837158203e+01 5.052818059921264648e-01 2.273729085922241211e+00 2.842144012451171875e+00 -2.133694171905517578e+00 -1.982236802577972412e-01
0 1.042199969291687012e+00 5.202558517456054688e+00 3.148653030395507812e+00 -1.090745568275451660e+00 -7.256916761398315430e-01 -3.183338165283203125e+00 8.333123326301574707e-01 -1.258417510986328125e+01 -8.612203598022460938e-01 4.072234630584716797e+00 -6.823060512542724609e-01 -2.802023410797119141e+00 5.938521623611450195e-01
0 1.042199969291687012e+00 3.591914176940917969e+00 2.243327856063842773e+00 5.268021106719970703e+00 2.813497066497802734e+00 1.041626691818237305e+00 -1.073055744171142578e+00 -5.807984828948974609e+00 -5.816781997680664062e+00 -1.162461853027343750e+01 2.725446224212646484e+00 1.014403700828552246e+00 -8.668459057807922363e-01
0 1.042199969291687012e+00 -1.397098779678344727e+00 5.211621284484863281e+00 -1.105719447135925293e+00 -4.046559631824493408e-01 -2.011841535568237305e+00 -4.434423446655273438e+00 -1.777772903442382812e-01 -1.527949333190917969e+01 3.832272529602050781e+00 -6.191426515579223633e-01 -2.183763742446899414e+00 -4.410161972045898438e+00
0 1.042199969291687012e+00 4.173596382141113281e+00 1.999814510345458984e+00 5.862511992454528809e-01 -5.312336921691894531e+00 -1.971745252609252930e+00 6.493715047836303711e-01 -2.105019378662109375e+01 -1.459601402282714844e+01 9.250084877014160156e+00 -4.356211662292480469e+00 -1.765781760215759277e+00 1.341392040252685547e+00
0 1.042199969291687012e+00 6.055530548095703125e+00 1.946885824203491211e+00 4.731324315071105957e-01 1.249228239059448242e+00 3.638229846954345703e+00 2.170257806777954102e+00 -1.450280380249023438e+01 -9.775819778442382812e+00 -4.907363653182983398e-01 1.367654561996459961e+00 3.252356052398681641e+00 2.017241716384887695e+00
0 1.042199969291687012e+00 3.792551040649414062e+00 -1.299689531326293945e+00 6.446430683135986328e-01 -2.203530550003051758e+00 -3.828645229339599609e+00 3.626597404479980469e+00 -1.450848007202148438e+01 3.172215461730957031e+00 -5.071561813354492188e+00 -2.317376375198364258e+00 -3.444893121719360352e+00 3.244616508483886719e+00
0 1.042199969291687012e+00 1.846752464771270752e-01 8.188083171844482422e-01 6.381627559661865234e+00 -1.192975759506225586e+00 -1.330552816390991211e+00 -1.814910888671875000e+00 -1.482297897338867188e+00 7.880115032196044922e+00 -7.508779048919677734e+00 -1.690948724746704102e+00 -1.055052757263183594e+00 -1.545421838760375977e+00
0 1.042199969291687012e+00 -1.470042586326599121e+00 2.171579599380493164e+00 5.644144058227539062e+00 8.990781307220458984e-01 2.379570484161376953e+00 -4.342270374298095703e+00 9.745081663131713867e-01 -8.301258087158203125e+00 -1.913557052612304688e+01 6.778847575187683105e-01 2.384984016418457031e+00 -3.482342481613159180e+00
0 1.042199969291687012e+00 -2.253744840621948242e+00 5.101946353912353516e+00 9.626184701919555664e-01 4.535362720489501953e+00 1.124852657318115234e+00 1.192124128341674805e+00 3.614953041076660156e+00 -1.221182250976562500e+01 -7.791468620300292969e+00 4.296017169952392578e+00 1.094008922576904297e+00 6.190788745880126953e-01
0 1.042199969291687012e+00 7.907326221466064453e-01 -1.639644384384155273e+00 -5.219636917114257812e+00 2.301311790943145752e-01 -4.116263389587402344e+00 1.997848272323608398e+00 1.178251504898071289e+00 5.235099792480468750e-02 1.384321117401123047e+01 4.694202542304992676e-01 -3.679561853408813477e+00 1.574796557426452637e+00
0 1.042199969291687012e+00 -1.208423972129821777e+00 -8.587920665740966797e-01 7.664343118667602539e-01 2.734594106674194336e+00 5.533726215362548828e+00 1.773019552230834961e+00 -2.233742141723632812e+01 -1.429664993286132812e+01 -2.510497093200683594e+01 2.649957418441772461e+00 4.830280303955078125e+00 2.127820730209350586e+00
0 1.042199969291687012e+00 -2.269440174102783203e+00 1.861539840698242188e+00 -5.094176292419433594e+00 8.740421533584594727e-01 8.244249820709228516e-01 4.879528999328613281e+00 1.042909622192382812e-01 -1.003662872314453125e+01 1.031169700622558594e+01 7.704756259918212891e-01 -5.151358246803283691e-02 3.938511133193969727e+00
0 1.042199969291687012e+00 5.151142120361328125e+00 -1.896733283996582031e+00 -6.307066082954406738e-01 1.221841692924499512e+00 4.751426696777343750e+00 -2.286214590072631836e+00 -1.225956535339355469e+01 1.056316375732421875e+01 -1.641055345535278320e-01 8.016591668128967285e-01 4.074552059173583984e+00 -2.141671895980834961e+00
0 1.042199969291687012e+00 6.204085350036621094e+00 -5.107387155294418335e-02 -5.913853645324707031e-01 1.670031309127807617e+00 -1.301820278167724609e-01 -1.065641939640045166e-01 -8.373361587524414062e+00 3.189064979553222656e+00 4.027717113494873047e+00 1.779432058334350586e+00 -5.426779985427856445e-01 1.020669192075729370e-01
0 1.042199969291687012e+00 1.227054834365844727e+00 -1.254275679588317871e+00 2.724816083908081055e+00 6.061520099639892578e+00 8.336122035980224609e-01 -1.929956793785095215e+00 7.282948017120361328e+00 -2.563014745712280273e+00 -1.201772499084472656e+01 4.453157901763916016e+00 4.953345283865928650e-02 -9.163373112678527832e-01
0 1.042199969291687012e+00 -3.829180717468261719e+00 3.745373725891113281e+00 2.057373762130737305e+00 -2.542112827301025391e+00 -5.534953117370605469e+00 7.019838094711303711e-01 1.349812221527099609e+01 -1.258636665344238281e+01 -1.314608192443847656e+01 -1.706287145614624023e+00 -3.585936784744262695e+00 5.749332308769226074e-01
0 1.042199969291687012e+00 -8.275952339172363281e-01 -3.355673789978027344e+00 2.533161342144012451e-01 -2.900849819183349609e+00 1.202785611152648926e+00 -4.379876613616943359e+00 -9.976164817810058594e+00 3.143746852874755859e+00 -7.162853717803955078e+00 -3.546474933624267578e+00 8.479050397872924805e-01 -4.662225723266601562e+00
0 1.042199969291687012e+00 -4.612409114837646484e+00 6.607968807220458984e-01 -5.187121033668518066e-01 -1.882668495178222656e+00 2.686011314392089844e+00 -3.434888362884521484e+00 3.245601654052734375e-01 1.082803153991699219e+01 3.556311130523681641e-02 -2.814706563949584961e+00 2.642973423004150391e+00 -3.454745531082153320e+00
0 1.042199969291687012e+00 -3.574162006378173828e+00 -2.729079961776733398e+00 1.156644344329833984e+00 1.343921422958374023e+00 5.931156873703002930e-01 4.468922138214111328e+00 9.157824516296386719e+00 8.808202743530273438e+00 7.046053886413574219e+00 1.411501646041870117e+00 3.051375448703765869e-01 4.396172523498535156e+00
0 1.042199969291687012e+00 2.992636680603027344e+00 -3.093462467193603516e+00 -2.655548572540283203e+00 -1.040614843368530273e+00 1.873185634613037109e+00 5.324254989624023438e+00 -5.058535575866699219e+00 -3.660659790039062500e-01 -2.256244182586669922e+00 -1.184315443038940430e+00 1.414066910743713379e+00 4.117194175720214844e+00
1 1.042199969291687012e+00 -2.166419982910156250e+00 -1.839856147766113281e+00 -4.955101966857910156e+00 -2.205758169293403625e-02 6.051022529602050781e+00 -2.589346766471862793e-01 6.147500514984130859e+00 9.187009811401367188e+00 5.835059165954589844e+00 -8.406921625137329102e-01 4.707176208496093750e+00 5.489272475242614746e-01
1 1.042199969291687012e+00 2.832734107971191406e+00 1.019109725952148438e+00 3.979236602783203125e+00 2.404255390167236328e+00 3.399553298950195312e+00 2.536885738372802734e+00 -5.715538024902343750e+00 -5.871703624725341797e+00 -1.661344146728515625e+01 2.180081605911254883e+00 3.668607950210571289e+00 2.459767818450927734e+00
1 1.042199969291687012e+00 -1.514191031455993652e-01 -2.030335903167724609e+00 -2.346684932708740234e+00 -5.523187160491943359e+00 2.346861124038696289e+00 7.063788175582885742e-01 -1.630495643615722656e+01 2.200271987915039062e+01 -1.167747211456298828e+01 -5.827360630035400391e+00 2.122041702270507812e+00 1.616724252700805664e+00
1 1.042199969291687012e+00 7.775731384754180908e-02 1.362816214561462402e+00 -1.579631567001342773e+00 1.286659240722656250e+00 8.538984060287475586e-01 7.119004249572753906e+00 -7.652266502380371094e+00 -3.946886062622070312e-01 -8.968033790588378906e-01 1.250168085098266602e+00 6.332682371139526367e-01 6.147278308868408203e+00
1 1.042199969291687012e+00 2.368689179420471191e-01 3.018496513366699219e+00 4.952236175537109375e+00 2.609208345413208008e+00 -4.584990024566650391e+00 -2.272730588912963867e+00 -2.183767080307006836e+00 -6.044158935546875000e-01 -1.747470664978027344e+01 1.772415399551391602e+00 -3.833430051803588867e+00 -2.342191457748413086e+00
1 1.042199969291687012e+00 1.215740680694580078e+00 -4.899538516998291016e+00 2.138090610504150391e+00 -2.542955636978149414e+00 -3.823579788208007812e+00 -3.059233665466308594e+00 2.612522602081298828e+00 1.611258316040039062e+01 -5.615505218505859375e+00 -2.343191623687744141e+00 -3.192336559295654297e+00 -3.085427284240722656e+00
1 1.042199969291687012e+00 -3.182256221771240234e-01 -5.086086392402648926e-01 3.866376876831054688e+00 5.910755634307861328e+00 -1.549270153045654297e+00 -3.166733980178833008e+00 1.293777275085449219e+01 1.870659589767456055e+00 -7.815083503723144531e+00 5.567779541015625000e+00 -1.249296307563781738e+00 -2.360683202743530273e+00
1 1.042199969291687012e+00 -1.427670955657958984e+00 -1.893419504165649414e+00 4.564228534698486328e+00 -1.559311628341674805e+00 -2.934193134307861328e+00 -3.406479954719543457e-04 -3.461865425109863281e+00 1.683213615417480469e+01 -2.479129409790039062e+01 -1.241142272949218750e+00 -2.805694818496704102e+00 1.833379119634628296e-01
1 1.042199969291687012e+00 -3.462252616882324219e+00 2.971506416797637939e-01 2.658411026000976562e+00 -1.705850839614868164e+00 -4.988928318023681641e+00 -1.018992662429809570e+00 9.864641189575195312e+00 7.668427824974060059e-01 -5.383980274200439453e+00 -1.402496814727783203e+00 -4.204096794128417969e+00 -7.844424843788146973e-01
1 1.042199969291687012e+00 -1.428118944168090820e+00 2.394831418991088867e+00 3.742997646331787109e+00 -1.786257266998291016e+00 -2.262760162353515625e+00 -5.506774902343750000e+00 -4.552576541900634766e-01 -3.734566116333007812e+01 -3.382752418518066406e+00 -1.357780337333679199e+00 -1.932716369628906250e+00 -4.380910396575927734e+00
1 1.042199969291687012e+00 -2.650103092193603516e+00 1.963035583496093750e+00 2.451436996459960938e+00 3.457808256149291992e+00 4.254989624023437500e+00 1.489715814590454102e+00 7.856646537780761719e+00 7.524699211120605469e+00 -7.902337074279785156e+00 3.322412490844726562e+00 4.252014636993408203e+00 1.216097354888916016e+00
1 1.042199969291687012e+00 4.022531032562255859e+00 -3.674424290657043457e-01 -9.801659584045410156e-01 -1.948613405227661133e+00 4.046373844146728516e+00 4.081298828125000000e+00 -2.162579059600830078e+00 1.275923824310302734e+01 7.307404041290283203e+00 -1.634587168693542480e+00 3.974429607391357422e+00 3.913980960845947266e+00
1 1.042199969291687012e+00 -1.764672040939331055e+00 -2.365383625030517578e+00 -3.052391767501831055e+00 3.723903656005859375e+00 5.920783877372741699e-01 -4.953302145004272461e-01 9.741424560546875000e+00 2.282814979553222656e+00 -1.863259506225585938e+01 4.061560630798339844e+00 6.898103654384613037e-02 -3.020723164081573486e-01
1 1.042199969291687012e+00 3.098531723022460938e+00 1.203140914440155029e-01 5.674322605133056641e+00 -2.926868677139282227e+00 2.117522954940795898e+00 5.521085262298583984e-01 -9.844024658203125000e+00 4.022449493408203125e+00 -1.188859462738037109e+01 -2.913606882095336914e+00 1.597378849983215332e+00 6.250773072242736816e-01
1 1.042199969291687012e+00 2.306436777114868164e+00 -5.712732076644897461e-01 -5.444332957267761230e-01 -5.984170913696289062e+00 -3.061055183410644531e+00 1.180697441101074219e+00 -2.545946121215820312e+01 1.611578178405761719e+01 5.853010654449462891e+00 -5.581084728240966797e+00 -2.768864393234252930e+00 1.680669784545898438e+00
1 1.042199969291687012e+00 1.299841403961181641e+00 2.101626157760620117e+00 3.585353851318359375e+00 -5.367486000061035156e+00 -1.181314468383789062e+00 -2.034159183502197266e+00 -1.632095146179199219e+01 7.997961521148681641e+00 -7.886235237121582031e+00 -5.082262516021728516e+00 -1.667706966400146484e+00 -1.816785216331481934e+00
1 1.042199969291687012e+00 4.873255252838134766e+00 1.548758268356323242e+00 3.874187469482421875e+00 -2.481054067611694336e+00 -1.166602969169616699e+00 -9.294176101684570312e-01 -4.122759819030761719e+00 -7.830146312713623047e+00 -3.704739093780517578e+00 -1.824678182601928711e+00 -1.780785202980041504e+00 -1.394911408424377441e+00
1 1.042199969291687012e+00 2.029933452606201172e+00 2.126734733581542969e+00 -2.770974397659301758e+00 4.746146202087402344e-01 5.315323829650878906e+00 4.301496505737304688e+00 9.134037017822265625e+00 -1.654558372497558594e+01 8.435535430908203125e+00 5.048112273216247559e-01 4.586634159088134766e+00 3.075433969497680664e+00
1 1.042199969291687012e+00 -2.624061703681945801e-01 1.240161418914794922e+00 2.696712493896484375e+00 -5.581927776336669922e+00 4.622034430503845215e-01 3.567954778671264648e+00 -5.365545749664306641e+00 -8.570949554443359375e+00 2.201176643371582031e+00 -5.536450386047363281e+00 7.194141745567321777e-01 2.987656354904174805e+00
1 1.042199969291687012e+00 -3.300132274627685547e+00 1.337098956108093262e+00 4.240555286407470703e+00 1.040151476860046387e+00 -2.225972414016723633e+00 -2.205541849136352539e+00 1.115188789367675781e+01 2.707651376724243164e+00 -8.213138580322265625e-02 -3.440658748149871826e-02 -1.762582540512084961e+00 -1.862174510955810547e+00
1 1.042199969291687012e+00 1.576937556266784668e+00 3.692198276519775391e+00 3.868654370307922363e-01 -5.443585395812988281e+00 2.543116331100463867e+00 -2.043416023254394531e+00 -7.850203514099121094e+00 -2.408657455444335938e+01 6.464699268341064453e+00 -5.152574539184570312e+00 2.637316226959228516e+00 -2.059790372848510742e+00
1 1.042199969291687012e+00 -2.521663188934326172e+00 3.627428531646728516e+00 -9.374067783355712891e-01 2.759072780609130859e+00 -5.103922843933105469e+00 1.658700108528137207e-01 -4.843659400939941406e+00 1.372230529785156250e+00 1.220194816589355469e+01 1.809568762779235840e+00 -3.881105899810791016e+00 5.599616765975952148e-01
1 1.042199969291687012e+00 -1.700618863105773926e+00 -2.363667488098144531e+00 1.572695493698120117e+00 -2.644445180892944336e+00 2.237566232681274414e+00 6.460526466369628906e+00 8.227862358093261719e+00 -6.771962165832519531e+00 -8.294876098632812500e+00 -2.204635620117187500e+00 1.609844923019409180e+00 4.681457519531250000e+00
1 1.042199969291687012e+00 5.054155826568603516e+00 2.716365814208984375e+00 2.167102575302124023e+00 3.888012647628784180e+00 -1.423358440399169922e+00 -1.069835662841796875e+00 -8.810998916625976562e+00 -8.088830947875976562e+00 -3.884818077087402344e+00 3.402384996414184570e+00 -1.052784800529479980e+00 -1.146216869354248047e+00
1 1.042199969291687012e+00 -1.218581438064575195e+00 3.702498912811279297e+00 2.466612756252288818e-01 4.526026725769042969e+00 1.065981864929199219e+00 -5.047645568847656250e+00 8.814826011657714844e-01 -4.870417118072509766e+00 -1.019624519348144531e+01 3.905493497848510742e+00 6.935547590255737305e-01 -4.638916492462158203e+00
1 1.042199969291687012e+00 -4.191534042358398438e+00 -1.481068849563598633e+00 2.567620277404785156e+00 2.333194971084594727e+00 1.897848248481750488e+00 -1.823739290237426758e+00 3.190545082092285156e+00 2.534593105316162109e+00 4.528074264526367188e-01 1.873891830444335938e+00 1.755603313446044922e+00 -1.526642560958862305e+00
1 1.042199969291687012e+00 -2.717143297195434570e+00 -3.622509002685546875e+00 -4.042307853698730469e+00 -1.095120608806610107e-01 -1.482735872268676758e+00 1.254825294017791748e-01 6.941442966461181641e+00 3.528792858123779297e+00 9.942999839782714844e+00 1.298907995223999023e+00 -2.098274469375610352e+00 3.175586760044097900e-01
1 1.042199969291687012e+00 -1.041913628578186035e+00 2.340174913406372070e+00 1.525736927986145020e+00 2.465827465057373047e-01 1.530062913894653320e+00 -5.412240028381347656e+00 -9.682699203491210938e+00 -2.751558780670166016e+00 1.720685768127441406e+01 -3.990229666233062744e-01 1.159232854843139648e+00 -5.586476802825927734e+00
1 1.042199969291687012e+00 -1.247058272361755371e+00 -3.708086490631103516e+00 3.687666893005371094e+00 -1.730783224105834961e+00 5.513123273849487305e-01 1.727683782577514648e+00 4.407768249511718750e+00 9.032749176025390625e+00 -1.291652297973632812e+01 -1.796115517616271973e+00 6.908246278762817383e-01 2.138339996337890625e+00
1 1.042199969291687012e+00 1.712709426879882812e+00 1.765400886535644531e+00 5.329253196716308594e+00 2.585256338119506836e+00 -1.438327074050903320e+00 -4.404687881469726562e+00 -6.117349147796630859e+00 -1.346621274948120117e+00 3.563444137573242188e+00 1.208577156066894531e+00 -1.192344903945922852e+00 -4.311719894409179688e+00
1 1.042199969291687012e+00 6.994883716106414795e-02 3.862353801727294922e+00 1.387537002563476562e+00 -3.221106052398681641e+00 -2.169141292572021484e+00 2.924337148666381836e+00 1.715729522705078125e+01 -6.379474639892578125e+00 -5.382744789123535156e+00 -3.665900468826293945e+00 -2.090043783187866211e+00 2.372891187667846680e+00
1 1.042199969291687012e+00 -1.579319238662719727e+00 1.651994287967681885e-01 5.294870376586914062e+00 -1.111135333776473999e-01 2.379735469818115234e+00 -7.573326826095581055e-01 9.242200851440429688e-01 -2.457816123962402344e+00 -1.849238395690917969e+00 -5.755923390388488770e-01 2.846301555633544922e+00 -1.324498534202575684e+00
1 1.042199969291687012e+00 1.899354755878448486e-01 -2.142572879791259766e+00 1.209571480751037598e+00 2.014366149902343750e+00 -6.067562103271484375e+00 -1.507190227508544922e+00 8.628754615783691406e+00 1.530826377868652344e+01 -3.930974245071411133e+00 1.562293529510498047e+00 -5.594089031219482422e+00 -1.724675655364990234e+00
1 1.042199969291687012e+00 -1.856803178787231445e+00 3.786523342132568359e+00 2.253733634948730469e+00 -3.321444749832153320e+00 5.180828094482421875e+00 -6.300379037857055664e-01 1.764442205429077148e+00 -2.176068115234375000e+01 -5.052298545837402344e+00 -2.507750749588012695e+00 5.307533740997314453e+00 -8.845619559288024902e-01
1 1.042199969291687012e+00 -2.702649831771850586e+00 2.810866117477416992e+00 7.792667150497436523e-01 3.645641207695007324e-01 5.472867012023925781e+00 -2.763909339904785156e+00 -6.917896270751953125e-01 1.262646865844726562e+01 -5.607268810272216797e-01 -3.214813768863677979e-01 5.526280403137207031e+00 -2.266082763671875000e+00
1 1.042199969291687012e+00 2.839777469635009766e+00 -1.849001646041870117e-01 2.451209068298339844e+00 2.529997348785400391e+00 6.459147930145263672e+00 -5.576384067535400391e-01 -5.680230617523193359e+00 -3.639814615249633789e+00 -3.318880558013916016e+00 2.147269487380981445e+00 5.468425750732421875e+00 -5.890834927558898926e-01
1 1.042199969291687012e+00 4.205584526062011719e+00 -2.619119882583618164e-01 4.012564182281494141e+00 1.389398574829101562e+00 -2.121084690093994141e+00 1.382145881652832031e+00 9.375886917114257812e-01 5.055643081665039062e+00 -8.868617057800292969e+00 1.497564673423767090e+00 -2.762321710586547852e+00 8.771377801895141602e-01
1 1.042199969291687012e+00 -1.024599671363830566e+00 -2.491749227046966553e-01 -5.728311538696289062e+00 -1.647276639938354492e+00 1.751943588256835938e+00 2.139045715332031250e+00 5.266820907592773438e+00 -1.632860422134399414e+00 3.945227622985839844e+00 -1.336264610290527344e+00 1.971997857093811035e+00 2.018229246139526367e+00
1 1.042199969291687012e+00 -7.258451581001281738e-01 1.304800212383270264e-01 -6.289212107658386230e-01 -4.600829124450683594e+00 -1.655282020568847656e+00 -4.665630340576171875e+00 7.102963447570800781e+00 4.723190307617187500e+00 -7.345664501190185547e+00 -3.733436822891235352e+00 -2.204182624816894531e+00 -4.715676307678222656e+00
1 1.042199969291687012e+00 1.518101453781127930e+00 -2.925761699676513672e+00 2.258701562881469727e+00 -3.503768444061279297e+00 4.322854995727539062e+00 2.479187011718750000e+00 -7.814528465270996094e+00 -1.265527248382568359e+00 -2.037640571594238281e+01 -3.887041807174682617e+00 4.458371162414550781e+00 2.513408422470092773e+00
1 1.042199969291687012e+00 1.134173274040222168e+00 8.429963588714599609e-01 -2.972080111503601074e-01 1.777810096740722656e+00 -6.560671806335449219e+00 2.715342521667480469e+00 6.423234939575195312e+00 -1.813332200050354004e+00 1.398681735992431641e+01 1.035176396369934082e+00 -5.638849735260009766e+00 2.260632276535034180e+00
1 1.042199969291687012e+00 1.405598640441894531e+00 -2.129905462265014648e+00 -2.741216719150543213e-01 5.123400211334228516e+00 -4.151211738586425781e+00 -1.565453290939331055e+00 -1.901204109191894531e+01 6.604002475738525391e+00 1.960948944091796875e+00 4.843211650848388672e+00 -3.361391782760620117e+00 -1.636035680770874023e+00
1 1.042199969291687012e+00 -2.552531659603118896e-01 8.740906715393066406e-01 8.458194732666015625e-01 5.969917774200439453e+00 1.590044140815734863e+00 -2.084704399108886719e+00 1.657099151611328125e+01 5.105163097381591797e+00 9.943711280822753906e+00 6.635106086730957031e+00 1.802391290664672852e+00 -1.484926342964172363e+00
1 1.042199969291687012e+00 4.136366367340087891e+00 -3.544628620147705078e+00 -4.438851475715637207e-01 3.035094499588012695e+00 8.136781454086303711e-01 2.948530673980712891e+00 -5.658629417419433594e+00 3.207544088363647461e+00 6.165431976318359375e+00 2.699326992034912109e+00 8.131982088088989258e-01 2.858557701110839844e+00
1 1.042199969291687012e+00 3.622141838073730469e+00 2.758912086486816406e+00 -2.162633419036865234e+00 -2.038338661193847656e+00 2.940238952636718750e+00 -3.059135198593139648e+00 -6.925537586212158203e+00 6.815034866333007812e+00 4.918834209442138672e+00 -1.582496643066406250e+00 2.711074113845825195e+00 -3.037676572799682617e+00
1 1.042199969291687012e+00 -5.398596525192260742e-01 -1.294510066509246826e-01 -2.539524078369140625e+00 2.597861289978027344e+00 4.717733860015869141e+00 -4.337531566619873047e+00 4.402584075927734375e+00 -9.179862022399902344e+00 -1.988647937774658203e+00 2.760919094085693359e+00 4.518502712249755859e+00 -3.984571933746337891e+00
1 1.042199969291687012e+00 4.852932453155517578e+00 3.934280395507812500e+00 6.751518845558166504e-01 2.154713630676269531e+00 8.846496939659118652e-01 1.577995777130126953e+00 -1.866489028930664062e+01 -1.076029109954833984e+01 -6.036803722381591797e+00 2.323790073394775391e+00 5.726514458656311035e-01 1.924426794052124023e+00
1 1.042199969291687012e+00 -8.353757113218307495e-02 3.135848522186279297e+00 2.962391614913940430e+00 -3.398703098297119141e+00 1.462095260620117188e+00 -6.032500267028808594e+00 8.275011062622070312e+00 -9.852478981018066406e+00 -7.267894744873046875e-01 -2.449131488800048828e+00 1.364755630493164062e+00 -4.224484920501708984e+00
1 1.042199969291687012e+00 -3.004126071929931641e+00 -8.371853828430175781e-01 1.293084740638732910e+00 2.540801048278808594e+00 -4.132594108581542969e+00 4.219367027282714844e+00 1.783884048461914062e+01 -8.640001296997070312e+00 -1.323215484619140625e+01 2.143170595169067383e+00 -3.589631319046020508e+00 3.797693967819213867e+00
1 1.042199969291687012e+00 1.218229055404663086e+00 4.018024206161499023e-01 3.213942050933837891e+00 -1.818167924880981445e+00 -5.159777164459228516e+00 4.329730033874511719e+00 -3.964038133621215820e+00 -3.417696714401245117e+00 1.334663867950439453e+01 -2.040136575698852539e+00 -4.744847297668457031e+00 3.593257665634155273e+00
1 1.042199969291687012e+00 2.043690443038940430e+00 -1.230140447616577148e+00 1.176848053932189941e+00 3.448893070220947266e+00 -1.609371781349182129e+00 5.065261840820312500e+00 -5.819837570190429688e+00 1.382883429527282715e+00 -1.129758453369140625e+01 3.901191473007202148e+00 -1.425253629684448242e+00 5.763706684112548828e+00
1 1.042199969291687012e+00 7.146047353744506836e-01 4.640383243560791016e+00 3.741719245910644531e+00 -2.843330383300781250e+00 2.825096368789672852e+00 2.771492242813110352e+00 4.937579154968261719e+00 -7.901491165161132812e+00 -1.779343032836914062e+01 -2.877159118652343750e+00 1.897557258605957031e+00 2.502300977706909180e+00
1 1.042199969291687012e+00 5.296127796173095703e-01 1.163496613502502441e+00 -3.308384895324707031e+00 -1.568362236022949219e+00 -5.243828773498535156e+00 2.268520593643188477e+00 2.914447069168090820e+00 -5.575287342071533203e+00 3.833972930908203125e+00 -1.836359620094299316e+00 -4.925893783569335938e+00 2.054779052734375000e+00
1 1.042199969291687012e+00 4.473983764648437500e+00 -1.836896657943725586e+00 -2.481837272644042969e+00 -3.411148861050605774e-02 -3.025480985641479492e+00 -9.424709081649780273e-01 -1.992962265014648438e+01 -1.358932685852050781e+01 3.942048788070678711e+00 7.599112987518310547e-01 -2.758270740509033203e+00 -1.307644844055175781e+00
1 1.042199969291687012e+00 -9.894502162933349609e-01 2.093706607818603516e+00 -3.132349491119384766e+00 -6.353826522827148438e+00 7.954671382904052734e-01 3.753926455974578857e-01 -1.145888900756835938e+01 -1.452297210693359375e+00 1.907926750183105469e+01 -5.591058731079101562e+00 2.161605060100555420e-01 1.239695310592651367e+00
1 1.042199969291687012e+00 2.489003658294677734e+00 -9.309942722320556641e-01 4.017951488494873047e+00 3.567559719085693359e-01 -1.942136049270629883e+00 5.268584251403808594e+00 -9.943202018737792969e+00 -1.668012046813964844e+01 -5.556140899658203125e+00 6.685622781515121460e-02 -1.479172468185424805e+00 5.695396423339843750e+00
1 1.042199969291687012e+00 1.231832981109619141e+00 -4.439558982849121094e+00 -2.453763484954833984e+00 -3.335177898406982422e+00 -1.011760711669921875e+00 2.216983318328857422e+00 1.729271411895751953e+00 1.149251461029052734e+01 -4.417658805847167969e+00 -4.110842704772949219e+00 -1.079097747802734375e+00 2.431747198104858398e+00
1 1.042199969291687012e+00 -1.137890100479125977e+00 5.446437597274780273e-01 -4.073832988739013672e+00 7.329939603805541992e-01 3.714727878570556641e+00 -2.140669584274291992e+00 -1.251876354217529297e-01 1.911029338836669922e+00 1.489469909667968750e+01 1.512235850095748901e-01 2.940789222717285156e+00 -1.845002770423889160e+00
1 1.042199969291687012e+00 2.846119403839111328e+00 -8.229254484176635742e-01 -2.372240543365478516e+00 -4.001667022705078125e+00 4.171467781066894531e+00 -7.106558084487915039e-01 -2.195518493652343750e+01 6.744219779968261719e+00 -1.066719532012939453e+00 -3.692559003829956055e+00 4.914996623992919922e+00 -7.668804526329040527e-01
1 1.042199969291687012e+00 -4.431683421134948730e-01 -1.799045085906982422e+00 -5.521458983421325684e-01 -4.326448917388916016e+00 -4.438403129577636719e+00 -1.343241035938262939e-01 5.351685047149658203e+00 1.314513206481933594e+00 2.446467399597167969e+00 -4.656901359558105469e+00 -4.699737071990966797e+00 1.528641730546951294e-01
1 1.042199969291687012e+00 1.068198323249816895e+00 -8.300576210021972656e-01 -3.241339206695556641e+00 2.999429702758789062e+00 5.389670372009277344e+00 2.385126948356628418e-01 -7.413696289062500000e+00 2.660331487655639648e+00 2.100708007812500000e+00 3.286455631256103516e+00 4.892460823059082031e+00 5.663086771965026855e-01
1 1.042199969291687012e+00 -2.950575113296508789e+00 -7.843067049980163574e-01 4.145377159118652344e+00 4.243130683898925781e+00 -1.157215833663940430e+00 2.574143409729003906e+00 -2.746376514434814453e+00 -4.303779602050781250e-01 -5.921187400817871094e-01 4.354648590087890625e+00 -7.497715950012207031e-01 1.651439666748046875e+00
1 1.042199969291687012e+00 2.008439779281616211e+00 4.030202388763427734e+00 -1.681144475936889648e+00 -1.206588447093963623e-01 -3.687698841094970703e-01 4.227669715881347656e+00 1.218560028076171875e+01 -1.021109580993652344e+01 3.156174182891845703e+00 -8.069828152656555176e-02 -8.505962491035461426e-01 4.175457477569580078e+00
1 1.042199969291687012e+00 -3.896782875061035156e+00 4.414194107055664062e+00 9.179095923900604248e-02 -1.355967283248901367e+00 5.381079912185668945e-01 -5.779753923416137695e-01 1.071687698364257812e+01 -1.457566452026367188e+01 5.128440856933593750e-01 -1.768210291862487793e+00 1.999294906854629517e-01 -7.846889495849609375e-01
1 1.042199969291687012e+00 -1.907453298568725586e+00 3.432608127593994141e+00 -4.145380973815917969e+00 -4.520703554153442383e-01 -2.553744912147521973e-01 -3.757931470870971680e+00 1.797241687774658203e+00 -1.067749023437500000e+00 1.061106586456298828e+01 -6.806370615959167480e-01 -5.954948067665100098e-01 -3.377419948577880859e+00
1 1.042199969291687012e+00 2.709902286529541016e+00 -2.850223064422607422e+00 6.971943378448486328e-01 -5.513739585876464844e-01 -2.326585531234741211e+00 -4.942863941192626953e+00 3.531197547912597656e+00 -2.860466957092285156e+00 9.701110839843750000e+00 -3.240768909454345703e-01 -1.992004513740539551e+00 -4.689016819000244141e+00
1 1.042199969291687012e+00 5.946373939514160156e+00 6.341261267662048340e-01 2.199500560760498047e+00 -1.950863838195800781e+00 8.349557220935821533e-02 -9.505034089088439941e-01 -5.887251853942871094e+00 2.387856006622314453e+00 -6.740425109863281250e+00 -1.221099138259887695e+00 -3.864552825689315796e-02 -1.637371301651000977e+00
1 1.042199969291687012e+00 4.866328716278076172e+00 2.295714020729064941e-01 6.203643679618835449e-01 -1.684181392192840576e-01 5.017756938934326172e+00 -7.262626886367797852e-01 -1.588105869293212891e+01 7.631007194519042969e+00 1.423940062522888184e+00 -8.473878502845764160e-01 5.163284301757812500e+00 -4.384231269359588623e-01
1 1.042199969291687012e+00 -3.123508453369140625e+00 1.718033790588378906e+00 -8.972588777542114258e-01 5.100597858428955078e+00 3.413413524627685547e+00 -2.030659437179565430e+00 9.192886352539062500e+00 2.627130985260009766e+00 -9.263004302978515625e+00 4.865069389343261719e+00 3.592781066894531250e+00 -1.368276596069335938e+00
1 1.042199969291687012e+00 3.143636941909790039e+00 -2.034004211425781250e+00 2.380754709243774414e+00 6.694465637207031250e+00 1.827417850494384766e+00 2.227435588836669922e+00 -2.338095283508300781e+01 2.180320739746093750e+01 9.436993598937988281e-01 4.507116794586181641e+00 1.017096638679504395e+00 1.203363299369812012e+00
1 1.042199969291687012e+00 5.435968041419982910e-01 5.069823265075683594e+00 -2.406938076019287109e+00 -4.547142982482910156e+00 -2.619762420654296875e+00 -1.207340717315673828e+00 1.474074959754943848e+00 -6.774837493896484375e+00 -4.684252738952636719e+00 -3.586391448974609375e+00 -2.553083419799804688e+00 -8.474875688552856445e-01
1 1.042199969291687012e+00 -3.314760208129882812e+00 -6.105559319257736206e-02 -1.865662574768066406e+00 3.881906509399414062e+00 -1.484126091003417969e+00 -4.091495037078857422e+00 5.134367465972900391e+00 -7.290708541870117188e+00 7.460536956787109375e+00 3.318167448043823242e+00 -1.700345754623413086e+00 -4.057968139648437500e+00
1 1.042199969291687012e+00 2.448249578475952148e+00 1.662257432937622070e+00 2.302580356597900391e+00 -1.052025556564331055e+00 1.624948978424072266e+00 4.826740741729736328e+00 -1.052048206329345703e+00 -6.979520797729492188e+00 -1.726750755310058594e+01 -9.714808464050292969e-01 1.529346466064453125e+00 5.347950935363769531e+00
1 1.042199969291687012e+00 -8.461196720600128174e-02 1.190620422363281250e+00 4.559926509857177734e+00 -3.643941402435302734e+00 -2.274453163146972656e+00 3.369556903839111328e+00 -4.585180282592773438e+00 3.860248088836669922e+00 -2.871923065185546875e+01 -4.083197116851806641e+00 -2.127702713012695312e+00 2.831466436386108398e+00
1 1.042199969291687012e+00 -3.091274738311767578e+00 3.290975093841552734e+00 3.828521728515625000e+00 8.376986980438232422e-01 -6.937899589538574219e-01 2.417549133300781250e+00 4.115630149841308594e+00 -5.776401042938232422e+00 -6.927577018737792969e+00 7.660556435585021973e-01 -1.491199970245361328e+00 1.782934188842773438e+00
1 1.042199969291687012e+00 -9.896367788314819336e-01 -4.859738349914550781e+00 -1.102396845817565918e+00 1.237409487366676331e-01 -2.770619869232177734e+00 3.236791610717773438e+00 5.713371276855468750e+00 1.830061721801757812e+01 4.183671951293945312e+00 3.998306393623352051e-01 -2.902423143386840820e+00 2.558057069778442383e+00
1 1.042199969291687012e+00 -6.228572726249694824e-01 -1.206804275512695312e+00 -4.078150749206542969e+00 3.520630121231079102e+00 -8.409506678581237793e-01 2.333864927291870117e+00 1.224041366577148438e+01 -6.413550376892089844e+00 2.766189384460449219e+01 3.150611877441406250e+00 -1.320174217224121094e+00 1.567271113395690918e+00
1 1.042199969291687012e+00 -2.582851648330688477e+00 -3.936545372009277344e+00 -9.941406548023223877e-02 -2.492283821105957031e+00 1.211786508560180664e+00 -2.086887359619140625e+00 7.859640598297119141e+00 4.081466197967529297e+00 -5.547361850738525391e+00 -2.142819643020629883e+00 1.301455140113830566e+00 -2.582654714584350586e+00
1 1.042199969291687012e+00 -2.768341302871704102e+00 1.098276019096374512e+00 -3.334875106811523438e+00 3.658823013305664062e+00 1.835698634386062622e-02 4.581783771514892578e+00 1.382831096649169922e+00 7.380100250244140625e+00 5.322557926177978516e+00 3.688542842864990234e+00 4.762604236602783203e-01 4.390089035034179688e+00
1 1.042199969291687012e+00 8.288078308105468750e-01 2.181329250335693359e+00 1.633874416351318359e+00 -2.353796482086181641e+00 -7.034631252288818359e+00 -1.380742937326431274e-01 -4.521403789520263672e+00 -1.898254394531250000e+01 -5.900761604309082031e+00 -2.054785490036010742e+00 -5.596608161926269531e+00 3.665089905261993408e-01
1 1.042199969291687012e+00 -1.763207435607910156e+00 9.501482248306274414e-01 -1.876632928848266602e+00 4.915679931640625000e+00 3.384905815124511719e+00 2.056766986846923828e+00 3.198128700256347656e+00 5.410694122314453125e+00 1.678379631042480469e+01 5.204173564910888672e+00 2.823619365692138672e+00 2.021333932876586914e+00
1 1.042199969291687012e+00 2.200208187103271484e+00 1.963651657104492188e+00 5.598705410957336426e-01 5.432134628295898438e+00 -2.782852411270141602e+00 2.603222370147705078e+00 -1.447552871704101562e+01 6.477383613586425781e+00 7.662362575531005859e+00 5.501036167144775391e+00 -2.634899139404296875e+00 2.670069932937622070e+00
1 1.042199969291687012e+00 -3.080604672431945801e-01 -3.731764793395996094e+00 1.977050542831420898e+00 -5.418022155761718750e+00 -5.593588352203369141e-01 -7.641066312789916992e-01 6.758312702178955078e+00 8.589345932006835938e+00 1.999826622009277344e+01 -5.594214916229248047e+00 -7.337348461151123047e-01 -2.886733710765838623e-01
1 1.042199969291687012e+00 5.002506971359252930e-01 2.946888446807861328e+00 -2.458743333816528320e+00 6.439036846160888672e+00 -9.367603063583374023e-02 6.422389745712280273e-01 -1.016058063507080078e+01 -3.341139793395996094e+00 -9.468713760375976562e+00 5.969640731811523438e+00 1.179765611886978149e-01 5.130251049995422363e-01
1 1.042199969291687012e+00 -1.729878425598144531e+00 -1.009120702743530273e+00 -1.515675306320190430e+00 -1.493002414703369141e+00 4.620134353637695312e+00 -4.693342208862304688e+00 1.210980510711669922e+01 -1.328239440917968750e+01 -1.253987884521484375e+01 -1.998799443244934082e+00 4.244029045104980469e+00 -4.476618289947509766e+00
1 1.042199969291687012e+00 4.750543594360351562e+00 1.367867588996887207e+00 -9.867161512374877930e-01 -1.043270826339721680e+00 6.085388660430908203e-01 -6.069623470306396484e+00 -1.887389183044433594e+00 -1.802584266662597656e+01 3.667404174804687500e+00 -5.140334963798522949e-01 -2.707832306623458862e-02 -5.003964424133300781e+00
1 1.042199969291687012e+00 3.166015148162841797e+00 -3.968208312988281250e+00 2.421921491622924805e+00 2.513416051864624023e+00 2.060865879058837891e+00 -4.283222198486328125e+00 -9.273954391479492188e+00 1.146909141540527344e+01 -7.891482353210449219e+00 1.946143150329589844e+00 1.356512546539306641e+00 -4.023992061614990234e+00
1 1.042199969291687012e+00 3.205481052398681641e+00 3.138672828674316406e+00 -4.454410076141357422e-01 6.708782911300659180e-01 -3.835891246795654297e+00 4.927577495574951172e+00 -1.009144783020019531e+01 -4.471256256103515625e+00 1.753378987312316895e+00 7.462550401687622070e-01 -3.119058847427368164e+00 4.647644042968750000e+00
1 1.042199969291687012e+00 6.794975697994232178e-02 3.670241355895996094e+00 -4.095609188079833984e+00 3.068090677261352539e-01 -4.289224624633789062e+00 -4.674792766571044922e+00 1.149897670745849609e+01 -1.981936931610107422e+00 1.215240478515625000e+01 1.091612726449966431e-01 -2.738401412963867188e+00 -3.532070159912109375e+00
1 1.042199969291687012e+00 -2.796453714370727539e+00 -4.181259632110595703e+00 -2.112709045410156250e+00 -3.759165406227111816e-01 -1.058468341827392578e+00 -2.260107994079589844e+00 1.129045104980468750e+01 1.602060508728027344e+01 7.233891963958740234e+00 4.396725893020629883e-01 -1.301746845245361328e+00 -2.892478466033935547e+00
1 1.042199969291687012e+00 6.789715886116027832e-01 -6.336116790771484375e-01 -1.401900053024291992e+00 2.453564882278442383e+00 -3.460844516754150391e+00 -5.342780590057373047e+00 5.751190662384033203e+00 -2.494426536560058594e+01 9.218645095825195312e+00 2.212008714675903320e+00 -2.931047439575195312e+00 -4.931387901306152344e+00
1 1.042199969291687012e+00 1.766524553298950195e+00 -1.678927540779113770e+00 5.968297958374023438e+00 1.026383161544799805e+00 4.188452363014221191e-01 9.008818864822387695e-01 -1.688262224197387695e+00 5.335264205932617188e+00 -1.490945434570312500e+01 1.020188927650451660e+00 -1.147054955363273621e-01 9.212767481803894043e-01
1 1.042199969291687012e+00 1.687240481376647949e+00 3.485350131988525391e+00 2.428759098052978516e+00 2.263384819030761719e+00 3.355513334274291992e+00 -4.670557022094726562e+00 -3.300215959548950195e+00 5.749065399169921875e+00 -8.329229354858398438e-01 1.796651363372802734e+00 3.216225624084472656e+00 -4.150384426116943359e+00
1 1.042199969291687012e+00 -3.137210845947265625e+00 -2.059773206710815430e+00 -1.946226835250854492e+00 1.428984761238098145e+00 9.326322078704833984e-01 -5.685655593872070312e+00 5.812981605529785156e+00 1.987818717956542969e+01 1.590040779113769531e+01 9.694436788558959961e-01 1.828993409872055054e-01 -5.497712612152099609e+00
1 1.042199969291687012e+00 2.619755744934082031e+00 -4.766708374023437500e+00 6.765414476394653320e-01 -2.665152549743652344e+00 1.826626062393188477e+00 -4.135295391082763672e+00 -3.060782432556152344e+00 1.236340332031250000e+01 -7.842918634414672852e-01 -1.853992462158203125e+00 1.377330183982849121e+00 -4.021712779998779297e+00
1 1.042199969291687012e+00 3.089067697525024414e+00 4.903732299804687500e+00 7.568860650062561035e-01 1.549478769302368164e+00 1.755235671997070312e+00 -6.819397807121276855e-01 -4.022459030151367188e+00 -6.715956687927246094e+00 -8.553339958190917969e+00 1.294625759124755859e+00 1.981860399246215820e+00 -1.374121904373168945e+00
1 1.042199969291687012e+00 -2.608396530151367188e+00 2.681952953338623047e+00 -2.439227104187011719e+00 -2.951296329498291016e+00 3.912595748901367188e+00 2.212242364883422852e+00 1.132202911376953125e+01 -2.522847366333007812e+01 1.083791017532348633e+00 -2.939372301101684570e+00 3.802163362503051758e+00 2.146796941757202148e+00
1 1.042199969291687012e+00 1.549131870269775391e+00 2.191602230072021484e+00 -4.660995483398437500e+00 -1.260773777961730957e+00 -2.082192420959472656e+00 1.026281833648681641e+00 -5.789175510406494141e+00 -5.838760375976562500e+00 1.595390224456787109e+01 -7.935723066329956055e-01 -2.721601963043212891e+00 1.078103423118591309e+00
1 1.042199969291687012e+00 3.502404689788818359e+00 2.742824554443359375e+00 3.304147720336914062e+00 1.560538709163665771e-01 -4.676459789276123047e+00 1.242711782455444336e+00 -1.201986885070800781e+01 -1.287335872650146484e+00 -1.080653095245361328e+01 8.648922294378280640e-02 -3.817395925521850586e+00 8.933454155921936035e-01
1 1.042199969291687012e+00 -2.830453872680664062e+00 4.876368865370750427e-02 -4.905367374420166016e+00 -3.172570943832397461e+00 -7.709602117538452148e-01 -1.622719407081604004e+00 -6.554632186889648438e-01 -1.403438377380371094e+01 3.090043067932128906e+00 -3.099599838256835938e+00 -8.691014051437377930e-01 -1.851659417152404785e+00
1 1.042199969291687012e+00 -1.788914918899536133e+00 -9.844403266906738281e-01 2.708117485046386719e+00 -8.091229796409606934e-01 5.359507560729980469e+00 2.206010341644287109e+00 1.493322134017944336e+00 -6.822805404663085938e+00 -7.018958568572998047e+00 8.101791143417358398e-02 5.946832180023193359e+00 1.763110041618347168e+00
1 1.042199969291687012e+00 2.348461747169494629e-01 3.952990055084228516e+00 -9.975839853286743164e-01 -2.508491039276123047e+00 -5.181693077087402344e+00 -3.090867996215820312e+00 -1.321060085296630859e+01 -1.840529918670654297e+00 3.773693847656250000e+01 -2.554754257202148438e+00 -3.822635173797607422e+00 -3.203767061233520508e+00
1 1.042199969291687012e+00 2.310898303985595703e+00 -3.763374805450439453e+00 -9.821528196334838867e-01 1.545618772506713867e+00 2.380563735961914062e+00 -4.462262988090515137e-01 -1.066376018524169922e+01 1.954846572875976562e+01 1.903474211692810059e+00 1.077935814857482910e+00 2.593387126922607422e+00 -1.391423791646957397e-01
1 1.042199969291687012e+00 3.913881778717041016e-01 -3.372693538665771484e+00 -1.217055439949035645e+00 3.552869558334350586e+00 -5.463163375854492188e+00 1.748005151748657227e+00 -1.232272338867187500e+01 7.327436923980712891e+00 1.123826980590820312e+01 2.992228269577026367e+00 -3.750949382781982422e+00 1.336710691452026367e+00
1 1.042199969291687012e+00 3.183408498764038086e+00 -2.037061691284179688e+00 -1.035446524620056152e+00 3.253390312194824219e+00 3.976176261901855469e+00 4.449515342712402344e+00 -5.350859165191650391e+00 -8.194464683532714844e+00 1.637132453918457031e+01 2.748368263244628906e+00 3.132351398468017578e+00 4.047464370727539062e+00
1 1.042199969291687012e+00 -1.737683057785034180e+00 5.717602372169494629e-01 3.545813560485839844e+00 1.582380533218383789e+00 3.217321395874023438e+00 4.718050956726074219e+00 8.672624588012695312e+00 2.203199958801269531e+01 -2.208501625061035156e+01 1.582290410995483398e+00 3.077534675598144531e+00 4.797069072723388672e+00
1 1.042199969291687012e+00 -2.390781164169311523e+00 -2.023397207260131836e+00 -1.484353244304656982e-01 -2.714837551116943359e+00 -2.346920251846313477e+00 4.756028175354003906e+00 1.237618827819824219e+01 1.510983085632324219e+01 3.350381851196289062e+00 -2.915305852890014648e+00 -2.409267187118530273e+00 5.309062004089355469e+00
1 1.042199969291687012e+00 2.464623451232910156e+00 -2.920212745666503906e+00 3.989162921905517578e+00 2.934637546539306641e+00 1.339998841285705566e+00 -1.631249189376831055e+00 1.338111400604248047e+00 1.991013717651367188e+01 -4.908181190490722656e+00 3.426843404769897461e+00 8.085743784904479980e-01 -1.641820073127746582e+00
1 1.042199969291687012e+00 2.585942029953002930e+00 -1.765751838684082031e+00 -4.116370201110839844e+00 -1.223542928695678711e+00 7.030946016311645508e-01 1.483954548835754395e+00 -9.342033386230468750e+00 1.469704437255859375e+01 1.857017517089843750e+01 -8.332167863845825195e-01 1.272968888282775879e+00 1.446887016296386719e+00
1 1.042199969291687012e+00 1.698354244232177734e+00 5.801179409027099609e-01 -2.008790969848632812e+00 3.722632527351379395e-01 -5.734259605407714844e+00 -2.047978639602661133e+00 1.143908786773681641e+01 -1.401847243309020996e+00 1.970418453216552734e+00 2.905863225460052490e-01 -5.445726871490478516e+00 -2.196684360504150391e+00
1 1.042199969291687012e+00 2.943593978881835938e+00 1.208318352699279785e+00 -8.338360786437988281e-01 -5.761089324951171875e+00 4.906491041183471680e-01 -3.775557279586791992e+00 -1.375500202178955078e+01 9.447764396667480469e+00 -5.171217918395996094e-01 -4.943180561065673828e+00 5.225012302398681641e-01 -3.662174701690673828e+00
1 1.042199969291687012e+00 -4.467450141906738281e+00 2.459512710571289062e+00 3.086403012275695801e-01 3.813043594360351562e+00 -1.585838913917541504e+00 -1.465265154838562012e+00 -9.377975463867187500e-01 -1.189672708511352539e+00 1.472119688987731934e-01 3.073886156082153320e+00 -1.511868953704833984e+00 -3.552775979042053223e-01
1 1.042199969291687012e+00 3.584598064422607422e+00 9.315927028656005859e-01 -2.417917013168334961e+00 -3.390959739685058594e+00 5.396507680416107178e-02 5.702348232269287109e+00 -1.634142303466796875e+01 -2.701572418212890625e+01 -6.854125499725341797e+00 -3.273165941238403320e+00 -3.039607107639312744e-01 4.632322311401367188e+00
1 1.042199969291687012e+00 -4.020401477813720703e+00 -1.001303911209106445e+00 -2.853885889053344727e-01 1.563306003808975220e-01 6.127479076385498047e-01 4.824651718139648438e+00 1.736989212036132812e+01 -2.558926010131835938e+01 3.224748373031616211e+00 6.443995237350463867e-02 6.875538229942321777e-01 4.644556045532226562e+00
1 1.042199969291687012e+00 -3.418875336647033691e-01 -2.169696569442749023e+00 2.920666694641113281e+00 -3.362770557403564453e+00 3.660198688507080078e+00 -1.798052787780761719e+00 -1.081151199340820312e+01 3.388664245605468750e+00 1.004287815093994141e+01 -3.214361429214477539e+00 4.396016120910644531e+00 -2.692031860351562500e+00
1 1.042199969291687012e+00 -3.029569149017333984e+00 4.518338203430175781e+00 -2.645925998687744141e+00 9.754610061645507812e-01 1.963104486465454102e+00 1.558875083923339844e+00 7.072369098663330078e+00 -7.816974639892578125e+00 8.249767303466796875e+00 9.494863152503967285e-01 2.132633447647094727e+00 1.497453927993774414e+00
1 1.042199969291687012e+00 1.488454937934875488e+00 2.440516233444213867e+00 -1.062147140502929688e+00 4.391170978546142578e+00 -3.121515750885009766e+00 2.807685732841491699e-02 1.413111877441406250e+01 -1.689373588562011719e+01 1.092757034301757812e+01 4.425020694732666016e+00 -3.014664411544799805e+00 3.518278896808624268e-01
1 1.042199969291687012e+00 2.162844896316528320e+00 3.768437862396240234e+00 -3.534004688262939453e+00 1.482457160949707031e+00 -2.917339801788330078e-01 -1.716823697090148926e+00 -7.083568572998046875e+00 6.606330871582031250e-01 1.343425750732421875e+00 1.295393347740173340e+00 -1.092193722724914551e+00 -2.257754802703857422e+00
