0 1.042199969291687012e+00 7.122896313667297363e-01 6.250692844390869141e+00 3.704333901405334473e-01 3.214790821075439453e+00 -3.286629319190979004e-01 4.579663872718811035e-01 -8.841787338256835938e+00 -2.219329833984375000e+01 -7.104074001312255859e+00 2.485205888748168945e+00 -2.934467792510986328e+00 1.245635390281677246e+00
0 1.042199969291687012e+00 -1.931732416152954102e+00 -3.430548906326293945e-01 -4.672768115997314453e+00 2.366995811462402344e+00 1.229414224624633789e+00 -2.767570972442626953e+00 1.261716461181640625e+01 -9.172702789306640625e+00 3.815822601318359375e-01 1.278773188591003418e+00 1.368926644325256348e+00 -4.317062377929687500e+00
0 1.042199969291687012e+00 -4.958545207977294922e+00 1.328090667724609375e+00 1.033887028694152832e+00 1.136830151081085205e-01 -2.212396860122680664e+00 -2.820537090301513672e+00 9.337484359741210938e+00 5.510316848754882812e+00 2.066807985305786133e+00 -9.067072868347167969e-01 -3.885551214218139648e+00 -4.045554250478744507e-02
0 1.042199969291687012e+00 2.226163625717163086e+00 -3.898966312408447266e+00 2.067566871643066406e+00 -3.046923637390136719e+00 -2.400006055831909180e-01 7.342217922210693359e+00 4.939145565032958984e+00 9.751893997192382812e+00 -1.344865131378173828e+01 -3.304168462753295898e+00 -4.999329447746276855e-01 5.495198726654052734e+00
0 1.042199969291687012e+00 5.377185344696044922e+00 -5.050845146179199219e-01 3.637962937355041504e-01 3.415632247924804688e+00 4.181756019592285156e+00 2.922174453735351562e+00 6.812956809997558594e+00 1.464669132232666016e+01 1.599180793762207031e+01 2.554070472717285156e+00 4.985703945159912109e+00 4.589598178863525391e+00
0 1.042199969291687012e+00 3.817145824432373047e+00 -3.852469921112060547e-01 -4.188551902770996094e+00 8.094973564147949219e-01 -3.986210823059082031e+00 2.498996734619140625e+00 -8.791104316711425781e+00 -1.191809463500976562e+01 -5.039690971374511719e+00 2.722451448440551758e+00 -1.996447324752807617e+00 2.167900562286376953e+00
0 1.042199969291687012e+00 -5.587965965270996094e+00 -1.049082279205322266e+00 5.068004727363586426e-01 1.743585348129272461e+00 4.126327991485595703e+00 -2.005155086517333984e+00 1.453134155273437500e+01 9.709256172180175781e+00 3.915913105010986328e+00 6.291663050651550293e-01 4.186249732971191406e+00 -1.666755914688110352e+00
0 1.042199969291687012e+00 -4.283903837203979492e-01 -4.471909046173095703e+00 -2.613690793514251709e-01 -5.287313461303710938e+00 -1.618934154510498047e+00 -2.446668148040771484e+00 2.674894332885742188e+00 1.828658103942871094e+01 4.683178329467773438e+01 -4.000308513641357422e+00 -2.286394834518432617e+00 -2.279381036758422852e+00
0 1.042199969291687012e+00 3.812065720558166504e-01 -4.683074951171875000e+00 1.915675163269042969e+00 -1.931686103343963623e-01 -1.146940737962722778e-01 -5.858829498291015625e+00 1.443646073341369629e+00 -2.191727256774902344e+01 3.155126762390136719e+01 -1.233973979949951172e+00 2.968892574310302734e+00 -6.156805038452148438e+00
0 1.042199969291687012e+00 -3.261577129364013672e+00 4.766969203948974609e+00 1.907420873641967773e+00 -1.352004766464233398e+00 4.906483173370361328e+00 3.628601312637329102e+00 5.601123332977294922e+00 -1.858710479736328125e+01 6.437738895416259766e+00 -1.548633694648742676e+00 5.533900260925292969e+00 1.196446418762207031e+00
0 1.042199969291687012e+00 2.956607818603515625e+00 -2.845850467681884766e+00 -3.239598274230957031e+00 9.176908731460571289e-01 -7.048361778259277344e+00 -2.642579317092895508e+00 1.955885887145996094e+01 2.113402557373046875e+01 3.753074645996093750e+00 1.415774345397949219e+00 -5.326136112213134766e+00 -7.332116961479187012e-01
0 1.042199969291687012e+00 1.297725439071655273e+00 -3.766622066497802734e+00 3.642702579498291016e+00 5.786270141601562500e+00 -3.545110702514648438e+00 -1.133303046226501465e+00 -3.531667709350585938e+01 1.349872112274169922e+01 -4.331068992614746094e+00 4.310798645019531250e+00 -6.215904951095581055e-01 -1.953290820121765137e+00
0 1.042199969291687012e+00 -4.866895198822021484e+00 -2.233594417572021484e+00 -9.360293149948120117e-01 3.577692985534667969e+00 -1.970756649971008301e-01 -1.219076395034790039e+00 2.550893592834472656e+01 6.781290054321289062e+00 5.723089218139648438e+00 5.991693019866943359e+00 -3.809234380722045898e+00 -1.227386832237243652e+00
0 1.042199969291687012e+00 2.311092138290405273e+00 3.455980300903320312e+00 -4.852498054504394531e+00 4.144751071929931641e+00 9.808739423751831055e-01 -9.579865932464599609e-01 -6.869026184082031250e+00 -7.200505256652832031e+00 1.920486068725585938e+01 4.656973361968994141e+00 3.578511774539947510e-01 -1.236696004867553711e+00
0 1.042199969291687012e+00 -1.246839523315429688e+00 -2.575575113296508789e+00 -2.868643760681152344e+00 -4.380960941314697266e+00 -4.912056446075439453e+00 1.574552655220031738e-01 -1.226843547821044922e+01 1.603218650817871094e+01 3.687020492553710938e+01 -1.565522909164428711e+00 -4.075048446655273438e+00 -3.461236357688903809e-01
0 1.042199969291687012e+00 -3.204469442367553711e+00 -4.467756748199462891e+00 2.420325040817260742e+00 -1.516729116439819336e+00 8.176945447921752930e-01 -3.629525899887084961e-01 1.592548370361328125e+01 2.453928375244140625e+01 -4.025497913360595703e+00 -3.415616512298583984e+00 2.446235418319702148e+00 -1.382506608963012695e+00
0 1.042199969291687012e+00 -6.478335261344909668e-01 8.835861682891845703e-01 5.687692642211914062e+00 -2.003853082656860352e+00 2.409911453723907471e-01 -3.366707324981689453e+00 1.256606006622314453e+01 7.446244716644287109e+00 -2.517783927917480469e+01 -2.503984451293945312e+00 1.840430974960327148e+00 -3.525956630706787109e+00
0 1.042199969291687012e+00 -3.132373094558715820e+00 -2.284758806228637695e+00 -1.934322118759155273e+00 -3.819533348083496094e+00 2.612920284271240234e+00 -6.747711181640625000e+00 6.726890087127685547e+00 1.582951545715332031e-01 -1.217360687255859375e+01 -2.915284156799316406e+00 7.775161266326904297e-01 -4.650462627410888672e+00
0 1.042199969291687012e+00 9.543160796165466309e-01 5.619281291961669922e+00 2.973991870880126953e+00 1.348316669464111328e+00 -5.575666904449462891e+00 1.422843575477600098e+00 -2.331340980529785156e+01 -1.486809158325195312e+01 3.551659584045410156e+00 2.614727973937988281e+00 -4.719367504119873047e+00 -1.831438839435577393e-01
0 1.042199969291687012e+00 -3.688888549804687500e+00 -4.222978591918945312e+00 -1.297700881958007812e+00 -1.443041324615478516e+00 5.608804702758789062e+00 6.023276448249816895e-01 2.281284332275390625e+00 1.946768951416015625e+01 5.642667293548583984e+00 -4.033300876617431641e+00 3.086884260177612305e+00 -5.487764477729797363e-01
0 1.042199969291687012e+00 5.806558728218078613e-01 5.753920078277587891e+00 -1.946920394897460938e+00 3.363995552062988281e+00 1.852896213531494141e+00 3.903961181640625000e+00 1.018949222564697266e+01 -1.226506519317626953e+01 -3.066290855407714844e+00 4.353975296020507812e+00 1.873982071876525879e+00 2.050892591476440430e+00
0 1.042199969291687012e+00 -6.448138952255249023e-01 -4.135664105415344238e-01 -3.271205723285675049e-02 -8.082432746887207031e+00 2.540463924407958984e+00 -9.038710594177246094e-01 2.907477569580078125e+01 -4.550584793090820312e+01 6.243823051452636719e+00 -5.543603420257568359e+00 3.981985092163085938e+00 -3.251754760742187500e+00
0 1.042199969291687012e+00 5.720349311828613281e+00 -4.245766103267669678e-01 3.939203739166259766e+00 5.439305305480957031e+00 3.368752956390380859e+00 -1.602016985416412354e-01 -2.513932418823242188e+01 5.717812538146972656e+00 -1.985420989990234375e+01 4.601953506469726562e+00 3.017078399658203125e+00 -1.392023682594299316e+00
0 1.042199969291687012e+00 -2.278688669204711914e+00 -2.644038200378417969e+00 3.936592578887939453e+00 2.620924949645996094e+00 1.866264581680297852e+00 3.191703259944915771e-01 1.623544931411743164e+00 -2.261750221252441406e+00 -1.580275726318359375e+01 2.480015754699707031e+00 3.328247785568237305e+00 -3.137442767620086670e-01
0 1.042199969291687012e+00 -6.314126253128051758e-01 1.286108255386352539e+00 -2.622493505477905273e-01 1.335059642791748047e+00 4.229488849639892578e+00 7.267516136169433594e+00 -1.810875701904296875e+01 2.446537971496582031e+01 -1.347124862670898438e+01 1.774439692497253418e+00 4.307081699371337891e+00 6.221554756164550781e+00
0 1.042199969291687012e+00 4.781322956085205078e+00 -2.320359945297241211e+00 3.419376850128173828e+00 -2.062882900238037109e+00 -2.238529622554779053e-01 1.778625011444091797e+00 -7.997870922088623047e+00 -3.003542423248291016e+00 1.280543327331542969e+00 -2.380237340927124023e+00 -5.631950497627258301e-01 2.772896528244018555e+00
0 1.042199969291687012e+00 -1.300884842872619629e+00 6.069244384765625000e+00 1.531807661056518555e+00 -3.367469549179077148e+00 -7.312172651290893555e-01 1.532673835754394531e+00 8.900774002075195312e+00 -2.430330467224121094e+01 -6.735931873321533203e+00 -1.865408897399902344e+00 -1.515179634094238281e+00 -6.068058013916015625e-01
0 1.042199969291687012e+00 2.661021232604980469e+00 4.029836058616638184e-01 -1.128568172454833984e+00 6.509207248687744141e+00 1.149755716323852539e+00 -5.944557666778564453e+00 9.360719680786132812e+00 -4.522150993347167969e+00 1.908879470825195312e+01 3.920951128005981445e+00 -1.129276230931282043e-01 -2.488115549087524414e+00
0 1.042199969291687012e+00 -1.998971939086914062e+00 1.307977676391601562e+00 3.069509983062744141e+00 -5.626735687255859375e+00 -5.240170001983642578e+00 -1.880823820829391479e-01 2.783902883529663086e+00 -3.686910629272460938e+01 5.242671966552734375e-01 -4.383692264556884766e+00 -3.751086711883544922e+00 -1.723277121782302856e-01
0 1.042199969291687012e+00 3.323919296264648438e+00 -3.910612106323242188e+00 3.699512481689453125e+00 3.077358007431030273e+00 -2.837419033050537109e+00 -7.092897415161132812e+00 -3.329361915588378906e+00 1.586214637756347656e+01 -2.176782608032226562e+00 3.253736972808837891e+00 -1.721743345260620117e+00 -5.109200477600097656e+00
0 1.042199969291687012e+00 -1.397472977638244629e+00 -1.426100730895996094e+00 2.832153320312500000e+00 -1.222678184509277344e+00 -5.796245098114013672e+00 2.380532264709472656e+00 1.897449493408203125e+01 2.951302909851074219e+01 2.124584579467773438e+01 -5.501123905181884766e+00 -6.768852710723876953e+00 2.044247865676879883e+00
0 1.042199969291687012e+00 1.964194059371948242e+00 5.660060048103332520e-02 -5.173441410064697266e+00 2.160839080810546875e+00 5.200280666351318359e+00 1.304208517074584961e+00 -1.664175796508789062e+01 3.562347888946533203e+00 -1.493998527526855469e+00 8.110780715942382812e-01 4.873003005981445312e+00 -9.867282509803771973e-01
0 1.042199969291687012e+00 3.270578384399414062e+00 -4.411708831787109375e+00 -1.749706268310546875e+00 6.623775482177734375e+00 4.449029564857482910e-01 -2.007690072059631348e-02 -2.067065048217773438e+01 1.473086738586425781e+01 -4.157947063446044922e+00 6.920092582702636719e+00 -1.407775521278381348e+00 2.804908156394958496e-01
0 1.042199969291687012e+00 4.644215583801269531e+00 2.429034233093261719e+00 2.046426534652709961e+00 -5.726135373115539551e-01 5.534455776214599609e+00 -3.624368190765380859e+00 -3.346136856079101562e+01 2.427741622924804688e+01 -1.514922523498535156e+01 -8.109233379364013672e-01 1.754254221916198730e+00 -1.752384901046752930e+00
0 1.042199969291687012e+00 -3.254397392272949219e+00 2.357129812240600586e+00 -2.979314804077148438e+00 -6.394510746002197266e+00 1.260099887847900391e+00 1.408088088035583496e+00 9.415771484375000000e+00 -1.647566413879394531e+01 -8.531733512878417969e+00 -3.974483251571655273e+00 1.926681876182556152e+00 -2.415038198232650757e-01
0 1.042199969291687012e+00 -2.169353961944580078e+00 2.444124937057495117e+00 4.401659220457077026e-02 5.005862236022949219e+00 -4.434756278991699219e+00 -5.255043506622314453e+00 -2.189181518554687500e+01 1.424712181091308594e+01 -1.109939098358154297e+01 4.488617420196533203e+00 -3.511243104934692383e+00 -2.184040069580078125e+00
0 1.042199969291687012e+00 -3.916422128677368164e-01 -1.481834888458251953e+00 1.349073410034179688e+00 5.017146468162536621e-01 7.614358901977539062e+00 2.914770603179931641e+00 1.656064224243164062e+01 1.205640602111816406e+01 1.269330978393554688e+01 1.228403091430664062e+00 7.269523143768310547e+00 2.662446737289428711e+00
0 1.042199969291687012e+00 1.357442140579223633e+00 -2.423050403594970703e+00 5.423002243041992188e+00 2.766950368881225586e+00 2.134858071804046631e-01 3.735341072082519531e+00 -6.188178062438964844e-01 -4.633203506469726562e+00 1.372508049011230469e+00 3.845714330673217773e+00 -2.394830942153930664e+00 3.670169115066528320e+00
0 1.042199969291687012e+00 -3.033828139305114746e-01 -3.889853954315185547e+00 -3.839835166931152344e+00 -2.142165422439575195e+00 -2.820721268653869629e-01 2.248157501220703125e+00 3.716084480285644531e+00 9.301933288574218750e+00 -4.185859680175781250e+00 2.272840440273284912e-01 1.055608153343200684e+00 2.397193908691406250e+00
0 1.042199969291687012e+00 1.464663386344909668e+00 -3.859752655029296875e+00 -2.858360767364501953e+00 5.161197662353515625e+00 -2.808925151824951172e+00 4.237079143524169922e+00 -2.499626541137695312e+01 -3.594526290893554688e+00 2.184163665771484375e+01 2.160772323608398438e+00 -2.211549043655395508e+00 1.967382907867431641e+00
0 1.042199969291687012e+00 3.486159801483154297e+00 -1.961987257003784180e+00 5.285819053649902344e+00 5.888051912188529968e-02 2.819227218627929688e+00 1.475831747055053711e+00 -1.470476150512695312e+00 1.178399658203125000e+01 -6.529988765716552734e+00 -1.458413481712341309e+00 5.347043991088867188e+00 5.281975865364074707e-01
0 1.042199969291687012e+00 3.891593933105468750e+00 3.580516338348388672e+00 -3.500148773193359375e+00 -2.271992921829223633e+00 -1.892579555511474609e+00 -3.329700469970703125e+00 -1.800397491455078125e+01 -2.124050140380859375e+01 1.311435127258300781e+01 -4.973951816558837891e+00 -9.619609117507934570e-01 -2.808689594268798828e+00
0 1.042199969291687012e+00 -2.282230615615844727e+00 5.991447567939758301e-01 8.398938179016113281e-02 1.912052482366561890e-01 7.808654785156250000e+00 -2.478843688964843750e+00 3.074876403808593750e+01 -1.193409061431884766e+01 -6.677069187164306641e+00 -1.218178793787956238e-01 7.658815860748291016e+00 -3.937249481678009033e-01
0 1.042199969291687012e+00 2.100195407867431641e+00 5.434696197509765625e+00 1.523525357246398926e+00 6.344282150268554688e+00 -3.487871885299682617e+00 2.870888233184814453e+00 1.197762966156005859e+01 -4.087230205535888672e+00 -2.658147048950195312e+01 3.587768793106079102e+00 -1.136097908020019531e+00 2.109582185745239258e+00
0 1.042199969291687012e+00 -1.752961635589599609e+00 2.336039781570434570e+00 -4.254751205444335938e+00 -1.027334332466125488e+00 3.410868167877197266e+00 4.002258300781250000e+00 -8.659219741821289062e+00 -8.162698745727539062e-01 -2.928295135498046875e+00 -1.935194015502929688e+00 1.715629935264587402e+00 1.949110507965087891e+00
0 1.042199969291687012e+00 3.414214253425598145e-01 9.081807732582092285e-01 1.093087315559387207e+00 5.218273162841796875e+00 -5.032608509063720703e+00 -1.739656627178192139e-01 1.434007644653320312e+01 -1.833616828918457031e+01 6.861708641052246094e+00 2.950170040130615234e+00 -5.949414730072021484e+00 -3.088012933731079102e-01
0 1.042199969291687012e+00 3.822189569473266602e+00 4.303668975830078125e+00 2.881957054138183594e+00 -3.191577672958374023e+00 5.768646240234375000e+00 6.065827608108520508e-01 -2.502465438842773438e+01 -2.343759155273437500e+01 -1.513089847564697266e+01 -3.710549592971801758e+00 3.173752069473266602e+00 -4.408796727657318115e-01
0 1.042199969291687012e+00 4.901350975036621094e+00 -6.202009916305541992e-01 -2.581139087677001953e+00 -1.515401601791381836e-01 7.013586759567260742e-01 6.643870353698730469e+00 2.272059440612792969e+01 -8.307337760925292969e-02 2.866061687469482422e+00 -1.605553627014160156e-01 1.564674019813537598e+00 4.490543365478515625e+00
0 1.042199969291687012e+00 -1.093432188034057617e+00 -4.539033412933349609e+00 3.565995216369628906e+00 1.119357585906982422e+00 -1.653017520904541016e+00 2.272371947765350342e-01 1.714176893234252930e+00 1.664810180664062500e+01 -1.591212844848632812e+01 2.158541679382324219e+00 -5.316658496856689453e+00 5.067731738090515137e-01
0 1.042199969291687012e+00 4.801013946533203125e+00 -2.722162246704101562e+00 -2.175309896469116211e+00 -4.607621669769287109e+00 -1.994791030883789062e+00 3.040159940719604492e+00 -2.436296463012695312e+01 1.050054168701171875e+01 -1.798302173614501953e+00 -4.577793598175048828e+00 -5.654940128326416016e+00 2.670092821121215820e+00
0 1.042199969291687012e+00 -3.095007419586181641e+00 4.606754302978515625e+00 -4.522398859262466431e-02 -1.415548086166381836e+00 -3.178938388824462891e+00 4.175816059112548828e+00 -1.084750652313232422e+01 -4.416143894195556641e+00 1.567045331001281738e+00 -1.717293977737426758e+00 -3.034616231918334961e+00 3.178509235382080078e+00
0 1.042199969291687012e+00 1.958557128906250000e+00 -1.100417971611022949e+00 -3.808648586273193359e+00 2.164231389760971069e-01 -3.439079761505126953e+00 -3.805343627929687500e+00 -5.284241199493408203e+00 -8.854215621948242188e+00 3.041910552978515625e+01 5.923539996147155762e-01 -5.051910877227783203e+00 -1.207700848579406738e+00
0 1.042199969291687012e+00 9.568048715591430664e-01 2.374726772308349609e+00 3.557610988616943359e+00 9.245857000350952148e-01 -1.495489597320556641e+00 6.564772605895996094e+00 1.376745700836181641e-01 1.892558288574218750e+01 1.577929592132568359e+01 1.570581793785095215e+00 -3.222503185272216797e+00 7.060070037841796875e+00
0 1.042199969291687012e+00 2.970011949539184570e+00 -7.212073802947998047e-01 1.095948576927185059e+00 -6.091101646423339844e+00 4.853477180004119873e-01 3.650685787200927734e+00 -3.809441566467285156e+00 4.618338108062744141e+00 6.490292549133300781e+00 -6.839553833007812500e+00 1.500058412551879883e+00 5.653032302856445312e+00
0 1.042199969291687012e+00 1.512451320886611938e-01 4.591301441192626953e+00 1.314869403839111328e+00 2.659253835678100586e+00 7.225732803344726562e-01 -5.619115829467773438e+00 5.096067905426025391e+00 -7.204118728637695312e+00 9.749425888061523438e+00 2.164833307266235352e+00 3.069128751754760742e+00 -5.738205432891845703e+00
0 1.042199969291687012e+00 -2.983418464660644531e+00 -2.694411277770996094e+00 -7.427777349948883057e-02 1.036511182785034180e+00 -5.988683700561523438e+00 1.809787154197692871e+00 -1.475573062896728516e+00 -3.263521194458007812e+00 2.783235609531402588e-01 4.201380729675292969e+00 -6.478376388549804688e+00 -1.087431311607360840e-01
0 1.042199969291687012e+00 -3.394217014312744141e+00 5.145257711410522461e-01 -3.892862319946289062e+00 5.990187644958496094e+00 5.157626152038574219e+00 -1.271079778671264648e+00 -3.789472579956054688e+00 3.787960290908813477e+00 -2.968475341796875000e+00 4.381724834442138672e+00 3.727051973342895508e+00 -9.737724065780639648e-01
0 1.042199969291687012e+00 -1.589267492294311523e+00 -3.278984129428863525e-02 -1.364808678627014160e+00 8.370877504348754883e-01 -2.399281263351440430e+00 -6.668649673461914062e+00 -1.411929130554199219e+01 -1.138636016845703125e+01 -4.920280838012695312e+01 -9.319327473640441895e-01 -2.845891952514648438e+00 -1.014205741882324219e+01
0 1.042199969291687012e+00 -5.017999172210693359e+00 1.706304311752319336e+00 -2.497742891311645508e+00 -4.870381355285644531e+00 -2.245683193206787109e+00 4.222187995910644531e+00 2.265742874145507812e+01 -1.329840087890625000e+01 1.864076232910156250e+01 -4.961487770080566406e+00 -3.428245067596435547e+00 4.805547714233398438e+00
0 1.042199969291687012e+00 -2.794425010681152344e+00 4.165550231933593750e+00 -3.877320289611816406e+00 3.387280464172363281e+00 -2.055590450763702393e-01 6.651257991790771484e+00 1.254420948028564453e+01 -2.377742767333984375e+01 -1.582401275634765625e+00 3.001897335052490234e+00 -1.517858624458312988e+00 5.180884838104248047e+00
0 1.042199969291687012e+00 2.279398441314697266e+00 -5.077652931213378906e-01 6.628349781036376953e+00 5.079642772674560547e+00 3.844117164611816406e+00 -4.041584968566894531e+00 4.976881027221679688e+00 -1.246422195434570312e+01 -2.058216476440429688e+01 1.869248509407043457e+00 2.247717142105102539e+00 -2.722118139266967773e+00
0 1.042199969291687012e+00 -2.406244039535522461e+00 2.934311866760253906e+00 2.501482963562011719e+00 -3.375435829162597656e+00 2.661609888076782227e+00 5.563024044036865234e+00 -1.246401786804199219e+01 8.346869468688964844e+00 -3.131367874145507812e+01 -4.256380558013916016e+00 2.020211935043334961e+00 6.276289463043212891e+00
0 1.042199969291687012e+00 3.234678804874420166e-01 3.933683395385742188e+00 -2.621677160263061523e+00 1.975252151489257812e+00 5.351585865020751953e+00 -4.386002540588378906e+00 4.674184799194335938e+00 -1.354582118988037109e+01 2.690285491943359375e+01 3.482031583786010742e+00 3.446815252304077148e+00 -5.059134960174560547e+00
0 1.042199969291687012e+00 4.462337970733642578e+00 2.787095546722412109e+00 7.335554063320159912e-02 -2.593473792076110840e-01 -2.296171903610229492e+00 -5.479436367750167847e-02 6.391669273376464844e+00 2.589615821838378906e+00 4.537569582462310791e-01 5.999250411987304688e-01 -4.526360988616943359e+00 -5.548593401908874512e-01
0 1.042199969291687012e+00 3.759866714477539062e+00 -7.236982583999633789e-01 3.751956939697265625e+00 -2.830415010452270508e+00 -4.220077514648437500e+00 -5.542482852935791016e+00 -2.328158950805664062e+01 7.342051506042480469e+00 -1.925065231323242188e+01 -2.481879234313964844e+00 -3.902474164962768555e+00 -4.350556850433349609e+00
0 1.042199969291687012e+00 -2.519351959228515625e+00 8.327100276947021484e-01 4.938658237457275391e+00 -6.483343601226806641e+00 2.302257776260375977e+00 2.464951038360595703e+00 9.195292472839355469e+00 1.248138046264648438e+01 -1.604687881469726562e+01 -3.641664743423461914e+00 4.805528640747070312e+00 1.552755236625671387e+00
0 1.042199969291687012e+00 2.723388671875000000e+00 2.580806255340576172e+00 3.153591156005859375e+00 2.550626516342163086e+00 -2.667067289352416992e+00 -3.850888252258300781e+00 1.973689651489257812e+01 -1.823387622833251953e+00 -5.333034515380859375e+00 4.159453868865966797e+00 -2.763187646865844727e+00 1.321259140968322754e-01
0 1.042199969291687012e+00 -1.611200094223022461e+00 4.166780948638916016e+00 1.182543277740478516e+00 -1.906963348388671875e+00 -6.271095275878906250e+00 -2.896603584289550781e+00 -2.713999748229980469e+01 -7.949509143829345703e+00 -5.656053066253662109e+00 -1.513623476028442383e+00 -5.457458496093750000e+00 -1.342586994171142578e+00
0 1.042199969291687012e+00 2.447926402091979980e-01 -1.035677909851074219e+00 -4.917921066284179688e+00 -6.949247121810913086e-01 2.164556503295898438e+00 -4.546233177185058594e+00 2.191669082641601562e+01 1.963449287414550781e+01 -6.048427581787109375e+00 -1.228146433830261230e+00 2.749903202056884766e+00 -4.285496234893798828e+00
0 1.042199969291687012e+00 -1.619081020355224609e+00 -1.854122996330261230e+00 -1.006916642189025879e+00 -1.451469361782073975e-01 -3.452993869781494141e+00 5.790707588195800781e+00 1.973105621337890625e+01 3.637253570556640625e+01 -1.970645713806152344e+01 6.089040637016296387e-01 -5.080628871917724609e+00 7.199784278869628906e+00
0 1.042199969291687012e+00 -4.739520072937011719e+00 3.841469764709472656e+00 -2.333556175231933594e+00 -2.919605255126953125e+00 2.069714784622192383e+00 -1.758510112762451172e+00 2.135638427734375000e+01 -1.121107864379882812e+01 4.781041145324707031e+00 -3.221795558929443359e+00 3.667222976684570312e+00 -1.618250131607055664e+00
0 1.042199969291687012e+00 5.169505119323730469e+00 2.607461929321289062e+00 -1.933631658554077148e+00 -1.373578906059265137e+00 9.100847244262695312e-01 -2.200945317745208740e-01 -1.451743030548095703e+01 -5.815911293029785156e+00 1.130366325378417969e+01 -5.413324832916259766e-01 5.221042156219482422e+00 -1.674151539802551270e+00
0 1.042199969291687012e+00 3.392032146453857422e+00 4.142198085784912109e+00 7.355486154556274414e-01 -7.404363632202148438e+00 -1.383336305618286133e+00 -7.395732402801513672e-01 1.297311782836914062e-01 -8.209856033325195312e+00 3.720741033554077148e+00 -5.184758186340332031e+00 -2.217071533203125000e+00 -8.277321457862854004e-01
0 1.042199969291687012e+00 2.385106086730957031e-01 -4.077682495117187500e-01 2.636064767837524414e+00 6.821740627288818359e+00 3.853848576545715332e-02 6.583688735961914062e+00 1.547854423522949219e+01 -3.505521774291992188e+00 -5.776530265808105469e+00 3.798585414886474609e+00 4.896641969680786133e-01 2.842169761657714844e+00
0 1.042199969291687012e+00 -4.266839027404785156e+00 2.726090431213378906e+00 2.821094036102294922e+00 9.957128763198852539e-01 8.959354758262634277e-01 4.046244144439697266e+00 6.827892303466796875e+00 5.828946113586425781e+00 -1.536103057861328125e+01 -6.126254200935363770e-01 5.066875740885734558e-02 1.697572231292724609e+00
0 1.042199969291687012e+00 3.382042884826660156e+00 -4.136374950408935547e+00 1.546461284160614014e-01 -3.130593538284301758e+00 5.482009887695312500e+00 -4.335391521453857422e+00 -2.721794891357421875e+01 7.584457397460937500e-01 2.889960289001464844e+01 -3.345324516296386719e+00 3.929207801818847656e+00 -1.794913530349731445e+00
0 1.042199969291687012e+00 2.178749322891235352e+00 4.072013854980468750e+00 4.506571292877197266e+00 -6.116436958312988281e+00 -1.818850517272949219e+00 -5.339462280273437500e+00 -1.282884788513183594e+01 -1.982069587707519531e+01 -2.692695999145507812e+01 -3.250219345092773438e+00 -2.480013072490692139e-01 -3.274354696273803711e+00
0 1.042199969291687012e+00 -2.469411134719848633e+00 -2.559412479400634766e+00 1.874560713768005371e+00 5.829922676086425781e+00 3.468245506286621094e+00 2.909736633300781250e+00 2.819747734069824219e+01 -1.691217803955078125e+01 -1.567260074615478516e+01 6.332098484039306641e+00 2.996514081954956055e+00 3.483771800994873047e+00
0 1.042199969291687012e+00 4.417407989501953125e+00 -3.765685081481933594e+00 2.041130065917968750e+00 -5.063493728637695312e+00 1.730607986450195312e+00 -3.153816223144531250e+00 -1.262749290466308594e+01 1.520165443420410156e+01 -2.605477142333984375e+01 -3.632904291152954102e+00 2.585514783859252930e+00 -1.705494999885559082e+00
1 1.042199969291687012e+00 -3.114963054656982422e+00 3.195959568023681641e+00 -1.414435148239135742e+00 2.840235948562622070e+00 6.050758361816406250e+00 3.135062694549560547e+00 -1.045359325408935547e+01 -2.106568145751953125e+01 3.038279342651367188e+01 1.491136550903320312e+00 7.495982646942138672e+00 3.210984230041503906e+00
1 1.042199969291687012e+00 3.478404045104980469e+00 8.468952775001525879e-01 2.214075088500976562e+00 8.134369850158691406e-01 2.242517948150634766e+00 -8.272747039794921875e+00 -1.787417602539062500e+01 -2.735498619079589844e+01 1.130061340332031250e+01 1.664347648620605469e+00 1.939199447631835938e+00 -6.945501327514648438e+00
1 1.042199969291687012e+00 1.713095903396606445e+00 -2.197074174880981445e+00 -2.082279443740844727e+00 -1.144131302833557129e+00 -6.714248657226562500e+00 3.518724203109741211e+00 -9.401334762573242188e+00 -7.058652400970458984e+00 1.144734859466552734e+00 -1.337826251983642578e+00 -7.129637718200683594e+00 1.465073823928833008e+00
1 1.042199969291687012e+00 1.442417979240417480e+00 -4.973956644535064697e-01 -2.112779617309570312e+00 -5.224161148071289062e+00 -3.639088153839111328e+00 5.370367050170898438e+00 -2.212309837341308594e+01 2.520605468750000000e+01 -7.301822662353515625e+00 -5.201889038085937500e+00 -1.537800073623657227e+00 6.721275806427001953e+00
1 1.042199969291687012e+00 -1.471622467041015625e+00 -1.218948483467102051e+00 5.241704940795898438e+00 4.324378013610839844e+00 3.850489854812622070e-01 -3.677105903625488281e+00 7.198373794555664062e+00 -7.137140274047851562e+00 -1.135889244079589844e+01 1.810296893119812012e+00 7.192282080650329590e-01 7.109909653663635254e-01
1 1.042199969291687012e+00 -5.262263417243957520e-01 -2.875516414642333984e+00 2.591315746307373047e+00 -2.593392372131347656e+00 3.455176830291748047e+00 1.955112457275390625e+00 1.783738327026367188e+01 -9.863639831542968750e+00 1.011614704132080078e+01 -2.765763998031616211e+00 4.042081356048583984e+00 8.271767497062683105e-01
1 1.042199969291687012e+00 3.151322126388549805e+00 2.308243036270141602e+00 5.309161663055419922e+00 1.308662176132202148e+00 5.293598771095275879e-02 5.018429279327392578e+00 -1.424875450134277344e+01 -7.045648097991943359e+00 -2.742837142944335938e+01 5.457330942153930664e-01 8.378031253814697266e-01 4.178382873535156250e+00
1 1.042199969291687012e+00 -3.636188030242919922e+00 1.464106440544128418e+00 -6.362656950950622559e-01 -4.400128722190856934e-01 -7.485255241394042969e+00 -2.453762054443359375e+00 -3.390659332275390625e+00 1.418006324768066406e+01 1.414464187622070312e+01 -7.721799015998840332e-01 -6.765386581420898438e+00 -1.748266816139221191e+00
1 1.042199969291687012e+00 -2.739068984985351562e+00 -5.546469092369079590e-01 2.220352411270141602e+00 5.568015098571777344e+00 3.226823329925537109e+00 2.784369468688964844e+00 -2.953634643554687500e+01 3.007411956787109375e+01 -1.545148277282714844e+01 4.282761573791503906e+00 2.826155424118041992e+00 3.533631801605224609e+00
1 1.042199969291687012e+00 8.160866498947143555e-01 6.224708557128906250e-01 4.223410129547119141e+00 -2.267781734466552734e+00 8.091121673583984375e+00 5.939699411392211914e-01 -5.305981063842773438e+01 -5.724558830261230469e+00 -4.544332122802734375e+01 -1.002079606056213379e+00 7.448583126068115234e+00 1.202859878540039062e+00
1 1.042199969291687012e+00 -2.924412250518798828e+00 1.353050470352172852e+00 1.504098653793334961e+00 -1.328518837690353394e-01 -3.859813213348388672e+00 -6.248072624206542969e+00 -1.429962825775146484e+01 3.350010395050048828e+00 1.703645896911621094e+01 1.868516206741333008e-03 -4.205385208129882812e+00 -8.262696266174316406e+00
1 1.042199969291687012e+00 4.614116191864013672e+00 1.245026230812072754e+00 -3.347178697586059570e+00 4.282201766967773438e+00 3.204795360565185547e+00 -2.601590633392333984e+00 -1.282383155822753906e+01 1.675108194351196289e+00 2.257242679595947266e+00 4.043162822723388672e+00 4.199754595756530762e-01 -3.008673429489135742e+00
1 1.042199969291687012e+00 3.849426656961441040e-02 -2.998562097549438477e+00 -1.425227403640747070e+00 8.225272178649902344e+00 1.184460043907165527e+00 -6.311835646629333496e-01 -1.842656707763671875e+01 1.301645278930664062e+01 -1.081762695312500000e+01 7.664388656616210938e+00 2.756817638874053955e-01 1.345379203557968140e-01
1 1.042199969291687012e+00 4.052639484405517578e+00 3.644964694976806641e-01 5.189175605773925781e+00 -2.361419200897216797e+00 -1.705856561660766602e+00 4.447357177734375000e+00 -2.390623092651367188e+01 -2.306309223175048828e+00 3.589439392089843750e+00 -1.959127664566040039e+00 -7.105561494827270508e-01 6.036131381988525391e+00
1 1.042199969291687012e+00 3.205110311508178711e+00 -2.265829324722290039e+00 2.284345626831054688e+00 -1.647633790969848633e+00 6.231819391250610352e-01 2.511016845703125000e+00 -2.152597427368164062e+01 1.345214653015136719e+01 -2.008201837539672852e+00 -1.802695244550704956e-01 1.167006134986877441e+00 1.952844619750976562e+00
1 1.042199969291687012e+00 2.905770540237426758e+00 2.308141231536865234e+00 -5.253978967666625977e-01 -3.578958988189697266e+00 3.392876148223876953e+00 -1.654790639877319336e+00 -3.774253845214843750e+01 -2.798764801025390625e+01 8.687277793884277344e+00 -2.256599664688110352e+00 4.552005767822265625e+00 -2.306022405624389648e+00
1 1.042199969291687012e+00 2.680689334869384766e+00 2.326325893402099609e+00 1.307857036590576172e+00 3.158293247222900391e+00 -5.764513492584228516e+00 3.170599222183227539e+00 -1.140039443969726562e+01 2.273831558227539062e+01 7.230727195739746094e+00 2.435453653335571289e+00 -4.903972148895263672e+00 2.196683168411254883e+00
1 1.042199969291687012e+00 3.309353113174438477e+00 -1.080745100975036621e+00 -2.291371822357177734e+00 3.525784015655517578e+00 -7.976556777954101562e+00 -3.066178321838378906e+00 -4.651864624023437500e+01 -3.688222503662109375e+01 3.103050994873046875e+01 3.808479070663452148e+00 -6.191378593444824219e+00 -2.985243320465087891e+00
1 1.042199969291687012e+00 2.583078622817993164e+00 9.073271751403808594e-01 3.868377685546875000e+00 -5.487738609313964844e+00 1.938269138336181641e+00 -4.733925461769104004e-01 1.652839088439941406e+01 -3.799432754516601562e+00 1.362119102478027344e+01 -6.102866649627685547e+00 -6.937055587768554688e-01 -2.802840471267700195e-01
1 1.042199969291687012e+00 -2.751406669616699219e+00 3.086726665496826172e+00 4.335527896881103516e+00 -3.211528062820434570e-01 1.042714416980743408e-01 -2.885064363479614258e+00 -1.437678337097167969e+00 -1.292701911926269531e+01 -6.303975582122802734e+00 1.061238646507263184e-01 1.464733242988586426e+00 -2.513890266418457031e+00
1 1.042199969291687012e+00 9.640396833419799805e-01 2.115403413772583008e+00 -6.276886910200119019e-02 -3.754870891571044922e+00 -5.637490749359130859e+00 -7.080444335937500000e+00 4.182754516601562500e+01 1.210482120513916016e+00 -5.013458728790283203e+00 -3.351287603378295898e+00 -4.669963836669921875e+00 -6.387021064758300781e+00
1 1.042199969291687012e+00 -5.810325145721435547e-01 3.106204986572265625e+00 2.833568751811981201e-01 8.338500976562500000e+00 -3.369844198226928711e+00 -1.842342853546142578e+00 6.035648345947265625e+01 -1.018645763397216797e+00 2.425698280334472656e+00 5.958967208862304688e+00 -2.851413726806640625e+00 -5.833726525306701660e-01
1 1.042199969291687012e+00 -1.064108252525329590e+00 -2.725188970565795898e+00 4.108290374279022217e-01 -2.413005352020263672e+00 -6.029855728149414062e+00 6.226501941680908203e+00 -2.351405382156372070e+00 -2.423347091674804688e+01 -1.119941902160644531e+01 -1.701583147048950195e+00 -4.262776374816894531e+00 7.080145359039306641e+00
1 1.042199969291687012e+00 5.306861877441406250e+00 7.663016319274902344e-01 1.842759847640991211e+00 3.814759254455566406e+00 5.320609569549560547e+00 1.876642853021621704e-01 1.007951354980468750e+01 -2.279557800292968750e+01 4.124229907989501953e+00 3.418978929519653320e+00 7.607619762420654297e+00 2.393107861280441284e-01
1 1.042199969291687012e+00 -8.638160303235054016e-03 4.135472297668457031e+00 4.059293746948242188e+00 -5.110917091369628906e+00 -2.985083818435668945e+00 -3.665582537651062012e-01 2.055680274963378906e+01 -1.516180610656738281e+01 -6.236592769622802734e+00 -6.752051830291748047e+00 -1.606621146202087402e+00 -1.073670148849487305e+00
1 1.042199969291687012e+00 -4.233448505401611328e+00 -8.393378257751464844e-01 -2.604540109634399414e+00 -1.600604057312011719e+00 -6.501142978668212891e-01 1.981369107961654663e-01 5.388617038726806641e+00 -2.664310455322265625e+00 9.709306716918945312e+00 -4.841238021850585938e+00 1.283122301101684570e-01 -1.361079216003417969e-01
1 1.042199969291687012e+00 1.003257513046264648e+00 -5.012712001800537109e+00 -1.283938884735107422e+00 2.200287342071533203e+00 -4.539602398872375488e-01 5.703496932983398438e+00 1.567087554931640625e+01 8.758655548095703125e+00 -1.430131244659423828e+01 1.144645214080810547e+00 -2.328845262527465820e-01 5.731304168701171875e+00
1 1.042199969291687012e+00 -1.221717476844787598e+00 2.142612785100936890e-01 1.542947769165039062e+00 -6.221448898315429688e+00 -6.850380420684814453e+00 -3.423298001289367676e-01 -1.038202857971191406e+01 -1.775761032104492188e+01 2.973423767089843750e+01 -4.355414867401123047e+00 -4.883406162261962891e+00 -6.291391849517822266e-01
1 1.042199969291687012e+00 5.073523521423339844e+00 -3.670533180236816406e+00 -3.093858361244201660e-01 -5.373246669769287109e-01 -5.264720916748046875e-01 -1.679716825485229492e+00 2.322230339050292969e+00 2.640242958068847656e+01 -1.347095727920532227e+00 7.594743371009826660e-01 -4.074168801307678223e-01 -3.219649314880371094e+00
1 1.042199969291687012e+00 -3.742445707321166992e-01 -2.914874076843261719e+00 4.504509925842285156e+00 -3.289154291152954102e+00 -2.808643817901611328e+00 -3.472660064697265625e+00 -5.307062149047851562e+00 -2.783436775207519531e+00 -6.252400875091552734e+00 -3.794174194335937500e+00 -1.329739093780517578e+00 -2.263931274414062500e+00
1 1.042199969291687012e+00 -6.865922212600708008e-01 3.313857555389404297e+00 2.540955781936645508e+00 -6.634184718132019043e-01 4.450887203216552734e+00 5.047738075256347656e+00 1.992154693603515625e+01 -6.613593101501464844e+00 7.708256244659423828e+00 7.541398406028747559e-01 2.816781997680664062e+00 4.639512062072753906e+00
1 1.042199969291687012e+00 -3.949380874633789062e+00 9.451460838317871094e-01 3.149732828140258789e+00 2.597017765045166016e+00 2.482002496719360352e+00 4.493968486785888672e-01 2.963728332519531250e+01 -1.078146648406982422e+01 -5.478364944458007812e+00 9.760041236877441406e-01 2.065367937088012695e+00 -3.101166486740112305e-01
1 1.042199969291687012e+00 5.939885377883911133e-01 -3.184246063232421875e+00 1.116646647453308105e+00 4.090049862861633301e-01 4.706114768981933594e+00 6.397469520568847656e+00 -7.526583671569824219e+00 1.154248809814453125e+01 -4.994378662109375000e+01 2.908434152603149414e+00 3.984070062637329102e+00 6.649913787841796875e+00
1 1.042199969291687012e+00 -1.211552500724792480e+00 1.958483695983886719e+00 1.384780883789062500e+00 -6.159206032752990723e-01 -2.263704061508178711e+00 8.900096893310546875e+00 1.043152999877929688e+01 -1.023976993560791016e+01 3.031721878051757812e+01 -2.314663231372833252e-01 -2.992949008941650391e+00 6.691139698028564453e+00
1 1.042199969291687012e+00 -1.179943233728408813e-01 2.657052993774414062e+00 -1.367758631706237793e+00 4.324270248413085938e+00 2.813354730606079102e+00 -7.705214500427246094e+00 -1.052208423614501953e+01 -9.502553939819335938e-02 -1.413698005676269531e+01 4.915781497955322266e+00 3.928572893142700195e+00 -7.121063709259033203e+00
1 1.042199969291687012e+00 4.330269336700439453e+00 9.075310230255126953e-01 -1.470526456832885742e+00 2.883917331695556641e+00 -1.509671449661254883e+00 -6.177654266357421875e+00 -3.128032684326171875e+01 1.103872537612915039e+00 2.493364334106445312e+01 3.360117912292480469e+00 -1.042560100555419922e+00 -4.684435844421386719e+00
1 1.042199969291687012e+00 1.929030656814575195e+00 -7.166917324066162109e-01 4.666875839233398438e+00 -7.430725097656250000e-01 -4.425591468811035156e+00 -1.393201112747192383e+00 3.512174224853515625e+01 1.710730552673339844e+01 2.133206558227539062e+01 6.148000955581665039e-01 -4.416788578033447266e+00 3.193086385726928711e-01
1 1.042199969291687012e+00 1.340443134307861328e+00 -2.786374568939208984e+00 -4.578768253326416016e+00 3.261439323425292969e+00 -5.610667467117309570e-01 2.599208831787109375e+00 1.102555465698242188e+01 -3.685935974121093750e+00 -1.198967838287353516e+01 3.841306686401367188e+00 1.100300908088684082e+00 1.532834410667419434e+00
1 1.042199969291687012e+00 -1.375360786914825439e-01 -1.231724500656127930e+00 -1.791198968887329102e+00 6.990526199340820312e+00 2.940619468688964844e+00 2.741410970687866211e+00 -4.151175022125244141e+00 2.137262344360351562e+01 3.219306182861328125e+01 8.528483390808105469e+00 3.808904886245727539e+00 2.876929759979248047e+00
1 1.042199969291687012e+00 1.134845018386840820e+00 -2.106245040893554688e+00 2.350200176239013672e+00 2.207724809646606445e+00 5.766809582710266113e-01 7.881072998046875000e+00 1.867819976806640625e+01 1.706593704223632812e+01 1.380437564849853516e+01 1.101345539093017578e+00 1.455918669700622559e+00 9.302856445312500000e+00
1 1.042199969291687012e+00 9.102652072906494141e-01 1.757956743240356445e-01 -5.054294466972351074e-01 -5.372619628906250000e+00 2.941987514495849609e+00 7.236155509948730469e+00 1.362273025512695312e+01 -1.115510845184326172e+01 -6.609834194183349609e+00 -5.603159427642822266e+00 -7.234292626380920410e-01 5.189044952392578125e+00
1 1.042199969291687012e+00 2.349224328994750977e+00 -2.253179788589477539e+00 3.847461700439453125e+00 -7.456994056701660156e+00 -2.103064358234405518e-01 3.372064590454101562e+00 -9.075493812561035156e+00 2.813525199890136719e-01 -2.340247344970703125e+01 -6.883136749267578125e+00 5.853825807571411133e-01 4.247182369232177734e+00
1 1.042199969291687012e+00 1.220037937164306641e+00 -6.151592731475830078e-01 1.145004510879516602e+00 -7.355153083801269531e+00 -2.791862487792968750e+00 -5.510437965393066406e+00 2.086468219757080078e+00 -3.053160858154296875e+01 -1.301533699035644531e+01 -4.828540802001953125e+00 -2.019675016403198242e+00 -4.774707794189453125e+00
1 1.042199969291687012e+00 4.520347595214843750e+00 -9.671289920806884766e-01 2.095885753631591797e+00 6.211675405502319336e-01 -7.990943908691406250e+00 5.484355092048645020e-01 -2.186569213867187500e+00 1.909499740600585938e+01 -1.510159015655517578e+01 2.423792332410812378e-01 -6.533802986145019531e+00 7.340998649597167969e-01
1 1.042199969291687012e+00 -5.196962356567382812e-01 9.060356616973876953e-01 -4.662935733795166016e+00 1.692532896995544434e+00 1.992826581001281738e+00 -5.435417652130126953e+00 1.516437721252441406e+01 4.215781688690185547e+00 2.845304489135742188e+00 -2.169143676757812500e+00 3.102702498435974121e-01 -3.123009681701660156e+00
1 1.042199969291687012e+00 -3.381463289260864258e-01 -3.999693393707275391e-01 -3.354329109191894531e+00 2.386037826538085938e+00 -6.560992240905761719e+00 4.849382877349853516e+00 -6.455096244812011719e+00 3.612020492553710938e+00 2.678010749816894531e+01 3.021814823150634766e+00 -6.907737255096435547e+00 5.734246730804443359e+00
1 1.042199969291687012e+00 1.545022487640380859e+00 1.567020654678344727e+00 -1.812169313430786133e+00 1.532964706420898438e+00 8.424852371215820312e+00 -5.262183189392089844e+00 -2.010407257080078125e+01 -2.888437652587890625e+01 3.625897979736328125e+01 1.134763240814208984e+00 6.897747993469238281e+00 -2.634440898895263672e+00
1 1.042199969291687012e+00 -1.759248077869415283e-01 1.272939682006835938e+00 2.773360252380371094e+00 -2.096738576889038086e+00 3.902417421340942383e+00 -6.933059692382812500e+00 -3.055952644348144531e+01 1.324310874938964844e+01 8.393796920776367188e+00 -8.327082395553588867e-01 4.681692123413085938e+00 -5.144168853759765625e+00
1 1.042199969291687012e+00 -2.092496871948242188e+00 -1.199550271034240723e+00 6.584886908531188965e-01 5.011532306671142578e+00 2.816429376602172852e+00 8.429519653320312500e+00 5.951709747314453125e-01 1.180040645599365234e+01 -2.876373767852783203e+00 3.070952415466308594e+00 1.432551383972167969e+00 4.481303691864013672e+00
1 1.042199969291687012e+00 1.649184226989746094e+00 1.066956877708435059e+00 2.344819784164428711e+00 7.768412590026855469e+00 2.327815055847167969e+00 -4.397655963897705078e+00 -1.260814094543457031e+01 -1.075004291534423828e+01 -1.973442077636718750e+01 6.537012100219726562e+00 2.955765962600708008e+00 -4.962024211883544922e+00
1 1.042199969291687012e+00 1.602457642555236816e+00 -4.867117404937744141e+00 5.202504992485046387e-01 4.374264717102050781e+00 -2.602847337722778320e+00 2.536466360092163086e+00 6.166901588439941406e-01 1.603710174560546875e+01 -8.316042900085449219e+00 5.291991710662841797e+00 -5.145771980285644531e+00 2.150901079177856445e+00
1 1.042199969291687012e+00 1.711688995361328125e+00 9.663785696029663086e-01 5.633561611175537109e+00 -6.004479885101318359e+00 5.630578517913818359e+00 -2.408381938934326172e+00 7.648139953613281250e+00 1.544709110260009766e+01 1.072047138214111328e+01 -4.213190078735351562e+00 5.831385135650634766e+00 -1.145268917083740234e+00
1 1.042199969291687012e+00 -2.408494055271148682e-02 7.634458541870117188e-01 -1.879300355911254883e+00 3.929762840270996094e+00 -7.060713768005371094e+00 1.691746115684509277e-01 -3.098386955261230469e+01 -1.649592781066894531e+01 -3.573343753814697266e+00 5.587496757507324219e+00 -6.935029506683349609e+00 9.091769456863403320e-01
1 1.042199969291687012e+00 5.958710193634033203e+00 3.079218864440917969e-01 -1.364121437072753906e+00 -1.190223932266235352e+00 6.355641365051269531e+00 3.103987216949462891e+00 1.495053386688232422e+01 -4.454754829406738281e+00 1.149198150634765625e+01 -3.101015686988830566e-01 6.325906753540039062e+00 1.754639983177185059e+00
1 1.042199969291687012e+00 -1.594079613685607910e+00 4.090270519256591797e+00 -8.382570743560791016e-01 6.445675849914550781e+00 -4.757589340209960938e+00 2.921548366546630859e+00 3.704412078857421875e+01 -3.319865798950195312e+01 -1.786584663391113281e+01 6.309311866760253906e+00 -3.514445304870605469e+00 -1.484556943178176880e-01
1 1.042199969291687012e+00 2.143444061279296875e+00 -6.606711745262145996e-01 2.876331806182861328e+00 -2.150224208831787109e+00 4.589858949184417725e-01 -8.140869140625000000e+00 -8.597585678100585938e+00 1.327247333526611328e+01 -4.145381546020507812e+01 -2.668247222900390625e+00 -2.707410812377929688e+00 -7.271463394165039062e+00
1 1.042199969291687012e+00 5.984696865081787109e+00 -1.754173755645751953e+00 -1.036817073822021484e+00 -4.375914573669433594e+00 1.634188175201416016e+00 1.664860725402832031e+00 -2.610992050170898438e+01 7.902818202972412109e+00 1.293657684326171875e+01 -4.302843570709228516e+00 2.135596871376037598e-01 1.671874403953552246e+00
1 1.042199969291687012e+00 -1.584638833999633789e+00 3.236332893371582031e+00 -2.555493354797363281e+00 -7.359972000122070312e+00 2.362138271331787109e+00 -2.764579057693481445e-01 3.026194953918457031e+01 3.894420623779296875e+00 4.209728240966796875e-01 -8.032269477844238281e+00 1.099543094635009766e+00 -5.245171785354614258e-01
1 1.042199969291687012e+00 4.006469726562500000e+00 -2.156515359878540039e+00 6.424452066421508789e-01 -5.101449489593505859e+00 1.635617017745971680e+00 -4.749982357025146484e+00 2.492197418212890625e+01 -1.967751312255859375e+01 7.097115516662597656e-01 -3.709535360336303711e+00 -1.327769517898559570e+00 -3.602369070053100586e+00
1 1.042199969291687012e+00 5.780047774314880371e-01 -1.876132488250732422e+00 -1.644815802574157715e-01 -7.350290298461914062e+00 3.887577533721923828e+00 -4.170989990234375000e+00 -2.230609130859375000e+01 3.045835876464843750e+01 9.362285614013671875e+00 -8.113241195678710938e+00 3.240777015686035156e+00 -2.993837118148803711e+00
1 1.042199969291687012e+00 3.329017400741577148e+00 -2.674906969070434570e+00 -9.900906085968017578e-01 -7.101564407348632812e-01 5.643783092498779297e+00 -5.057502269744873047e+00 -1.135654926300048828e+00 2.717511749267578125e+01 -2.022545814514160156e+01 -5.356814861297607422e-01 3.905476808547973633e+00 -4.970858097076416016e+00
1 1.042199969291687012e+00 -4.490989208221435547e+00 -3.512681484222412109e+00 1.026149988174438477e+00 2.316949367523193359e+00 3.479291915893554688e+00 -3.882416248321533203e+00 1.732451248168945312e+01 8.689273834228515625e+00 -1.027884292602539062e+01 1.933831930160522461e+00 3.397213459014892578e+00 -2.956826686859130859e+00
1 1.042199969291687012e+00 -2.600299417972564697e-01 3.438361167907714844e+00 -4.332864284515380859e+00 1.189617753028869629e+00 -4.331765174865722656e+00 -3.488538265228271484e-01 1.063558387756347656e+01 7.964906692504882812e-01 1.606054306030273438e-01 2.047145843505859375e+00 -2.622331857681274414e+00 -3.219553232192993164e-01
1 1.042199969291687012e+00 -3.678831100463867188e+00 2.956237792968750000e+00 9.030309915542602539e-01 7.110774040222167969e+00 1.694629788398742676e+00 -2.171368598937988281e+00 6.634865760803222656e+00 1.269765853881835938e+00 -2.658936977386474609e+00 4.880015850067138672e+00 9.945936203002929688e-01 1.410443484783172607e-01
1 1.042199969291687012e+00 -6.764138936996459961e-01 -4.489055633544921875e+00 -2.098090171813964844e+00 -2.611472368240356445e+00 -3.872714996337890625e+00 8.734818696975708008e-01 -1.034435510635375977e+00 -1.366617774963378906e+01 -2.643796348571777344e+01 -3.813437461853027344e+00 -5.131837368011474609e+00 6.978155970573425293e-01
1 1.042199969291687012e+00 4.002960681915283203e+00 9.913470745086669922e-01 4.827811717987060547e-01 1.272455453872680664e+00 -4.265593528747558594e+00 -3.766507148742675781e+00 1.333668708801269531e+00 -1.669169998168945312e+01 -2.789999198913574219e+01 3.327538013458251953e+00 -2.005649328231811523e+00 -3.263176083564758301e-01
1 1.042199969291687012e+00 1.045581936836242676e+00 1.896987915039062500e+00 -5.071528911590576172e+00 -3.215516805648803711e+00 -2.308281421661376953e+00 -5.771331787109375000e+00 -1.410653400421142578e+01 3.915297031402587891e+00 1.877945709228515625e+01 -2.518894672393798828e+00 -1.561410427093505859e-01 -5.583740234375000000e+00
1 1.042199969291687012e+00 3.588240146636962891e+00 3.874859333038330078e+00 -1.429934501647949219e+00 -2.352574348449707031e+00 -4.530075073242187500e+00 -1.386474132537841797e+00 -3.442272901535034180e+00 -8.689048767089843750e+00 9.873590469360351562e+00 -2.898037433624267578e+00 -5.971229553222656250e+00 -2.229260444641113281e+00
1 1.042199969291687012e+00 -3.208937644958496094e+00 6.185984611511230469e-01 -2.112048625946044922e+00 4.804959297180175781e+00 5.996871948242187500e+00 -2.215344905853271484e+00 1.347785568237304688e+01 -1.544248199462890625e+01 2.361217498779296875e+01 5.190618991851806641e+00 6.776576519012451172e+00 -1.289236307144165039e+00
1 1.042199969291687012e+00 4.578151702880859375e+00 1.627576112747192383e+00 3.794103622436523438e+00 5.313883781433105469e+00 -1.705701589584350586e+00 9.567514657974243164e-01 -2.237553596496582031e+01 -1.149192810058593750e+01 -1.381447982788085938e+01 5.730906009674072266e+00 -1.082245349884033203e+00 -6.900162100791931152e-01
1 1.042199969291687012e+00 3.431319594383239746e-01 4.440435886383056641e+00 -5.844160318374633789e-01 3.530795097351074219e+00 -1.960446596145629883e+00 5.882348060607910156e+00 -5.630262851715087891e+00 -2.271752548217773438e+01 -1.339545154571533203e+01 4.647161960601806641e+00 -1.689364314079284668e+00 6.938593864440917969e+00
1 1.042199969291687012e+00 -3.307270526885986328e+00 -8.545621037483215332e-01 -7.354524135589599609e-01 4.766895294189453125e+00 -2.744303345680236816e-01 -5.681507110595703125e+00 2.472896194458007812e+01 -6.776190996170043945e-01 -3.179933929443359375e+01 6.472867012023925781e+00 -9.453846812248229980e-01 -4.978144168853759766e+00
1 1.042199969291687012e+00 2.219292163848876953e+00 8.121401071548461914e-01 5.281805396080017090e-01 -1.676642596721649170e-01 -2.128412008285522461e+00 -5.996527671813964844e+00 -2.061196517944335938e+01 1.501916885375976562e+00 9.513464927673339844e+00 -2.110738992691040039e+00 1.152998566627502441e+00 -7.099554061889648438e+00
1 1.042199969291687012e+00 1.639366149902343750e+00 3.915781021118164062e+00 2.410936594009399414e+00 5.049263954162597656e+00 4.040143013000488281e+00 5.520071983337402344e+00 -3.638800621032714844e+00 -3.152783584594726562e+01 1.442165756225585938e+01 2.719117879867553711e+00 3.484855651855468750e+00 5.042674064636230469e+00
1 1.042199969291687012e+00 8.474166393280029297e-01 2.745866060256958008e+00 5.520016193389892578e+00 -2.807616710662841797e+00 -3.658453941345214844e+00 3.263760089874267578e+00 -6.736770629882812500e+00 -1.369893264770507812e+01 -2.752110671997070312e+01 -1.728920340538024902e+00 -4.287421703338623047e+00 1.996813058853149414e+00
1 1.042199969291687012e+00 -1.294894099235534668e+00 -4.127985000610351562e+00 1.568479180335998535e+00 -4.092744827270507812e+00 3.374509334564208984e+00 -6.602394104003906250e+00 -1.182933044433593750e+01 6.653628826141357422e+00 -4.520819664001464844e+00 -3.134169816970825195e+00 3.161926031112670898e+00 -5.278775215148925781e+00
1 1.042199969291687012e+00 3.771012425422668457e-01 -2.094317913055419922e+00 -3.293917179107666016e+00 -6.442554473876953125e+00 3.643623590469360352e+00 3.842098474502563477e+00 3.623765468597412109e+00 1.064786720275878906e+01 2.185071563720703125e+01 -6.753263473510742188e+00 2.948192834854125977e+00 2.357440471649169922e+00
1 1.042199969291687012e+00 -2.656368017196655273e+00 -4.460883617401123047e+00 4.434475302696228027e-01 3.430522680282592773e-01 -2.377022743225097656e+00 1.737631797790527344e+00 -1.892400741577148438e+00 3.528624057769775391e+00 -5.066110610961914062e+00 9.922345280647277832e-01 -5.041109561920166016e+00 2.445500850677490234e+00
1 1.042199969291687012e+00 -2.031522989273071289e+00 -9.341322183609008789e-01 -2.889951229095458984e+00 7.462562561035156250e+00 -3.866815567016601562e-01 3.450919628143310547e+00 -6.244559764862060547e+00 6.299281120300292969e+00 3.331356430053710938e+01 7.151500701904296875e+00 -2.048282623291015625e+00 3.682924032211303711e+00
1 1.042199969291687012e+00 6.203486919403076172e-01 2.563901424407958984e+00 1.709010601043701172e+00 6.853108406066894531e+00 -3.596732616424560547e+00 6.376143455505371094e+00 3.130755424499511719e+01 -1.602375268936157227e+00 -3.130793762207031250e+01 4.322103023529052734e+00 -1.336479306221008301e+00 4.916831970214843750e+00
1 1.042199969291687012e+00 -1.835346937179565430e+00 1.754474163055419922e+00 -1.557564258575439453e+00 -2.228686332702636719e+00 -9.250905036926269531e+00 2.560446262359619141e-01 1.325810050964355469e+01 4.266103267669677734e+00 4.497422218322753906e+00 -2.667597532272338867e+00 -6.626027584075927734e+00 7.325061559677124023e-01
1 1.042199969291687012e+00 3.245563507080078125e+00 2.131630420684814453e+00 -2.281640768051147461e+00 -3.804457664489746094e+00 -2.385839223861694336e+00 -2.002240121364593506e-01 -5.156724929809570312e+00 8.187186241149902344e+00 -1.150526809692382812e+01 -6.050485134124755859e+00 1.648963689804077148e-01 5.586335659027099609e-01
1 1.042199969291687012e+00 -4.924827098846435547e+00 1.117995083332061768e-01 -9.971151351928710938e-01 6.108620017766952515e-02 -8.223273754119873047e-01 -3.162417411804199219e+00 7.513692855834960938e+00 4.940816402435302734e+00 3.296428203582763672e+00 2.030246496200561523e+00 -1.039911985397338867e+00 -3.689945220947265625e+00
1 1.042199969291687012e+00 -1.417237892746925354e-02 2.084362030029296875e+00 -3.081282138824462891e+00 -8.845118522644042969e+00 -2.686713218688964844e+00 -3.178012371063232422e+00 -4.229447937011718750e+01 3.452686309814453125e+00 1.723711490631103516e+00 -5.174443721771240234e+00 -9.228637218475341797e-01 1.650812387466430664e+00
1 1.042199969291687012e+00 -1.661857366561889648e+00 9.375078678131103516e-01 -3.137405395507812500e+00 -5.424801826477050781e+00 6.155337810516357422e+00 6.013625860214233398e-01 2.199909782409667969e+01 -9.924671173095703125e+00 2.512366294860839844e+01 -4.117390155792236328e+00 6.152283191680908203e+00 7.076882719993591309e-01
1 1.042199969291687012e+00 1.698400735855102539e+00 2.584851741790771484e+00 -3.196678638458251953e+00 -2.458098411560058594e+00 1.367368936538696289e+00 -1.998810529708862305e+00 3.000685691833496094e+00 3.220513534545898438e+01 -2.790343093872070312e+01 -8.886370658874511719e-01 1.145992279052734375e+00 -3.609748840332031250e+00
1 1.042199969291687012e+00 4.052281379699707031e-01 -1.364093065261840820e+00 4.148058414459228516e+00 4.311269760131835938e+00 -4.610766410827636719e+00 -4.961701393127441406e+00 -2.166316223144531250e+01 2.939617156982421875e+00 -4.424673080444335938e+01 5.413571834564208984e+00 -5.691305160522460938e+00 -4.878520965576171875e+00
1 1.042199969291687012e+00 -1.004297614097595215e+00 5.195621967315673828e+00 -3.059552192687988281e+00 -3.491936326026916504e-01 -6.089974045753479004e-01 3.790535926818847656e+00 -3.752018213272094727e+00 -1.932402420043945312e+01 9.146279335021972656e+00 -2.893115997314453125e+00 -1.731805801391601562e-01 3.701273918151855469e+00
1 1.042199969291687012e+00 -1.022783637046813965e+00 5.794965267181396484e+00 -8.459826707839965820e-01 -2.438914775848388672e+00 -5.661597251892089844e+00 3.088139057159423828e+00 -4.675504684448242188e+00 -3.916317939758300781e+00 1.148646736145019531e+01 -2.265961408615112305e+00 -5.111668109893798828e+00 1.816132545471191406e+00
1 1.042199969291687012e+00 -2.514450311660766602e+00 -3.872994422912597656e+00 -3.002638816833496094e+00 -2.903330922126770020e-01 4.622625827789306641e+00 3.033318519592285156e+00 -3.664259910583496094e-01 4.336176872253417969e+00 3.697443962097167969e+00 1.393928527832031250e+00 4.033771991729736328e+00 1.737251281738281250e+00
1 1.042199969291687012e+00 2.143203735351562500e+00 -1.338673949241638184e+00 -6.141322255134582520e-01 -7.009024620056152344e+00 -3.819074153900146484e+00 2.547845602035522461e+00 1.152594089508056641e+01 3.957343292236328125e+01 3.315781402587890625e+01 -7.457410812377929688e+00 -4.537020206451416016e+00 4.349328279495239258e-01
1 1.042199969291687012e+00 -3.027417659759521484e+00 -7.195529341697692871e-01 3.988966464996337891e+00 3.825555324554443359e+00 -5.104430198669433594e+00 -1.467758059501647949e+00 5.651456356048583984e+00 -9.794167518615722656e+00 -1.148100757598876953e+01 3.500395774841308594e+00 -3.307208061218261719e+00 -1.370441615581512451e-01
1 1.042199969291687012e+00 1.726606845855712891e+00 3.285525798797607422e+00 -1.484843134880065918e+00 5.617839097976684570e-01 -6.639759063720703125e+00 -5.170371532440185547e+00 -2.055486297607421875e+01 1.949937820434570312e+01 2.784008598327636719e+01 7.114279270172119141e-01 -8.099639892578125000e+00 -6.347813129425048828e+00
1 1.042199969291687012e+00 -3.241123199462890625e+00 -1.900707960128784180e+00 -3.958470344543457031e+00 4.256670951843261719e+00 -1.728380560874938965e+00 -5.684734582901000977e-01 1.641066932678222656e+01 -1.715103626251220703e+00 8.060274124145507812e+00 3.646518707275390625e+00 -1.288417458534240723e+00 -3.344764471054077148e+00
1 1.042199969291687012e+00 2.737556457519531250e+00 1.509328842163085938e+00 -4.333098411560058594e+00 8.996375799179077148e-01 -3.960535526275634766e+00 5.076765060424804688e+00 2.075761795043945312e+01 2.419995689392089844e+01 2.881393432617187500e+00 -9.876577854156494141e-01 -2.035988092422485352e+00 5.306896209716796875e+00
1 1.042199969291687012e+00 2.285347938537597656e+00 4.610760688781738281e+00 -2.696112155914306641e+00 2.264585971832275391e+00 5.293605804443359375e+00 -4.577702999114990234e+00 1.170399188995361328e+00 -2.062279129028320312e+01 1.054672241210937500e+01 1.311215877532958984e+00 3.647049188613891602e+00 -2.616823673248291016e+00
1 1.042199969291687012e+00 -5.022678375244140625e+00 2.737006187438964844e+00 -5.580798983573913574e-01 2.137536287307739258e+00 -4.937468767166137695e-01 2.073903083801269531e+00 1.515078544616699219e+01 -3.857146263122558594e+00 -1.977261185646057129e+00 3.624844551086425781e+00 6.793205738067626953e-01 2.772191047668457031e+00
1 1.042199969291687012e+00 -1.157019615173339844e+00 -2.184423446655273438e+00 -4.773515701293945312e+00 2.568129897117614746e-01 1.833545684814453125e+00 3.085468411445617676e-01 -1.174361991882324219e+01 -6.869058609008789062e+00 2.382369232177734375e+01 1.170621156692504883e+00 3.787343978881835938e+00 -9.866663217544555664e-01
1 1.042199969291687012e+00 2.146264553070068359e+00 5.157092094421386719e+00 -8.116130828857421875e-01 2.364545166492462158e-01 3.518740177154541016e+00 2.349120676517486572e-01 -3.119862556457519531e+00 -1.430999183654785156e+01 1.519040107727050781e+01 -1.058642864227294922e+00 4.282478332519531250e+00 -1.032063141465187073e-01
1 1.042199969291687012e+00 -3.876387119293212891e+00 -1.696599483489990234e+00 9.876763820648193359e-01 -1.361867904663085938e+00 5.144389152526855469e+00 -1.746356725692749023e+00 -1.463500118255615234e+01 -4.112987518310546875e-01 1.942609786987304688e+01 -1.269363760948181152e+00 5.425452232360839844e+00 -8.372632265090942383e-01
1 1.042199969291687012e+00 -4.057432651519775391e+00 -2.428620815277099609e+00 2.757394075393676758e+00 -3.493465900421142578e+00 -5.043631196022033691e-01 3.475725173950195312e+00 4.843305110931396484e+00 1.374265575408935547e+01 7.004004001617431641e+00 -3.450035572052001953e+00 7.836949825286865234e-01 5.035960674285888672e+00
1 1.042199969291687012e+00 1.652843713760375977e+00 3.778856277465820312e+00 5.329654216766357422e-01 4.295605659484863281e+00 3.380848169326782227e+00 8.394026756286621094e-01 -1.547523880004882812e+01 -3.427619934082031250e+01 -2.114723205566406250e+01 5.390617847442626953e+00 2.010220766067504883e+00 2.885963022708892822e-01
1 1.042199969291687012e+00 5.856233119964599609e+00 -2.261716127395629883e+00 1.187921047210693359e+00 2.816398143768310547e+00 1.102324962615966797e+00 -4.960528612136840820e-01 -2.002375793457031250e+01 2.971712589263916016e+00 1.411871910095214844e+00 1.905663609504699707e+00 -1.104080677032470703e+00 -3.089127063751220703e+00
1 1.042199969291687012e+00 2.295538187026977539e+00 -2.665109634399414062e+00 7.072958350181579590e-01 1.929522991180419922e+00 7.849204063415527344e+00 7.576744258403778076e-02 -1.398477172851562500e+01 4.857846832275390625e+01 3.052211761474609375e+01 1.266656875610351562e+00 7.618261814117431641e+00 1.438868641853332520e-01
1 1.042199969291687012e+00 5.942513942718505859e+00 1.724986910820007324e+00 2.567419037222862244e-02 2.048250675201416016e+00 1.166110992431640625e+00 3.348017930984497070e+00 -1.355688476562500000e+01 -2.092319107055664062e+01 2.135906457901000977e+00 1.858820199966430664e+00 4.157528400421142578e+00 2.712163686752319336e+00
1 1.042199969291687012e+00 -1.012649774551391602e+00 -3.267571330070495605e-02 3.946747779846191406e+00 -4.367136478424072266e+00 6.218389034271240234e+00 4.688586711883544922e+00 3.787234544754028320e+00 2.070414352416992188e+01 -1.797138023376464844e+01 -3.863868713378906250e+00 5.667251586914062500e+00 3.005628347396850586e+00
1 1.042199969291687012e+00 1.604201078414916992e+00 -3.311890602111816406e+00 -6.922332048416137695e-01 6.087489128112792969e+00 -2.431011676788330078e+00 -2.829159259796142578e+00 -3.354705810546875000e+00 -3.167308235168457031e+01 -1.076413917541503906e+01 5.405580520629882812e+00 -2.628524303436279297e+00 -2.201909542083740234e+00
1 1.042199969291687012e+00 3.579207956790924072e-01 -7.504650354385375977e-01 5.989583492279052734e+00 -1.225208938121795654e-01 3.635938167572021484e+00 -2.498300075531005859e+00 2.596805572509765625e+00 4.410945892333984375e+00 -1.987570571899414062e+01 6.974217891693115234e-01 1.867696404457092285e+00 -2.178492784500122070e+00
1 1.042199969291687012e+00 -1.871514797210693359e+00 -3.613782882690429688e+00 -1.099594593048095703e+00 -3.657792568206787109e+00 -5.827912807464599609e+00 -4.388554096221923828e+00 9.795282363891601562e+00 1.632397651672363281e+00 -1.100360965728759766e+01 -3.800143480300903320e+00 -6.026664257049560547e+00 -1.004150390625000000e+00
1 1.042199969291687012e+00 3.921802520751953125e+00 -8.171157836914062500e-01 -4.889302253723144531e-01 -2.381318092346191406e+00 6.867684364318847656e+00 -2.498414039611816406e+00 -1.952999877929687500e+01 1.716583824157714844e+01 -4.474510574340820312e+01 -2.637564897537231445e+00 8.196007728576660156e+00 -1.806341171264648438e+00
1 1.042199969291687012e+00 2.781168460845947266e+00 4.617736339569091797e-01 -2.956689834594726562e+00 -2.562899589538574219e+00 3.707812547683715820e+00 8.375130653381347656e+00 -6.691131591796875000e+00 9.841890335083007812e+00 3.272039031982421875e+01 7.862166762351989746e-01 2.304590225219726562e+00 6.522107124328613281e+00
1 1.042199969291687012e+00 -1.749896287918090820e+00 4.645669460296630859e+00 3.388717174530029297e+00 1.473408460617065430e+00 -2.258091211318969727e+00 4.540770649909973145e-01 9.791541099548339844e-02 -4.475429058074951172e+00 -1.851077270507812500e+01 1.840544700622558594e+00 -2.522338628768920898e+00 -1.079202771186828613e+00
1 1.042199969291687012e+00 1.046728253364562988e+00 7.500034570693969727e-01 -3.427674293518066406e+00 -2.110973358154296875e+00 -5.620129108428955078e-01 7.384832382202148438e+00 1.527619552612304688e+01 -2.268570327758789062e+01 -1.950389862060546875e+01 -3.392355442047119141e+00 -4.902349039912223816e-02 5.630300521850585938e+00
1 1.042199969291687012e+00 -3.790572166442871094e+00 -1.422755047678947449e-02 7.163432836532592773e-01 -7.030822753906250000e+00 -2.790669798851013184e-01 1.829105377197265625e+00 -1.371537208557128906e+01 1.820230865478515625e+01 1.432863616943359375e+01 -6.459010601043701172e+00 -9.260792732238769531e-01 1.151043176651000977e-02
1 1.042199969291687012e+00 -4.882029533386230469e+00 -5.306800603866577148e-01 2.473117351531982422e+00 -5.286121845245361328e+00 1.753816753625869751e-02 -4.378486156463623047e+00 2.205154418945312500e+01 -7.899772644042968750e+00 -2.137499618530273438e+01 -4.811086177825927734e+00 7.720688581466674805e-01 -2.526568174362182617e+00
1 1.042199969291687012e+00 -1.011055946350097656e+00 2.369404792785644531e+00 4.251419544219970703e+00 3.400940418243408203e+00 -1.496869564056396484e+00 -6.802278518676757812e+00 2.800793266296386719e+01 -1.689742660522460938e+01 -9.223188400268554688e+00 2.841000318527221680e+00 -1.759057044982910156e+00 -8.380810737609863281e+00
1 1.042199969291687012e+00 1.144433021545410156e+00 4.930883407592773438e+00 -4.071281433105468750e+00 -3.107362747192382812e+00 2.510870456695556641e+00 4.162466049194335938e+00 -1.997974014282226562e+01 -1.044645690917968750e+01 -7.119312286376953125e-01 -2.743015766143798828e+00 6.214154958724975586e-01 2.174007892608642578e+00
1 1.042199969291687012e+00 -2.806781530380249023e+00 4.888056755065917969e+00 -2.181999683380126953e+00 -4.414564132690429688e+00 -6.746668815612792969e-01 -3.736601352691650391e+00 9.572624206542968750e+00 1.909621238708496094e+00 2.393120956420898438e+01 -3.789414644241333008e+00 1.784955337643623352e-02 -1.941991448402404785e+00
