0 1.042199969291687012e+00 -6.002935171127319336e-01 6.562913656234741211e-01 -1.938281536102294922e+00 2.613552570343017578e+00 4.640474796295166016e+00 2.103546857833862305e+00 1.073535633087158203e+01 -1.803476715087890625e+01 1.089151191711425781e+01 2.197406053543090820e+00 6.087739467620849609e+00 1.391557931900024414e+00
0 1.042199969291687012e+00 8.424296379089355469e-01 3.767399191856384277e-01 9.363257884979248047e-01 3.707719326019287109e+00 -4.259703636169433594e+00 -1.546243429183959961e+00 2.511419677734375000e+01 1.736899948120117188e+01 1.149645042419433594e+01 4.641298770904541016e+00 -3.697915077209472656e+00 3.020652532577514648e-01
0 1.042199969291687012e+00 -2.709348440170288086e+00 6.863940954208374023e-01 1.439998388290405273e+00 2.288135528564453125e+00 3.174984931945800781e+00 -5.753745555877685547e+00 -1.444862937927246094e+01 5.781071662902832031e+00 -6.839435577392578125e+00 5.096735954284667969e-01 2.825134038925170898e+00 -3.021248817443847656e+00
0 1.042199969291687012e+00 -3.721916675567626953e+00 1.419651508331298828e+00 -3.524057269096374512e-01 -5.188902467489242554e-02 -5.295018672943115234e+00 1.080689430236816406e+00 1.952762603759765625e+01 -5.196779727935791016e+00 7.288377881050109863e-01 -8.664252161979675293e-01 -4.502241134643554688e+00 7.623428702354431152e-01
0 1.042199969291687012e+00 7.530761957168579102e-01 1.991295337677001953e+00 -1.834831714630126953e+00 -2.150652885437011719e+00 -1.363538503646850586e+00 5.492490768432617188e+00 3.046860456466674805e+00 -4.904980659484863281e-01 1.009851932525634766e+00 -4.765988290309906006e-01 -1.833046317100524902e+00 7.301790237426757812e+00
0 1.042199969291687012e+00 1.737683892250061035e+00 1.856328487396240234e+00 3.898574411869049072e-02 4.014652252197265625e+00 1.692955732345581055e+00 -1.529156208038330078e+00 4.896462440490722656e+00 6.005866050720214844e+00 3.929140269756317139e-01 4.158142089843750000e+00 2.958019018173217773e+00 -2.748505830764770508e+00
0 1.042199969291687012e+00 -2.320522308349609375e+00 -2.509970188140869141e+00 -2.297157645225524902e-01 -3.786469936370849609e+00 2.294728279113769531e+00 -1.448836207389831543e+00 -1.170064735412597656e+01 6.049661636352539062e-01 -2.405806541442871094e+00 -5.441759586334228516e+00 3.214531660079956055e+00 -2.072679042816162109e+00
0 1.042199969291687012e+00 1.321509361267089844e+00 -1.240451574325561523e+00 5.134721100330352783e-02 2.943272113800048828e+00 -3.402403354644775391e+00 3.393104076385498047e+00 -4.750136375427246094e+00 2.783936977386474609e+00 3.392842531204223633e+00 1.863662958145141602e+00 -4.433688163757324219e+00 4.331833839416503906e+00
0 1.042199969291687012e+00 2.511834859848022461e+00 -1.085802078247070312e+00 -1.558586835861206055e+00 -2.342420816421508789e+00 2.579660415649414062e+00 3.176624774932861328e+00 -1.215194320678710938e+01 9.347307205200195312e+00 1.602063417434692383e+00 -2.538626909255981445e+00 5.616240501403808594e+00 3.844098091125488281e+00
0 1.042199969291687012e+00 -1.640199184417724609e+00 -1.212903618812561035e+00 -1.474997401237487793e+00 -5.090651512145996094e+00 -2.203011512756347656e+00 -2.477463960647583008e+00 6.665501594543457031e+00 1.237329483032226562e+01 9.222394943237304688e+00 -3.947104692459106445e+00 -2.558760404586791992e+00 -1.965665817260742188e+00
0 1.042199969291687012e+00 -9.101061820983886719e-01 7.038923501968383789e-01 1.433321118354797363e+00 2.461174488067626953e+00 1.178709268569946289e+00 4.996401786804199219e+00 7.612537384033203125e+00 -4.393916606903076172e+00 -2.303211784362792969e+01 2.186698913574218750e+00 1.702046990394592285e+00 7.950414657592773438e+00
0 1.042199969291687012e+00 2.241822242736816406e+00 1.195822477340698242e+00 1.950185060501098633e+00 3.425710678100585938e+00 -1.810032606124877930e+00 -5.115736484527587891e+00 -1.292954063415527344e+01 -5.735304832458496094e+00 -3.655951976776123047e+00 1.975310444831848145e+00 -4.731305241584777832e-01 -5.425979137420654297e+00
0 1.042199969291687012e+00 -3.849337697029113770e-01 -2.954126358032226562e+00 -2.292969465255737305e+00 1.104503124952316284e-01 2.242455780506134033e-01 -2.009112834930419922e+00 -8.230347633361816406e+00 1.432081508636474609e+01 1.462115287780761719e+01 5.964197516441345215e-01 -1.870522975921630859e+00 -2.225903511047363281e+00
0 1.042199969291687012e+00 2.691070437431335449e-01 3.381518423557281494e-01 2.885487556457519531e+00 -6.203443527221679688e+00 2.740539908409118652e-01 2.503854036331176758e+00 1.066733646392822266e+01 -9.499987602233886719e+00 -9.659792900085449219e+00 -5.417851924896240234e+00 7.978689670562744141e-01 1.150988459587097168e+00
0 1.042199969291687012e+00 -1.217483878135681152e+00 1.702285885810852051e+00 2.959332227706909180e+00 -1.510000079870223999e-01 1.567547619342803955e-01 1.668190598487854004e+00 -6.039608955383300781e+00 1.208694219589233398e+00 -3.299943685531616211e+00 -3.221727609634399414e-01 -1.993482351303100586e+00 -1.719053983688354492e+00
0 1.042199969291687012e+00 1.218064546585083008e+00 8.333243429660797119e-02 -2.902599334716796875e+00 -3.831284046173095703e+00 -3.459898471832275391e+00 2.073173284530639648e+00 -6.505070209503173828e+00 2.383206605911254883e+00 9.931496620178222656e+00 -3.162223100662231445e+00 -4.354175090789794922e+00 -7.696001976728439331e-02
0 1.042199969291687012e+00 1.999106884002685547e+00 -1.072925329208374023e+00 1.982646942138671875e+00 -7.758172750473022461e-01 5.036382675170898438e+00 -9.468331336975097656e-01 -1.564775657653808594e+01 1.048004913330078125e+01 -1.145722866058349609e+01 6.046592444181442261e-02 6.044186115264892578e+00 -2.152111053466796875e+00
0 1.042199969291687012e+00 2.775839805603027344e+00 5.722176283597946167e-02 2.230547666549682617e-01 -6.967469453811645508e-01 -4.995701789855957031e+00 -3.379375934600830078e+00 -8.232167243957519531e+00 1.678565740585327148e+00 -6.776019334793090820e-01 -2.232256412506103516e+00 -3.114279747009277344e+00 -2.847142696380615234e+00
0 1.042199969291687012e+00 -1.763276576995849609e+00 -7.378870844841003418e-01 2.684661149978637695e+00 -2.419902086257934570e+00 -1.387549936771392822e-01 -6.218006610870361328e+00 1.895908737182617188e+01 4.342971801757812500e+00 -8.610043525695800781e+00 -9.711561203002929688e-01 1.274662762880325317e-01 -3.899239778518676758e+00
0 1.042199969291687012e+00 3.033823370933532715e-01 -1.178085327148437500e+00 -1.699355602264404297e+00 5.338692188262939453e+00 3.692783042788505554e-02 1.790440559387207031e+00 -1.085389232635498047e+01 1.501758575439453125e+01 2.390137863159179688e+01 7.187098026275634766e+00 -5.419911146163940430e-01 1.119396567344665527e+00
1 1.042199969291687012e+00 -2.286918461322784424e-02 -1.094059348106384277e+00 1.432524204254150391e+00 3.754284858703613281e+00 -2.979780673980712891e+00 -2.830192804336547852e+00 -1.356998538970947266e+01 -1.351521778106689453e+01 1.235864353179931641e+01 3.376875162124633789e+00 -2.640240430831909180e+00 -1.730485320091247559e+00
1 1.042199969291687012e+00 1.339426636695861816e+00 -2.708057165145874023e+00 -1.093414068222045898e+00 -4.568419456481933594e+00 -3.593941330909729004e-01 1.466488361358642578e+00 -4.521458625793457031e+00 -6.086559772491455078e+00 4.059617042541503906e+00 -5.194295883178710938e+00 3.117871284484863281e-01 1.453722715377807617e+00
1 1.042199969291687012e+00 9.458625316619873047e-01 -2.804698228836059570e+00 1.060013651847839355e+00 7.397923946380615234e+00 1.757991790771484375e+00 -2.184891223907470703e+00 -5.907483577728271484e+00 5.733489990234375000e+00 4.616667747497558594e+00 2.527864217758178711e+00 8.696839809417724609e-01 -1.425723910331726074e+00
1 1.042199969291687012e+00 -4.800857305526733398e-01 -2.244264841079711914e+00 -1.912852227687835693e-01 2.265765905380249023e+00 -1.473029494285583496e+00 6.537359237670898438e+00 1.995820236206054688e+01 1.544081306457519531e+01 -9.219268798828125000e+00 1.628378272056579590e+00 -1.989650726318359375e+00 4.043491363525390625e+00
1 1.042199969291687012e+00 -1.316348671913146973e+00 -2.605123043060302734e+00 1.541456222534179688e+00 2.063949823379516602e+00 5.257818698883056641e+00 -6.377493143081665039e-01 1.034057617187500000e+01 7.549312591552734375e+00 7.106100082397460938e+00 4.573003292083740234e+00 5.936827659606933594e+00 -3.935968279838562012e-01
1 1.042199969291687012e+00 1.262743353843688965e+00 -2.025825738906860352e+00 -3.017961025238037109e+00 -9.440374374389648438e-01 4.280308723449707031e+00 -4.289704322814941406e+00 5.744723320007324219e+00 5.961286544799804688e+00 -4.324947357177734375e+00 -1.866194844245910645e+00 6.035037517547607422e+00 -4.730750083923339844e+00
1 1.042199969291687012e+00 -4.368844330310821533e-01 -2.611180543899536133e-01 -1.699575185775756836e-01 -3.310737609863281250e+00 3.097663521766662598e-01 -5.112692832946777344e+00 1.257905006408691406e+01 -2.304791831970214844e+01 -2.719015884399414062e+01 -4.195240020751953125e+00 -1.436025202274322510e-01 -7.299827575683593750e+00
1 1.042199969291687012e+00 -3.732312917709350586e+00 -7.527461051940917969e-01 -4.089891612529754639e-01 -4.684975147247314453e+00 2.686160326004028320e+00 -1.748194932937622070e+00 3.309029388427734375e+01 7.669631958007812500e+00 2.559115886688232422e+00 -6.229645252227783203e+00 4.148146152496337891e+00 7.349597215652465820e-01
1 1.042199969291687012e+00 2.851113975048065186e-01 2.311816930770874023e+00 1.663129806518554688e+00 -4.498965263366699219e+00 -3.102777242660522461e+00 -1.343705892562866211e+00 4.414370536804199219e+00 -1.412484359741210938e+01 -1.040603828430175781e+01 -5.424834728240966797e+00 -2.465731382369995117e+00 -1.733348250389099121e+00
1 1.042199969291687012e+00 2.759364843368530273e+00 1.152844667434692383e+00 -1.921952962875366211e+00 -4.322009682655334473e-01 5.104005336761474609e+00 2.309238672256469727e+00 -1.672641754150390625e+01 -8.973882675170898438e+00 1.568708229064941406e+01 -8.841339945793151855e-01 6.265986919403076172e+00 9.568099379539489746e-01
1 1.042199969291687012e+00 -1.693065881729125977e+00 2.575889348983764648e+00 6.944601535797119141e-01 -5.181087255477905273e-01 2.027274608612060547e+00 -9.837086796760559082e-01 8.348890304565429688e+00 -2.143530654907226562e+01 -3.981206655502319336e+00 -2.406046628952026367e+00 5.916275978088378906e-01 1.746853947639465332e+00
1 1.042199969291687012e+00 1.182453274726867676e+00 3.169590234756469727e-01 -9.309287071228027344e-01 -2.774324893951416016e+00 2.708972215652465820e+00 4.657653331756591797e+00 -4.996577262878417969e+00 5.174300193786621094e+00 -1.282159423828125000e+01 -3.781432151794433594e+00 1.080006361007690430e+00 5.308237552642822266e+00
1 1.042199969291687012e+00 3.636586070060729980e-01 -1.863263607025146484e+00 3.206642627716064453e+00 4.723646640777587891e-01 -3.470849394798278809e-01 9.431924819946289062e-01 -5.016198635101318359e+00 9.383704185485839844e+00 -1.879962158203125000e+01 1.137593984603881836e+00 -3.105627536773681641e+00 1.566011071205139160e+00
1 1.042199969291687012e+00 -7.833689451217651367e-01 -7.585629224777221680e-01 -3.283246040344238281e+00 1.814625978469848633e+00 -4.371208667755126953e+00 1.971898794174194336e+00 4.373825073242187500e+00 -2.002706766128540039e+00 1.117790222167968750e+01 3.900177001953125000e+00 -3.163561582565307617e+00 6.385865807533264160e-01
1 1.042199969291687012e+00 -1.477596014738082886e-01 1.589141368865966797e+00 -1.374847292900085449e-01 -2.147726058959960938e+00 -6.201526165008544922e+00 8.234804272651672363e-01 -1.582427597045898438e+01 -1.216722297668457031e+01 -4.489035129547119141e+00 -7.859449982643127441e-01 -5.523445129394531250e+00 4.622634053230285645e-01
1 1.042199969291687012e+00 -1.483317375183105469e+00 2.305989503860473633e+00 -1.543045759201049805e+00 2.146327257156372070e+00 2.030935049057006836e+00 -3.816400051116943359e+00 4.345549583435058594e+00 -2.542376041412353516e+00 1.383025741577148438e+01 6.807400703430175781e+00 -8.547191023826599121e-01 -6.073243141174316406e+00
1 1.042199969291687012e+00 3.051019906997680664e-01 3.396397829055786133e+00 -3.328994810581207275e-01 5.007858753204345703e+00 5.606095194816589355e-01 1.362945556640625000e+00 -3.613998651504516602e+00 -9.045228958129882812e+00 2.905328750610351562e+00 3.814706325531005859e+00 -1.052432894706726074e+00 1.018444180488586426e+00
1 1.042199969291687012e+00 -1.868822813034057617e+00 -9.006929397583007812e-01 7.422667741775512695e-01 2.542257547378540039e+00 2.583386421203613281e+00 4.362513065338134766e+00 -7.162162303924560547e+00 -1.004830360412597656e+00 -1.067014312744140625e+01 2.783786773681640625e+00 3.354174375534057617e+00 4.130837440490722656e+00
1 1.042199969291687012e+00 -1.890974998474121094e+00 7.002840638160705566e-01 -4.254118502140045166e-01 -8.285323381423950195e-01 -2.510725498199462891e+00 -3.709204673767089844e+00 -9.212366104125976562e+00 4.871738433837890625e+00 1.062764835357666016e+01 2.234125375747680664e+00 -5.388239383697509766e+00 -3.243338108062744141e+00
1 1.042199969291687012e+00 -2.540638446807861328e+00 3.759275078773498535e-01 -2.195401430130004883e+00 -2.184106111526489258e+00 -2.337364673614501953e+00 4.357932090759277344e+00 2.114118099212646484e+00 2.515419721603393555e-01 5.440425395965576172e+00 -2.016143083572387695e+00 -2.266028165817260742e+00 4.570095539093017578e+00
