0 1.042199969291687012e+00 5.120650529861450195e-01 6.193024158477783203e+00 -8.236250281333923340e-02 -7.791789531707763672e+00 2.033048152923583984e+00 9.131751060485839844e-01 -8.311525344848632812e+00 -3.501263618469238281e+00 7.278488874435424805e-01 -5.101953029632568359e+00 6.646382808685302734e-01 8.461501002311706543e-01
0 1.042199969291687012e+00 -1.566409349441528320e+00 -4.541621208190917969e-01 -4.441990375518798828e+00 -2.156864881515502930e+00 -6.716815948486328125e+00 2.968250274658203125e+00 -6.411398410797119141e+00 -6.909644603729248047e-02 1.528988552093505859e+01 -3.000500679016113281e+00 -7.999493598937988281e+00 2.263103246688842773e+00
0 1.042199969291687012e+00 -5.768270015716552734e+00 -1.689830422401428223e-01 6.166407465934753418e-01 -8.266161680221557617e-01 -1.178442955017089844e+00 -5.766669750213623047e+00 1.370463562011718750e+01 -9.632205009460449219e+00 1.822359275817871094e+01 -1.631107807159423828e+00 -1.915391206741333008e+00 -3.991812944412231445e+00
0 1.042199969291687012e+00 5.568040370941162109e+00 -3.573851585388183594e+00 7.196715474128723145e-01 1.571103811264038086e+00 -4.056173324584960938e+00 3.058710098266601562e+00 -1.685270118713378906e+01 1.185516452789306641e+01 2.956021308898925781e+00 1.922897338867187500e+00 -3.769875288009643555e+00 2.511533975601196289e+00
0 1.042199969291687012e+00 5.415434360504150391e+00 1.023342967033386230e+00 -2.777088880538940430e-01 6.172025680541992188e+00 2.577661991119384766e+00 7.209624052047729492e-01 -8.301127433776855469e+00 6.050806045532226562e+00 -1.788457489013671875e+01 6.058258056640625000e+00 2.985754728317260742e+00 -1.536658704280853271e-01
0 1.042199969291687012e+00 3.896552085876464844e+00 -1.597267627716064453e+00 -3.893520832061767578e+00 4.403685092926025391e+00 -2.361846446990966797e+00 2.870484590530395508e-01 -7.286996841430664062e+00 2.509175109863281250e+01 4.527438163757324219e+00 5.263685226440429688e+00 -2.983871698379516602e+00 -4.317087531089782715e-01
0 1.042199969291687012e+00 -4.855374336242675781e+00 -1.844453573226928711e+00 -1.820895373821258545e-01 -4.796005249023437500e+00 1.393171072006225586e+00 -4.127994775772094727e-01 1.780156517028808594e+01 3.204428195953369141e+00 6.834928512573242188e+00 -2.589956283569335938e+00 9.586250185966491699e-01 -2.124429464340209961e+00
0 1.042199969291687012e+00 -1.251794815063476562e+00 -5.076484203338623047e+00 1.718741143122315407e-03 1.028471112251281738e+00 -2.220574319362640381e-01 6.791659355163574219e+00 1.312753200531005859e+01 1.804524040222167969e+01 3.469109296798706055e+00 1.734600543975830078e+00 8.260745406150817871e-01 6.703221797943115234e+00
0 1.042199969291687012e+00 6.277905702590942383e-01 -4.013866901397705078e+00 2.982566356658935547e+00 3.587988853454589844e+00 -7.008836269378662109e-01 -3.357097148895263672e+00 2.374477005004882812e+01 -1.069353103637695312e+00 -1.979360771179199219e+01 3.816139698028564453e+00 1.960349828004837036e-01 -7.582567930221557617e-01
0 1.042199969291687012e+00 -1.835826873779296875e+00 3.842377185821533203e+00 3.563291549682617188e+00 3.368471145629882812e+00 -4.249159693717956543e-01 3.281967937946319580e-01 6.566954135894775391e+00 -9.347543716430664062e+00 -3.124444007873535156e+00 6.810864448547363281e+00 -1.685541272163391113e+00 -9.621091485023498535e-01
0 1.042199969291687012e+00 2.299170017242431641e+00 -2.370226383209228516e+00 -3.172418594360351562e+00 -1.191758960485458374e-01 -4.759765625000000000e+00 -1.634988069534301758e+00 4.342272758483886719e+00 -9.889044761657714844e+00 1.056258678436279297e+00 8.449018001556396484e-01 -4.763187885284423828e+00 -1.233677148818969727e+00
0 1.042199969291687012e+00 2.224852561950683594e+00 -3.444106101989746094e+00 4.212704181671142578e+00 5.080949664115905762e-01 -1.403564453125000000e+00 -2.317525297403335571e-01 -3.143427848815917969e+00 1.961811828613281250e+01 -1.311008548736572266e+01 -5.382533669471740723e-01 -3.231044769287109375e+00 -3.412793874740600586e-01
0 1.042199969291687012e+00 -3.862480640411376953e+00 -3.878737449645996094e+00 -1.419435977935791016e+00 -5.010958909988403320e-01 -9.296168088912963867e-01 3.274185657501220703e+00 7.867134094238281250e+00 1.191463851928710938e+01 6.290629386901855469e+00 9.280729293823242188e-01 2.003491818904876709e-01 2.089642286300659180e+00
0 1.042199969291687012e+00 4.150128364562988281e-01 4.889312744140625000e+00 -3.825706481933593750e+00 -2.277057647705078125e+00 3.823754310607910156e+00 -2.417019844055175781e+00 -1.792839050292968750e+00 -1.871278381347656250e+01 1.313274097442626953e+01 -2.224633455276489258e+00 4.209566593170166016e+00 -1.892500638961791992e+00
0 1.042199969291687012e+00 -1.333071351051330566e+00 -1.655634641647338867e+00 -2.899769783020019531e+00 -7.611200332641601562e+00 -1.923720836639404297e+00 -1.925023317337036133e+00 1.241912174224853516e+01 2.968625640869140625e+01 2.711885261535644531e+01 -7.508951663970947266e+00 -1.156223535537719727e+00 -1.896165728569030762e+00
0 1.042199969291687012e+00 2.609432935714721680e-01 -2.991324901580810547e+00 4.668089389801025391e+00 4.163963317871093750e+00 1.477298736572265625e+00 2.189917325973510742e+00 7.121260643005371094e+00 1.555725955963134766e+01 -4.046442508697509766e+00 4.278201103210449219e+00 2.764731645584106445e+00 1.980824708938598633e+00
0 1.042199969291687012e+00 -2.674427032470703125e+00 1.743413209915161133e+00 4.712991714477539062e+00 -3.176682710647583008e+00 3.434577465057373047e+00 -5.226284027099609375e+00 1.318951892852783203e+01 -6.135872840881347656e+00 -7.883198738098144531e+00 -1.159822583198547363e+00 2.703288793563842773e+00 -4.989130496978759766e+00
0 1.042199969291687012e+00 -2.760621309280395508e+00 -3.990661144256591797e+00 7.781034708023071289e-01 2.317698955535888672e+00 -4.870103359222412109e+00 -4.811728000640869141e+00 2.197042274475097656e+01 8.115745544433593750e+00 5.139837265014648438e+00 7.775945663452148438e-01 -5.327121257781982422e+00 -4.823166370391845703e+00
0 1.042199969291687012e+00 7.125934362411499023e-01 5.137801647186279297e+00 3.127283573150634766e+00 4.318957328796386719e+00 5.732562065124511719e+00 -5.565985441207885742e-01 4.968747138977050781e+00 -1.684193420410156250e+01 -9.776056289672851562e+00 4.582855224609375000e+00 4.853724002838134766e+00 4.820153862237930298e-02
0 1.042199969291687012e+00 -4.637547969818115234e+00 -3.675369262695312500e+00 5.501317977905273438e-01 -4.700331687927246094e+00 -1.038422107696533203e+00 3.380587577819824219e+00 7.553097724914550781e+00 1.157391643524169922e+01 -1.818194031715393066e+00 -4.980865001678466797e+00 -1.168939590454101562e+00 3.356125593185424805e+00
0 1.042199969291687012e+00 -1.211518764495849609e+00 5.470712184906005859e+00 -1.524651050567626953e+00 2.029399573802947998e-01 2.656881570816040039e+00 6.779414176940917969e+00 1.838274383544921875e+01 -1.510922622680664062e+01 3.467029094696044922e+00 -8.990469574928283691e-01 2.631259202957153320e+00 5.074598789215087891e+00
0 1.042199969291687012e+00 -6.865497231483459473e-01 -4.191448092460632324e-01 -5.204048752784729004e-02 2.329040050506591797e+00 6.245533943176269531e+00 -4.146702766418457031e+00 1.425059890747070312e+01 -1.256020545959472656e+01 -3.377106857299804688e+01 2.269542217254638672e+00 7.669761657714843750e+00 -5.242793083190917969e+00
0 1.042199969291687012e+00 3.599922657012939453e+00 -3.874655723571777344e+00 2.260278761386871338e-01 -3.769925594329833984e+00 -3.083466529846191406e+00 -1.295581221580505371e+00 7.063632011413574219e+00 1.394072723388671875e+01 -3.688528299331665039e+00 -2.527326345443725586e+00 -3.227692127227783203e+00 1.907579600811004639e-01
0 1.042199969291687012e+00 -3.391963958740234375e+00 -1.904193401336669922e+00 3.604666233062744141e+00 9.632506370544433594e-01 4.286208152770996094e+00 -7.718236446380615234e-01 -1.047327423095703125e+01 -2.262417793273925781e+00 -1.910950851440429688e+01 -8.322845697402954102e-01 3.450062751770019531e+00 -1.684363842010498047e+00
0 1.042199969291687012e+00 -6.444321274757385254e-01 1.345116376876831055e+00 2.861866652965545654e-01 -1.208067178726196289e+00 -6.508007049560546875e+00 -3.559856176376342773e+00 3.928557395935058594e+00 1.729220771789550781e+01 -7.269714832305908203e+00 -2.447504043579101562e+00 -9.133694648742675781e+00 -4.069832324981689453e+00
0 1.042199969291687012e+00 3.467414379119873047e+00 -4.586821556091308594e+00 -1.691980123519897461e+00 -1.863521933555603027e+00 3.502771377563476562e+00 4.507719993591308594e+00 -1.799794006347656250e+01 -1.919540405273437500e+00 8.867044448852539062e+00 -2.180996894836425781e+00 2.759432315826416016e+00 4.438698768615722656e+00
0 1.042199969291687012e+00 -1.138865947723388672e+00 5.287994384765625000e+00 2.350553035736083984e+00 4.760610163211822510e-01 2.049238681793212891e+00 1.728974461555480957e+00 8.716165542602539062e+00 -1.255528926849365234e+01 -9.243366718292236328e-01 -1.303780913352966309e+00 3.555866718292236328e+00 2.785290718078613281e+00
0 1.042199969291687012e+00 2.552744865417480469e+00 4.826008081436157227e-01 -1.050464987754821777e+00 4.596829891204833984e+00 -3.738461494445800781e+00 -4.693328857421875000e+00 2.508418464660644531e+01 2.620187997817993164e+00 2.447711229324340820e-01 6.104123115539550781e+00 -4.384788990020751953e+00 -4.211154937744140625e+00
0 1.042199969291687012e+00 -2.104501962661743164e+00 8.722015023231506348e-01 3.123614788055419922e+00 3.803216934204101562e+00 -6.328327655792236328e-01 -6.633969306945800781e+00 1.561599731445312500e+01 5.238028526306152344e+00 -2.814862823486328125e+01 4.510165691375732422e+00 -1.495087862014770508e+00 -8.049674987792968750e+00
0 1.042199969291687012e+00 3.899048805236816406e+00 -3.723793029785156250e+00 2.280120372772216797e+00 -4.392950057983398438e+00 1.008843898773193359e+00 -1.657927274703979492e+00 -6.672206878662109375e+00 4.765521049499511719e+00 -9.839260101318359375e+00 -4.285091876983642578e+00 2.206217527389526367e+00 -3.113816261291503906e+00
0 1.042199969291687012e+00 -1.087458491325378418e+00 -7.046393156051635742e-01 3.006156921386718750e+00 -5.720602035522460938e+00 -6.951341629028320312e+00 -9.147009849548339844e-01 -7.337090492248535156e+00 -3.490536451339721680e+00 -2.444571113586425781e+01 -2.335919141769409180e+00 -5.397556304931640625e+00 -1.506747841835021973e+00
0 1.042199969291687012e+00 1.805304288864135742e+00 6.805525422096252441e-01 -5.438296794891357422e+00 -5.371019840240478516e-01 -3.587791442871093750e+00 3.541331291198730469e+00 1.208787918090820312e+00 3.047717094421386719e+00 6.352719783782958984e+00 1.587372899055480957e+00 -2.391148328781127930e+00 4.703958511352539062e+00
0 1.042199969291687012e+00 1.662393808364868164e+00 -3.752735614776611328e+00 -1.726283550262451172e+00 -7.234865188598632812e+00 1.670075893402099609e+00 2.139092206954956055e+00 2.180570983886718750e+01 2.843972396850585938e+01 -1.020846366882324219e+01 -6.204573154449462891e+00 1.758867144584655762e+00 3.248188495635986328e+00
0 1.042199969291687012e+00 5.502549171447753906e+00 7.135791182518005371e-01 1.476810455322265625e+00 -2.974856138229370117e+00 -3.455725312232971191e-01 -6.221087932586669922e+00 -2.492413330078125000e+01 -7.449205398559570312e+00 2.787784957885742188e+01 -5.100552082061767578e+00 7.983214259147644043e-01 -5.740429878234863281e+00
0 1.042199969291687012e+00 -3.664412021636962891e+00 1.946832656860351562e+00 -3.206476211547851562e+00 8.200626373291015625e-01 -2.018689870834350586e+00 -4.767681360244750977e-01 -4.045147895812988281e+00 -5.741487979888916016e+00 1.857164764404296875e+01 -1.438993215560913086e-02 -1.416775584220886230e+00 -6.142894625663757324e-01
0 1.042199969291687012e+00 -2.237999439239501953e+00 2.275696754455566406e+00 2.937436699867248535e-01 -6.655620574951171875e+00 3.422538518905639648e+00 -3.493527412414550781e+00 -1.215050411224365234e+01 1.940138244628906250e+01 -8.517169952392578125e+00 -6.588925838470458984e+00 1.968206763267517090e+00 -4.426097869873046875e+00
0 1.042199969291687012e+00 -3.762560784816741943e-01 -1.482959747314453125e+00 1.311167955398559570e+00 -6.334272384643554688e+00 -4.058534622192382812e+00 1.920551776885986328e+00 -9.794743537902832031e+00 2.090662384033203125e+01 9.124439239501953125e+00 -8.511425018310546875e+00 -4.287395000457763672e+00 3.738204002380371094e+00
0 1.042199969291687012e+00 4.553179144859313965e-01 1.242467761039733887e-01 5.856978416442871094e+00 5.405131340026855469e+00 -2.813403606414794922e+00 3.173645496368408203e+00 -1.672300100326538086e+00 -1.014393424987792969e+01 -1.851812553405761719e+01 5.788816928863525391e+00 -3.413479328155517578e+00 1.392749190330505371e+00
0 1.042199969291687012e+00 -1.486852169036865234e+00 -3.532054901123046875e+00 -3.176038742065429688e+00 -3.332818031311035156e+00 6.302614212036132812e+00 9.312694072723388672e-01 1.135682487487792969e+01 -2.504705429077148438e+00 1.312304687500000000e+01 -2.424121618270874023e+00 4.868319034576416016e+00 1.532572269439697266e+00
0 1.042199969291687012e+00 8.354191184043884277e-01 -3.674371242523193359e+00 -3.606392383575439453e+00 -8.349937796592712402e-01 1.083807587623596191e+00 -7.746186256408691406e+00 -8.890684127807617188e+00 2.162350082397460938e+01 1.719890594482421875e+01 -1.183236479759216309e+00 1.882546067237854004e+00 -6.477559566497802734e+00
0 1.042199969291687012e+00 3.466547489166259766e+00 -2.083060264587402344e+00 3.123353481292724609e+00 1.860682845115661621e+00 1.910879373550415039e+00 -6.412332534790039062e+00 -2.809114456176757812e-01 -1.050852870941162109e+01 3.344089508056640625e+00 1.310595989227294922e+00 2.599256277084350586e+00 -6.261798858642578125e+00
0 1.042199969291687012e+00 2.375603914260864258e+00 4.574214935302734375e+00 -2.924332618713378906e+00 -9.794392585754394531e-01 1.443494856357574463e-01 -3.747929096221923828e+00 1.109198951721191406e+01 -1.286639404296875000e+01 -7.981115341186523438e+00 -1.523003935813903809e+00 -2.194003582000732422e+00 -1.954505443572998047e+00
0 1.042199969291687012e+00 -2.302039861679077148e+00 4.278329610824584961e-01 -8.842581510543823242e-02 6.029486656188964844e-01 7.572373867034912109e+00 3.264526367187500000e+00 9.252412319183349609e-01 1.943117713928222656e+01 -4.309117794036865234e-01 -4.428308010101318359e-01 6.492785930633544922e+00 3.695739269256591797e+00
0 1.042199969291687012e+00 2.266683101654052734e+00 5.221731185913085938e+00 1.690106868743896484e+00 -3.016304969787597656e-01 -5.019455909729003906e+00 -4.158046841621398926e-01 -3.126806735992431641e+00 -9.838647842407226562e-01 -5.506631851196289062e+00 5.359688997268676758e-01 -5.681754589080810547e+00 4.057416319847106934e-01
0 1.042199969291687012e+00 -2.420168161392211914e+00 2.360834121704101562e+00 -4.485459327697753906e+00 -2.536295652389526367e+00 2.146668910980224609e+00 1.192215442657470703e+00 1.909282684326171875e+01 -7.198707580566406250e+00 -2.837678909301757812e+00 -1.145327329635620117e+00 1.723295331001281738e+00 2.806035280227661133e+00
0 1.042199969291687012e+00 5.261431336402893066e-01 2.023006379604339600e-01 1.137647747993469238e+00 -4.234523296356201172e+00 6.621492385864257812e+00 5.203103065490722656e+00 9.966819763183593750e+00 1.309389495849609375e+01 -1.657221221923828125e+01 -2.515111923217773438e+00 2.691504240036010742e+00 3.021355152130126953e+00
0 1.042199969291687012e+00 4.480284214019775391e+00 2.390836715698242188e+00 1.662649035453796387e+00 -2.683237552642822266e+00 -2.046023607254028320e+00 3.188982725143432617e+00 -4.995279312133789062e+00 1.518804359436035156e+01 -3.147582530975341797e+00 -2.452110052108764648e+00 -3.665259480476379395e-01 2.593187808990478516e+00
0 1.042199969291687012e+00 4.650707244873046875e+00 1.114525124430656433e-01 -2.856727361679077148e+00 -2.303309917449951172e+00 -1.007238551974296570e-01 7.859367847442626953e+00 -1.964061164855957031e+01 -9.555697441101074219e+00 1.536018943786621094e+01 -1.734517574310302734e+00 7.656489610671997070e-01 5.663740634918212891e+00
0 1.042199969291687012e+00 -1.618907690048217773e+00 -2.083363533020019531e+00 4.028538227081298828e+00 1.947961807250976562e+00 -4.081714153289794922e+00 6.613154411315917969e+00 6.666653156280517578e+00 -1.693021011352539062e+01 8.787297248840332031e+00 1.390783071517944336e+00 -3.709277153015136719e+00 5.206424236297607422e+00
0 1.042199969291687012e+00 3.978409767150878906e+00 -3.304533481597900391e+00 -3.057107686996459961e+00 1.522558450698852539e+00 9.858193397521972656e-01 1.777936935424804688e+00 -5.356825351715087891e+00 -4.442986488342285156e+00 2.258845567703247070e+00 1.437422037124633789e+00 2.031457662582397461e+00 1.371419906616210938e+00
0 1.042199969291687012e+00 -3.051949024200439453e+00 4.173651218414306641e+00 -2.182576432824134827e-02 -3.102885961532592773e+00 -3.630959033966064453e+00 2.174927234649658203e+00 -1.030036640167236328e+01 -6.383974075317382812e+00 -1.210466384887695312e+01 -2.172577619552612305e+00 -4.742789745330810547e+00 1.626645565032958984e+00
0 1.042199969291687012e+00 2.174724102020263672e+00 -5.177223682403564453e-01 -3.935463905334472656e+00 1.683658838272094727e+00 7.091107368469238281e+00 -4.031817317008972168e-01 -1.785076141357421875e+00 -1.394633674621582031e+01 2.020300483703613281e+01 1.181494593620300293e+00 6.825984477996826172e+00 -5.120676755905151367e-01
0 1.042199969291687012e+00 9.096615314483642578e-01 2.286769390106201172e+00 3.309012889862060547e+00 -4.884199142456054688e+00 5.336687088012695312e+00 -2.585423588752746582e-01 1.979276466369628906e+01 -1.778242301940917969e+01 3.691617012023925781e+00 -4.045117855072021484e+00 5.417576789855957031e+00 1.054707288742065430e+00
0 1.042199969291687012e+00 3.966554164886474609e+00 -5.848818421363830566e-01 9.982055425643920898e-01 2.274483203887939453e+00 4.126021385192871094e+00 5.204925537109375000e+00 6.270623207092285156e+00 1.026701068878173828e+01 -8.092957496643066406e+00 3.222050666809082031e+00 5.539219379425048828e+00 5.775358200073242188e+00
0 1.042199969291687012e+00 4.891741871833801270e-01 4.738519668579101562e+00 1.176201581954956055e+00 -4.239913940429687500e+00 -2.089241504669189453e+00 -6.070486307144165039e-01 -9.063109397888183594e+00 -5.272279262542724609e+00 1.647937011718750000e+01 -4.026546001434326172e+00 -2.818538248538970947e-01 -2.468836545944213867e+00
0 1.042199969291687012e+00 -3.034872055053710938e+00 -2.495679855346679688e+00 -3.071947097778320312e-01 8.287448883056640625e+00 1.467648029327392578e+00 2.391853809356689453e+00 -6.892914772033691406e+00 -1.218160629272460938e+01 1.880662536621093750e+01 6.137195110321044922e+00 6.474307179450988770e-02 9.650213271379470825e-02
0 1.042199969291687012e+00 -3.405663490295410156e+00 4.149928689002990723e-01 -4.433965206146240234e+00 3.989679336547851562e+00 2.579787492752075195e+00 -9.350351095199584961e-01 1.509521770477294922e+01 -1.456830382347106934e+00 1.110695838928222656e+01 4.043396472930908203e+00 1.228832960128784180e+00 -1.704703688621520996e+00
0 1.042199969291687012e+00 -1.649985074996948242e+00 -1.077087596058845520e-01 -1.683287620544433594e+00 5.296720504760742188e+00 1.349460363388061523e+00 5.881792068481445312e+00 5.742131710052490234e+00 1.657711148262023926e+00 1.107101202011108398e+00 4.536972045898437500e+00 2.070044517517089844e+00 6.915017127990722656e+00
0 1.042199969291687012e+00 -4.817391395568847656e+00 2.107089161872863770e-01 -2.934205055236816406e+00 3.990293502807617188e+00 5.003134727478027344e+00 2.746410369873046875e+00 2.348301124572753906e+01 -8.085562705993652344e+00 3.808122873306274414e+00 3.690959453582763672e+00 3.742262840270996094e+00 3.212413549423217773e+00
0 1.042199969291687012e+00 -4.904699802398681641e+00 3.354526996612548828e+00 -4.409322738647460938e-01 1.312688231468200684e+00 2.022879600524902344e+00 -3.860137939453125000e+00 1.214808082580566406e+01 -9.745949745178222656e+00 4.491894245147705078e+00 1.080899953842163086e+00 1.900649070739746094e+00 -3.133972406387329102e+00
0 1.042199969291687012e+00 1.475316047668457031e+00 -1.733809947967529297e+00 5.820553302764892578e+00 -3.135488271713256836e+00 1.427194833755493164e+00 2.994733810424804688e+00 -1.281722545623779297e+01 3.170530796051025391e-01 -1.678868865966796875e+01 -2.035967588424682617e+00 3.220634698867797852e+00 2.182121515274047852e+00
0 1.042199969291687012e+00 -9.455361366271972656e-01 2.159522056579589844e+00 3.730502605438232422e+00 5.213061332702636719e+00 2.956686019897460938e+00 -4.407059669494628906e+00 -6.261299133300781250e+00 9.270013809204101562e+00 -1.446486568450927734e+01 7.561088085174560547e+00 3.140898466110229492e+00 -2.808107137680053711e+00
0 1.042199969291687012e+00 -3.136216104030609131e-01 3.668225765228271484e+00 -2.222325086593627930e+00 4.866336822509765625e+00 -1.651173353195190430e+00 4.032752037048339844e+00 -1.228335094451904297e+01 6.646721839904785156e+00 -1.372853469848632812e+01 4.142102241516113281e+00 -1.748686194419860840e+00 3.847789287567138672e+00
0 1.042199969291687012e+00 4.790918827056884766e+00 3.394433021545410156e+00 -2.193689584732055664e+00 1.197368025779724121e+00 3.894056797027587891e+00 -4.717757701873779297e+00 -4.785187721252441406e+00 -1.279683303833007812e+01 -5.795241832733154297e+00 7.277597188949584961e-01 4.239640712738037109e+00 -3.849535465240478516e+00
0 1.042199969291687012e+00 4.562517642974853516e+00 -5.168258547782897949e-01 2.938246726989746094e+00 -4.149625077843666077e-02 4.732715606689453125e+00 1.289793968200683594e+00 -1.249572372436523438e+01 1.327264118194580078e+01 -4.218620300292968750e+00 -1.345725297927856445e+00 5.437314510345458984e+00 7.353438138961791992e-01
0 1.042199969291687012e+00 -1.221718907356262207e+00 2.902049541473388672e+00 5.615074634552001953e+00 1.840183138847351074e-01 -2.725805044174194336e-01 -1.509469270706176758e+00 -2.839952230453491211e+00 2.389214515686035156e+00 -1.407144737243652344e+01 -2.788460016250610352e+00 -2.098540067672729492e-01 -3.488497495651245117e+00
0 1.042199969291687012e+00 2.934683799743652344e+00 2.291069984436035156e+00 2.905402183532714844e+00 4.956351757049560547e+00 -6.395057201385498047e+00 -2.109822332859039307e-01 -2.696955108642578125e+01 -2.405733823776245117e+00 1.675565147399902344e+01 3.645798206329345703e+00 -4.678927898406982422e+00 -5.826350450515747070e-01
0 1.042199969291687012e+00 -2.194395542144775391e+00 3.814263343811035156e+00 1.540957212448120117e+00 -4.893965721130371094e+00 5.410755872726440430e-01 5.440602302551269531e+00 1.599976444244384766e+01 -2.741322326660156250e+01 2.261376953125000000e+01 -5.003672599792480469e+00 2.682123661041259766e+00 6.053847789764404297e+00
0 1.042199969291687012e+00 4.025535285472869873e-01 -4.665283560752868652e-01 -4.700675964355468750e+00 5.412801265716552734e+00 -5.558251380920410156e+00 4.180229187011718750e+00 -7.757764816284179688e+00 -9.687387943267822266e-01 1.307834434509277344e+01 2.949298858642578125e+00 -4.384987831115722656e+00 2.283844947814941406e+00
0 1.042199969291687012e+00 -1.485281586647033691e+00 -1.777707338333129883e+00 -9.569748640060424805e-01 -2.678844451904296875e+00 7.419806480407714844e+00 -3.165335178375244141e+00 1.356519937515258789e+00 -9.954839706420898438e+00 -8.027050971984863281e+00 -1.072375059127807617e+00 5.586482048034667969e+00 -3.681772470474243164e+00
0 1.042199969291687012e+00 -5.930285453796386719e+00 1.593304872512817383e+00 -3.777100518345832825e-02 3.572108745574951172e+00 -4.615656852722167969e+00 -1.734356880187988281e+00 1.567135334014892578e+01 5.795722484588623047e+00 2.916180133819580078e+00 4.269984245300292969e+00 -3.742899417877197266e+00 3.194579184055328369e-01
0 1.042199969291687012e+00 4.308373928070068359e+00 1.983013629913330078e+00 -3.471318244934082031e+00 6.011714458465576172e+00 -3.168660998344421387e-01 -2.777704238891601562e+00 -7.904815673828125000e-02 -7.053294181823730469e-01 1.907327651977539062e+00 6.316714763641357422e+00 3.987474143505096436e-01 -2.338533639907836914e+00
0 1.042199969291687012e+00 3.165683746337890625e+00 3.524433135986328125e+00 7.837045788764953613e-01 1.326883733272552490e-01 -3.345208168029785156e+00 -5.980507850646972656e+00 4.791260719299316406e+00 2.433725357055664062e+01 -5.294729709625244141e+00 9.998998045921325684e-01 -3.906419515609741211e+00 -6.236921787261962891e+00
0 1.042199969291687012e+00 7.689745426177978516e-01 -7.530102729797363281e-01 2.671692609786987305e+00 -2.869109392166137695e+00 -3.255524635314941406e+00 6.612700462341308594e+00 6.656295299530029297e+00 4.701409816741943359e+00 -1.688818740844726562e+01 -2.768746376037597656e+00 -5.347318649291992188e+00 7.215404033660888672e+00
0 1.042199969291687012e+00 -3.054008007049560547e+00 2.504298686981201172e+00 2.900827407836914062e+00 -5.412258625030517578e+00 -2.055083274841308594e+00 -4.522109508514404297e+00 1.027015304565429688e+01 -1.268231678009033203e+01 -2.969292163848876953e+00 -4.542539119720458984e+00 -1.271662950515747070e+00 -4.727003097534179688e+00
0 1.042199969291687012e+00 1.986287593841552734e+00 -4.835292339324951172e+00 -1.730846911668777466e-01 -3.312847614288330078e+00 -3.831516742706298828e+00 -4.859155654907226562e+00 -1.258872795104980469e+01 -6.605815887451171875e-02 -8.866760253906250000e+00 -3.107422351837158203e+00 -3.880443334579467773e+00 -5.677950382232666016e+00
0 1.042199969291687012e+00 3.443881511688232422e+00 4.086205005645751953e+00 2.715995311737060547e+00 1.743003129959106445e+00 5.717486888170242310e-02 4.370081901550292969e+00 4.267367362976074219e+00 -1.007221603393554688e+01 -9.695818901062011719e+00 3.584243059158325195e-01 -1.635058641433715820e+00 5.816000461578369141e+00
0 1.042199969291687012e+00 -1.867115020751953125e+00 -2.311803579330444336e+00 2.125047445297241211e+00 1.162124395370483398e+00 -6.960290908813476562e+00 2.052196502685546875e+00 1.259613609313964844e+01 -6.354698657989501953e+00 -3.349333047866821289e+00 1.577365636825561523e+00 -7.140295982360839844e+00 1.078961968421936035e+00
0 1.042199969291687012e+00 6.394176006317138672e+00 -2.267442464828491211e+00 -8.401019573211669922e-01 -8.602609038352966309e-01 1.433697104454040527e+00 -1.530494451522827148e+00 -9.971922874450683594e+00 1.383647155761718750e+01 2.268697261810302734e+00 -9.699795395135879517e-02 2.360316038131713867e+00 -1.719379901885986328e+00
1 1.042199969291687012e+00 -3.315897464752197266e+00 2.775450229644775391e+00 -1.353416442871093750e+00 -4.841118812561035156e+00 -1.999796867370605469e+00 -6.040114164352416992e-01 2.236897659301757812e+01 -2.364408111572265625e+01 2.072412681579589844e+01 -4.317834854125976562e+00 -3.715566396713256836e+00 -1.849785923957824707e+00
1 1.042199969291687012e+00 3.541732788085937500e+00 8.713314533233642578e-01 2.036426067352294922e+00 -5.233498573303222656e+00 -6.199622154235839844e+00 3.810973167419433594e+00 -1.446814537048339844e+00 -2.274514770507812500e+01 5.641092300415039062e+00 -4.122027397155761719e+00 -6.875556468963623047e+00 5.017197132110595703e+00
1 1.042199969291687012e+00 1.599596977233886719e+00 -1.892763376235961914e+00 -1.598037958145141602e+00 3.210081100463867188e+00 5.651731967926025391e+00 5.322991847991943359e+00 -9.365833282470703125e+00 1.742532348632812500e+01 1.575332832336425781e+01 4.791469573974609375e+00 7.313349723815917969e+00 5.503991127014160156e+00
1 1.042199969291687012e+00 1.380824446678161621e+00 -1.337727755308151245e-01 -2.280850410461425781e+00 1.763927698135375977e+00 -4.514525413513183594e+00 -6.675578117370605469e+00 -1.609326553344726562e+01 2.887463331222534180e+00 -7.809059143066406250e+00 1.138399124145507812e+00 -4.743197441101074219e+00 -8.686223030090332031e+00
1 1.042199969291687012e+00 -1.366500258445739746e+00 1.035639405250549316e+00 6.207201004028320312e+00 -2.034689903259277344e+00 2.750842571258544922e-01 2.314279556274414062e+00 7.380714416503906250e+00 -1.134912776947021484e+01 -2.059506607055664062e+01 -1.729307889938354492e+00 9.027410745620727539e-01 1.601300954818725586e+00
1 1.042199969291687012e+00 -2.126006036996841431e-01 -2.311925888061523438e+00 2.862393379211425781e+00 5.073140859603881836e-01 -8.201657295227050781e+00 2.541078805923461914e+00 1.577557563781738281e+01 -2.905262756347656250e+01 -7.808229446411132812e+00 1.338214993476867676e+00 -5.950213432312011719e+00 4.577550888061523438e+00
1 1.042199969291687012e+00 3.917363643646240234e+00 3.109773159027099609e+00 4.439775466918945312e+00 3.615761756896972656e+00 2.018758773803710938e+00 3.045012950897216797e+00 -1.519828510284423828e+01 -1.388140487670898438e+01 -1.110820102691650391e+01 4.116201877593994141e+00 5.913217067718505859e-01 3.036212921142578125e+00
1 1.042199969291687012e+00 -3.984371185302734375e+00 1.516913294792175293e+00 -1.767456717789173126e-02 9.160480499267578125e-01 2.266548156738281250e+00 -7.267861366271972656e+00 1.547630882263183594e+01 -1.246119022369384766e+01 -1.111465644836425781e+01 7.869710922241210938e-01 2.045739412307739258e+00 -6.612556934356689453e+00
1 1.042199969291687012e+00 -2.812238216400146484e+00 -6.198740005493164062e-01 2.335897445678710938e+00 -4.999233245849609375e+00 7.204524040222167969e+00 -2.932767868041992188e+00 5.024382114410400391e+00 -6.689145565032958984e-01 -2.291281890869140625e+01 -3.745383024215698242e+00 6.297835350036621094e+00 -1.994766108691692352e-02
1 1.042199969291687012e+00 1.159123539924621582e+00 5.316559076309204102e-01 4.122495174407958984e+00 -2.135534524917602539e+00 -7.125621795654296875e+00 -2.411208629608154297e+00 -2.658010673522949219e+01 -8.577630996704101562e+00 -4.851047515869140625e+00 -3.158317565917968750e+00 -8.063531875610351562e+00 -3.657910108566284180e+00
1 1.042199969291687012e+00 -2.930328369140625000e+00 1.147952556610107422e+00 1.492799282073974609e+00 -1.390309572219848633e+00 1.697672843933105469e+00 8.940200805664062500e+00 -1.378375053405761719e+00 -2.110321044921875000e+01 1.154607105255126953e+01 -2.079986572265625000e+00 3.611667752265930176e-01 6.673191547393798828e+00
1 1.042199969291687012e+00 3.687706470489501953e+00 4.447731971740722656e-01 -4.529511451721191406e+00 -6.855752468109130859e-01 -3.446215629577636719e+00 -3.277122497558593750e+00 -1.075340080261230469e+01 -7.741525173187255859e-01 4.804150104522705078e+00 -3.872741758823394775e-01 -3.295763731002807617e+00 -1.948190450668334961e+00
1 1.042199969291687012e+00 -6.563121080398559570e-02 -2.829043626785278320e+00 -1.910682201385498047e+00 1.699301004409790039e+00 3.779405951499938965e-01 6.147669792175292969e+00 -1.421068859100341797e+01 -6.126985549926757812e-01 -7.363591194152832031e+00 3.284288167953491211e+00 -1.678908109664916992e+00 8.179913520812988281e+00
1 1.042199969291687012e+00 3.740597724914550781e+00 -1.037445187568664551e+00 4.746840476989746094e+00 -2.147142410278320312e+00 -3.239217758178710938e+00 -3.131267547607421875e+00 3.782089233398437500e+00 3.579296588897705078e+00 -1.354325103759765625e+01 -4.584208965301513672e+00 -6.470680236816406250e-01 -4.925055503845214844e+00
1 1.042199969291687012e+00 3.164609670639038086e+00 -2.275426864624023438e+00 1.200774908065795898e+00 -4.178698539733886719e+00 1.687312602996826172e+00 6.990919589996337891e+00 -2.027751541137695312e+01 8.800625801086425781e+00 2.031443595886230469e+01 -2.654146671295166016e+00 2.098949909210205078e+00 8.098429679870605469e+00
1 1.042199969291687012e+00 2.637997865676879883e+00 2.459307432174682617e+00 -6.413411498069763184e-01 -4.478888511657714844e+00 8.364454269409179688e+00 2.166957139968872070e+00 -1.475777816772460938e+01 -1.562029647827148438e+01 9.039418697357177734e-01 -3.757900953292846680e+00 5.330008029937744141e+00 1.808947324752807617e+00
1 1.042199969291687012e+00 2.330465078353881836e+00 2.067465305328369141e+00 1.199113965034484863e+00 -7.396220207214355469e+00 -4.686445236206054688e+00 -3.555999755859375000e+00 -2.341007232666015625e+01 -4.013751220703125000e+01 -2.895470142364501953e+00 -5.167436122894287109e+00 -3.407431125640869141e+00 -3.092063426971435547e+00
1 1.042199969291687012e+00 3.099024534225463867e+00 -9.048315286636352539e-01 -2.187132835388183594e+00 -7.249300479888916016e+00 -3.917876720428466797e+00 2.402614116668701172e+00 -1.805366706848144531e+01 7.647978067398071289e-01 -3.565888404846191406e+00 -7.864395141601562500e+00 -2.845708847045898438e+00 -1.489878352731466293e-02
1 1.042199969291687012e+00 2.925734758377075195e+00 5.296927094459533691e-01 3.775841236114501953e+00 1.998118281364440918e+00 2.831936836242675781e+00 6.501203536987304688e+00 9.807832717895507812e+00 -8.920366287231445312e+00 -6.633440971374511719e+00 7.271792888641357422e-01 2.619059085845947266e+00 7.167349815368652344e+00
1 1.042199969291687012e+00 1.169586181640625000e+00 3.473935604095458984e+00 5.930303573608398438e+00 8.612872362136840820e-01 -2.093356370925903320e+00 -3.412195682525634766e+00 3.630280494689941406e+00 -1.351976680755615234e+01 -1.494800376892089844e+01 2.991907298564910889e-03 -2.931327819824218750e-01 -2.815556287765502930e+00
1 1.042199969291687012e+00 1.274131655693054199e+00 1.339311838150024414e+00 -1.865949332714080811e-01 3.879235267639160156e+00 7.592490196228027344e+00 -2.595161437988281250e+00 -2.568316650390625000e+01 1.294599723815917969e+01 3.623791885375976562e+01 4.491473197937011719e+00 8.036424636840820312e+00 -3.476274490356445312e+00
1 1.042199969291687012e+00 -5.704935193061828613e-01 3.277328014373779297e+00 6.672306060791015625e-01 -4.912643432617187500e+00 4.625792980194091797e+00 5.171481132507324219e+00 -5.363876819610595703e+00 -2.240995025634765625e+01 2.571875572204589844e+01 -3.494761466979980469e+00 6.229700088500976562e+00 5.289332866668701172e+00
1 1.042199969291687012e+00 -1.198329687118530273e+00 -2.841710805892944336e+00 3.739475607872009277e-01 5.521409988403320312e+00 6.949208259582519531e+00 3.858347237110137939e-01 3.183693885803222656e-01 -1.981850814819335938e+01 1.865901947021484375e+01 3.479476451873779297e+00 6.235001087188720703e+00 2.929330766201019287e-01
1 1.042199969291687012e+00 4.999482154846191406e+00 -1.944081544876098633e+00 1.748677015304565430e+00 -3.694723606109619141e+00 2.833773136138916016e+00 2.483571767807006836e+00 -3.140631675720214844e+00 -5.221412181854248047e+00 4.882838726043701172e+00 -2.963847875595092773e+00 4.414589881896972656e+00 2.427171468734741211e+00
1 1.042199969291687012e+00 1.931739568710327148e+00 3.788691043853759766e+00 3.963881492614746094e+00 -2.753233909606933594e+00 -4.806915760040283203e+00 5.900565981864929199e-01 4.388239383697509766e+00 -8.878393173217773438e+00 -5.977742195129394531e+00 -1.148592710494995117e+00 -2.847314119338989258e+00 1.385898113250732422e+00
1 1.042199969291687012e+00 -4.617646694183349609e+00 -1.782933950424194336e+00 -2.192394971847534180e+00 -8.985229134559631348e-01 -6.591857671737670898e-01 4.111854076385498047e+00 1.855390930175781250e+01 7.593338489532470703e+00 6.142749786376953125e+00 -8.612481951713562012e-01 -1.965883016586303711e+00 4.359451293945312500e+00
1 1.042199969291687012e+00 2.104072809219360352e+00 -3.960167884826660156e+00 1.485029697418212891e+00 2.612997531890869141e+00 -1.806821107864379883e+00 2.554588079452514648e+00 1.861281394958496094e-01 6.080934047698974609e+00 2.352548599243164062e+01 4.457782745361328125e+00 -3.051016092300415039e+00 3.415631055831909180e+00
1 1.042199969291687012e+00 -1.254666924476623535e+00 1.688058227300643921e-01 1.475680589675903320e+00 -1.429242491722106934e-01 7.966122627258300781e+00 5.473036289215087891e+00 -3.355352020263671875e+01 1.321072769165039062e+01 1.524827957153320312e+01 -6.920005083084106445e-01 6.902497768402099609e+00 3.821886539459228516e+00
1 1.042199969291687012e+00 5.096982955932617188e+00 -3.590244770050048828e+00 -1.207955837249755859e+00 -1.058575868606567383e+00 -1.240328311920166016e+00 -1.171978861093521118e-01 -1.745919799804687500e+01 -2.095623970031738281e+00 -4.198986053466796875e+00 -3.355517685413360596e-01 -4.190520644187927246e-01 -8.213963508605957031e-01
1 1.042199969291687012e+00 -9.429175853729248047e-01 -1.221781253814697266e+00 5.661430358886718750e+00 2.036567687988281250e+00 2.915639162063598633e+00 -5.023613929748535156e+00 -1.109493637084960938e+01 4.412261962890625000e+00 -1.895267486572265625e+00 1.866723179817199707e+00 2.705380678176879883e+00 -4.232497215270996094e+00
1 1.042199969291687012e+00 -2.141389846801757812e-01 3.505911350250244141e+00 2.509028911590576172e+00 5.889672279357910156e+00 6.141518592834472656e+00 3.014894008636474609e+00 -1.105491352081298828e+01 -6.989297389984130859e+00 -2.032407379150390625e+01 4.524263858795166016e+00 5.456455230712890625e+00 4.334053993225097656e+00
1 1.042199969291687012e+00 -3.875144004821777344e+00 4.795629382133483887e-01 3.494864463806152344e+00 -1.677594184875488281e+00 6.900495290756225586e-01 -3.186532497406005859e+00 -1.144054031372070312e+01 1.131672859191894531e+01 -1.706641006469726562e+01 -1.641669750213623047e+00 -5.920954942703247070e-01 -4.614175796508789062e+00
1 1.042199969291687012e+00 5.160833001136779785e-01 -3.060980796813964844e+00 1.258600711822509766e+00 8.121023178100585938e+00 1.588444828987121582e+00 -3.532954692840576172e+00 -7.068447113037109375e+00 3.649497985839843750e+00 1.236435127258300781e+01 6.689884185791015625e+00 1.837776303291320801e+00 -3.217603445053100586e+00
1 1.042199969291687012e+00 -1.381424188613891602e+00 2.097098350524902344e+00 1.869539022445678711e+00 -1.357393980026245117e+00 8.420363426208496094e+00 1.450468748807907104e-01 1.136472129821777344e+01 -6.245116233825683594e+00 1.382090377807617188e+01 -5.743828415870666504e-01 9.014444351196289062e+00 -1.104629874229431152e+00
1 1.042199969291687012e+00 9.768750518560409546e-02 2.501372337341308594e+00 -8.854868412017822266e-01 -2.905958652496337891e+00 -8.643321037292480469e+00 1.000819444656372070e+00 -1.326741027832031250e+01 -9.353891372680664062e+00 -1.213398361206054688e+01 -3.583708286285400391e+00 -8.695697784423828125e+00 1.724699497222900391e+00
1 1.042199969291687012e+00 3.939515113830566406e+00 1.524985909461975098e+00 -1.588613748550415039e+00 7.840950012207031250e+00 -1.957508563995361328e+00 -4.060041159391403198e-02 2.196645736694335938e+00 -7.583095550537109375e+00 2.411495018005371094e+01 7.775128841400146484e+00 -4.111269474029541016e+00 5.141162872314453125e-01
1 1.042199969291687012e+00 2.452909708023071289e+00 -5.163812637329101562e-02 5.732653617858886719e+00 -3.583522796630859375e+00 2.036364078521728516e+00 -2.992438316345214844e+00 -1.543160629272460938e+01 1.569726753234863281e+01 -2.120950508117675781e+01 -2.724457502365112305e+00 6.725533008575439453e-01 -3.082557678222656250e+00
1 1.042199969291687012e+00 1.412897706031799316e+00 -2.072049617767333984e+00 -5.049293994903564453e+00 3.430947780609130859e+00 1.347016096115112305e+00 -3.174933910369873047e+00 3.285708665847778320e+00 9.615716934204101562e-01 2.028161621093750000e+01 2.252705812454223633e+00 1.705870032310485840e+00 -3.490640163421630859e+00
1 1.042199969291687012e+00 -1.504436731338500977e-01 -1.025920987129211426e+00 -1.701328039169311523e+00 -8.956064224243164062e+00 -9.416770935058593750e-01 -2.253038167953491211e+00 4.817625045776367188e+01 -8.172367095947265625e+00 9.243270874023437500e+00 -8.690489768981933594e+00 -1.530307531356811523e+00 -9.741695523262023926e-01
1 1.042199969291687012e+00 1.662591934204101562e+00 -2.456443786621093750e+00 2.640893936157226562e+00 -6.332660675048828125e+00 -3.274993896484375000e-01 -6.886886119842529297e+00 4.378035068511962891e-01 2.134202957153320312e+01 -1.742361068725585938e+01 -4.060351848602294922e+00 -1.069465517997741699e+00 -3.703384160995483398e+00
1 1.042199969291687012e+00 1.138144850730895996e+00 -4.214420318603515625e-01 -5.069650411605834961e-01 3.544054031372070312e+00 -5.109130859375000000e+00 7.435541152954101562e+00 -1.568566322326660156e+01 -9.860836029052734375e+00 9.716096878051757812e+00 2.280248165130615234e+00 -2.844823837280273438e+00 7.393701076507568359e+00
1 1.042199969291687012e+00 1.989223241806030273e+00 -1.189798116683959961e+00 4.075141429901123047e+00 7.697607040405273438e+00 4.795690536499023438e+00 -3.473426699638366699e-01 -7.700031280517578125e+00 -1.564843177795410156e+00 -1.698021697998046875e+01 6.337940692901611328e+00 2.239269256591796875e+00 -2.083686113357543945e+00
1 1.042199969291687012e+00 1.434823274612426758e+00 -1.315238833427429199e+00 1.066265225410461426e+00 5.202351570129394531e+00 -9.866468906402587891e-01 7.457979679107666016e+00 1.499539375305175781e+01 -2.804148864746093750e+01 5.430846214294433594e+00 4.078327655792236328e+00 -3.300330638885498047e-01 6.833504676818847656e+00
1 1.042199969291687012e+00 5.793973922729492188e+00 -7.682669162750244141e-01 3.022753596305847168e-01 2.770684242248535156e+00 -5.403678894042968750e+00 4.127177596092224121e-01 -6.631099700927734375e+00 -3.953668117523193359e+00 1.195904064178466797e+01 -7.521914243698120117e-01 -3.603005886077880859e+00 2.681610584259033203e+00
1 1.042199969291687012e+00 -5.307741761207580566e-01 1.163880228996276855e+00 -4.637611865997314453e+00 -4.848689079284667969e+00 1.335833668708801270e+00 6.592918634414672852e-01 -1.279392051696777344e+01 1.547726440429687500e+01 1.468304634094238281e+01 -6.943329334259033203e+00 1.413677453994750977e+00 1.789265275001525879e+00
1 1.042199969291687012e+00 -4.131846129894256592e-01 1.039075106382369995e-01 -3.037039279937744141e+00 -3.064122676849365234e+00 -4.456314563751220703e+00 -5.884285926818847656e+00 2.310770606994628906e+01 -2.248913192749023438e+01 -1.572605609893798828e+01 -4.386048793792724609e+00 -2.977094411849975586e+00 -6.692713260650634766e+00
1 1.042199969291687012e+00 1.438544034957885742e+00 1.757976531982421875e+00 -1.957895755767822266e+00 -8.643645793199539185e-02 -9.183305501937866211e-01 -9.370147705078125000e+00 -1.870965766906738281e+01 -6.717682838439941406e+00 9.766706466674804688e+00 -5.365382432937622070e-01 -8.608547449111938477e-01 -7.115786552429199219e+00
1 1.042199969291687012e+00 -1.733889728784561157e-01 8.461351394653320312e-01 2.712078571319580078e+00 5.780047178268432617e-01 -7.298361301422119141e+00 -5.354698657989501953e+00 2.941663742065429688e+00 -1.915231943130493164e+00 1.788643264770507812e+01 1.030142784118652344e+00 -7.282217025756835938e+00 -5.460733413696289062e+00
1 1.042199969291687012e+00 -2.193713903427124023e+00 -1.208492159843444824e+00 6.679199337959289551e-01 -6.656366348266601562e+00 1.782733678817749023e+00 4.923267364501953125e+00 1.135967254638671875e+01 -3.620704889297485352e+00 5.531966209411621094e+00 -7.214943408966064453e+00 1.358590841293334961e+00 4.431162357330322266e+00
1 1.042199969291687012e+00 1.674866676330566406e+00 8.084830045700073242e-01 2.398127794265747070e+00 4.702683448791503906e+00 -5.998985290527343750e+00 4.591205596923828125e+00 2.443046092987060547e+00 2.194923400878906250e+01 -6.881351947784423828e+00 4.098001956939697266e+00 -5.875326633453369141e+00 2.667654752731323242e+00
1 1.042199969291687012e+00 4.741997122764587402e-01 -5.131093502044677734e+00 1.239061713218688965e+00 -1.857769489288330078e+00 -3.964495658874511719e+00 2.068150639533996582e-01 4.922920703887939453e+00 1.669151496887207031e+01 -1.148052024841308594e+01 -4.405316114425659180e-01 -4.718927383422851562e+00 2.627315759658813477e+00
1 1.042199969291687012e+00 4.019557952880859375e+00 1.158036231994628906e+00 5.296070575714111328e+00 -2.761453866958618164e+00 -1.516139984130859375e+00 4.894135951995849609e+00 -1.495745277404785156e+01 -3.212120771408081055e+00 -1.535537528991699219e+01 -3.076935052871704102e+00 -2.391102075576782227e+00 5.489171981811523438e+00
1 1.042199969291687012e+00 -4.985318332910537720e-02 7.048417925834655762e-01 -1.344737529754638672e+00 -4.097490310668945312e+00 -2.581899642944335938e+00 7.675001144409179688e+00 1.233347034454345703e+01 1.715586090087890625e+01 1.601947021484375000e+01 -3.559264659881591797e+00 -2.341335535049438477e+00 7.707544326782226562e+00
1 1.042199969291687012e+00 5.701470851898193359e+00 1.638849258422851562e+00 -2.088693141937255859e+00 2.518562078475952148e-01 -6.432571411132812500e-01 3.309402465820312500e+00 3.924105644226074219e+00 -3.540969133377075195e+00 2.410738468170166016e+00 9.046807885169982910e-01 -1.580789089202880859e+00 1.299062013626098633e+00
1 1.042199969291687012e+00 -1.470843195915222168e+00 3.571666717529296875e+00 -7.840183973312377930e-01 -7.322942733764648438e+00 -1.931642293930053711e+00 4.450230598449707031e+00 -2.523629188537597656e+01 -1.601321411132812500e+01 -3.328061294555664062e+01 -6.341848850250244141e+00 -1.146226525306701660e+00 4.688319206237792969e+00
1 1.042199969291687012e+00 2.630427360534667969e+00 -7.250907421112060547e-01 2.350828647613525391e+00 -4.277589321136474609e-01 -5.141131401062011719e+00 5.180932998657226562e+00 -7.430262565612792969e+00 -3.596117496490478516e+00 -1.337195587158203125e+01 -7.905050516128540039e-01 -5.872360706329345703e+00 3.526198148727416992e+00
1 1.042199969291687012e+00 6.073536396026611328e+00 -2.752448320388793945e-01 -1.529590606689453125e+00 1.331699728965759277e+00 3.268484592437744141e+00 2.627638816833496094e+00 -8.568178176879882812e+00 -9.683755874633789062e+00 -1.047707271575927734e+01 -1.994816362857818604e-01 3.379893064498901367e+00 1.188686847686767578e+00
1 1.042199969291687012e+00 -2.036655426025390625e+00 2.935761928558349609e+00 -2.637528419494628906e+00 -3.418318748474121094e+00 -4.878358840942382812e+00 3.115439414978027344e+00 1.451265430450439453e+01 -6.431712627410888672e+00 5.182688236236572266e+00 -1.948144197463989258e+00 -4.298470973968505859e+00 4.450648784637451172e+00
1 1.042199969291687012e+00 4.535631656646728516e+00 -2.063757658004760742e+00 -9.088224172592163086e-02 3.689397335052490234e+00 -5.249181985855102539e-01 -6.490749835968017578e+00 -2.539991378784179688e+01 -6.230754375457763672e+00 -1.039603614807128906e+01 2.144830465316772461e+00 -1.259245425462722778e-01 -5.300258636474609375e+00
1 1.042199969291687012e+00 3.763519823551177979e-01 -2.043620109558105469e+00 -2.452650070190429688e-01 4.699653983116149902e-01 -8.608145713806152344e+00 -1.264906764030456543e+00 -2.076640510559082031e+01 2.508392715454101562e+01 -1.394494628906250000e+01 7.324783205986022949e-01 -9.006561279296875000e+00 -1.792786836624145508e+00
1 1.042199969291687012e+00 3.294867753982543945e+00 -2.736161947250366211e+00 -1.351270079612731934e+00 1.309014797210693359e+00 6.719131469726562500e+00 1.594823598861694336e-01 -2.233651924133300781e+01 2.239678764343261719e+01 9.299655914306640625e+00 1.564835309982299805e-01 9.273575782775878906e+00 1.536769747734069824e+00
1 1.042199969291687012e+00 -1.002861738204956055e+00 -4.111273765563964844e+00 3.771885395050048828e+00 -5.834085464477539062e+00 -3.869468688964843750e+00 -3.115181326866149902e-01 -2.436634635925292969e+01 1.784092712402343750e+01 -4.610621452331542969e+00 -6.834504127502441406e+00 -3.406330108642578125e+00 -5.312701463699340820e-01
1 1.042199969291687012e+00 -6.898418664932250977e-01 3.114529132843017578e+00 -4.088918685913085938e+00 1.612606525421142578e+00 -3.748939037322998047e+00 4.027469158172607422e+00 1.756357192993164062e+00 -1.436758613586425781e+01 8.632623672485351562e+00 2.982768297195434570e+00 -7.128573417663574219e+00 1.248289585113525391e+00
1 1.042199969291687012e+00 -3.929122447967529297e+00 2.979079246520996094e+00 1.329876780509948730e+00 3.878477573394775391e+00 1.667882204055786133e+00 -2.216405153274536133e+00 6.303948402404785156e+00 -1.010315990447998047e+01 -1.989719772338867188e+01 6.775856494903564453e+00 1.531439542770385742e+00 -4.902950763702392578e+00
1 1.042199969291687012e+00 2.146159410476684570e-01 -4.806015014648437500e+00 -1.884701728820800781e+00 -3.523477554321289062e+00 -1.319411158561706543e+00 3.540979385375976562e+00 -2.703736495971679688e+01 -9.953920364379882812e+00 -1.322046279907226562e+01 -6.241741180419921875e+00 -3.133774995803833008e+00 3.060337781906127930e+00
1 1.042199969291687012e+00 3.715262413024902344e+00 1.262417912483215332e+00 3.015558123588562012e-01 -1.484578132629394531e+00 6.047621726989746094e+00 -4.596258640289306641e+00 6.420483589172363281e+00 -5.519404411315917969e-01 -2.788058853149414062e+01 5.586659312248229980e-01 7.131329059600830078e+00 -2.492399215698242188e+00
1 1.042199969291687012e+00 8.163264989852905273e-01 2.487088680267333984e+00 -5.157154560089111328e+00 -1.658937931060791016e+00 1.219856977462768555e+00 4.594139099121093750e+00 9.568123817443847656e-01 -4.371704101562500000e+00 9.844808578491210938e+00 -3.708092927932739258e+00 4.420652866363525391e+00 5.908354759216308594e+00
1 1.042199969291687012e+00 3.453324794769287109e+00 4.030379772186279297e+00 -1.153107762336730957e+00 3.357967853546142578e+00 -3.795006752014160156e+00 -3.469176292419433594e+00 -2.715711593627929688e+01 1.098910999298095703e+01 1.405085468292236328e+01 4.224432945251464844e+00 -3.814330339431762695e+00 -3.729146957397460938e+00
1 1.042199969291687012e+00 -3.236745834350585938e+00 8.297891616821289062e-01 -1.731256008148193359e+00 -7.659018993377685547e+00 2.401828289031982422e+00 -2.854536533355712891e+00 -1.334341621398925781e+01 8.350856781005859375e+00 1.863400650024414062e+01 -7.155342578887939453e+00 3.764669179916381836e+00 -3.127020597457885742e+00
1 1.042199969291687012e+00 4.730075359344482422e+00 1.421232938766479492e+00 3.405658245086669922e+00 4.647364139556884766e+00 -7.746638357639312744e-02 -1.472927331924438477e+00 -1.133956909179687500e+01 -6.741650104522705078e-01 -2.736259460449218750e+00 4.860136985778808594e+00 -3.413666486740112305e-01 -2.869128704071044922e+00
1 1.042199969291687012e+00 1.297494173049926758e-01 4.439679622650146484e+00 -6.064791679382324219e-01 -4.638304710388183594e+00 5.485939025878906250e+00 -5.629249095916748047e+00 -6.851125717163085938e+00 -8.440340042114257812e+00 -2.146459817886352539e-01 -4.512233257293701172e+00 4.764342308044433594e+00 -6.939054489135742188e+00
1 1.042199969291687012e+00 -3.143077373504638672e+00 -9.102106094360351562e-01 -1.077549457550048828e+00 8.606218099594116211e-01 5.409122467041015625e+00 -2.300976276397705078e+00 -1.520075321197509766e+01 1.014796638488769531e+01 1.205499267578125000e+01 -6.720599532127380371e-01 7.833270549774169922e+00 -4.869652271270751953e+00
1 1.042199969291687012e+00 2.398220777511596680e+00 2.444462776184082031e-01 7.643321752548217773e-01 -4.224129393696784973e-02 5.079731941223144531e+00 -8.608485221862792969e+00 -4.520259475708007812e+01 -1.268605232238769531e+01 8.760011196136474609e-01 -6.694415807723999023e-01 2.469165086746215820e+00 -7.118037223815917969e+00
1 1.042199969291687012e+00 1.668691635131835938e+00 3.494109153747558594e+00 2.078461647033691406e+00 9.061218261718750000e+00 5.607073307037353516e-01 5.037043094635009766e-01 -1.870219421386718750e+01 -8.211614608764648438e+00 8.231187820434570312e+00 8.352198600769042969e+00 1.246455907821655273e+00 6.812373399734497070e-01
1 1.042199969291687012e+00 2.236661195755004883e+00 2.012706279754638672e+00 4.742269992828369141e+00 -9.931398034095764160e-01 4.700894832611083984e+00 8.037618398666381836e-01 -8.608657836914062500e+00 -4.900307655334472656e+00 -6.481707572937011719e+00 -2.672263860702514648e+00 4.705657482147216797e+00 3.506953120231628418e-01
1 1.042199969291687012e+00 -1.045028209686279297e+00 -4.157391071319580078e+00 1.837282657623291016e+00 1.551275730133056641e+00 3.155965805053710938e+00 -5.476042628288269043e-01 -4.906330108642578125e+00 2.862103271484375000e+01 -7.831840515136718750e+00 2.597352981567382812e+00 1.839951038360595703e+00 -1.849091202020645142e-01
1 1.042199969291687012e+00 6.615571379661560059e-01 -1.609460353851318359e+00 -3.217073440551757812e+00 -5.032825946807861328e+00 -5.956840515136718750e-01 -3.084729433059692383e+00 -1.089064025878906250e+01 7.853108406066894531e+00 5.583479881286621094e+00 -4.429578781127929688e+00 -1.737112045288085938e+00 -5.957444190979003906e+00
1 1.042199969291687012e+00 -2.879008531570434570e+00 -3.855288982391357422e+00 2.930299997329711914e+00 1.660909652709960938e+00 -3.203170061111450195e+00 -2.109727621078491211e+00 1.137275218963623047e+01 2.008662033081054688e+01 -1.658157730102539062e+01 2.354225397109985352e+00 -2.820254802703857422e+00 -1.226368427276611328e+00
1 1.042199969291687012e+00 -2.930508852005004883e+00 -6.486408114433288574e-01 -2.892190456390380859e+00 -4.060835838317871094e+00 -6.089192390441894531e+00 -2.897726535797119141e+00 -3.134600162506103516e+00 1.249986839294433594e+01 6.306972503662109375e-01 -5.174388885498046875e+00 -6.318595409393310547e+00 -1.917164444923400879e+00
1 1.042199969291687012e+00 4.684544205665588379e-01 2.010218143463134766e+00 1.568743109703063965e+00 -3.577473163604736328e+00 2.080068111419677734e+00 -7.953079223632812500e+00 1.691636848449707031e+01 6.394672393798828125e+00 -3.168334960937500000e+01 -2.695512056350708008e+00 4.032348394393920898e-01 -6.716681480407714844e+00
1 1.042199969291687012e+00 -1.663260698318481445e+00 1.696798324584960938e+00 -1.288595914840698242e+00 -6.971319913864135742e-01 -5.439104080200195312e+00 8.044690132141113281e+00 2.524665832519531250e+01 8.820449829101562500e+00 -6.313272953033447266e+00 -1.242898464202880859e+00 -3.601060867309570312e+00 6.595598220825195312e+00
1 1.042199969291687012e+00 2.845284461975097656e+00 2.780508995056152344e+00 -2.465965747833251953e+00 5.264836788177490234e+00 2.585877895355224609e+00 5.031106472015380859e-01 1.576651096343994141e+00 1.737879753112792969e+00 -3.875102043151855469e+00 6.228943347930908203e+00 4.223295688629150391e+00 -1.310370802879333496e+00
1 1.042199969291687012e+00 -4.879761219024658203e+00 -1.085768714547157288e-01 -1.006875395774841309e+00 3.834529399871826172e+00 6.474547982215881348e-01 8.736710548400878906e-01 2.254145431518554688e+01 1.156231498718261719e+01 -9.261190414428710938e+00 5.902203559875488281e+00 -8.661938309669494629e-01 3.568921566009521484e+00
1 1.042199969291687012e+00 -2.811959087848663330e-01 1.841754913330078125e+00 -2.697764873504638672e+00 2.226733922958374023e+00 2.778682470321655273e+00 9.048228263854980469e+00 -4.632812023162841797e+00 2.321395111083984375e+01 3.502876758575439453e+00 2.601372003555297852e+00 2.270546197891235352e+00 7.607920646667480469e+00
1 1.042199969291687012e+00 -1.940580606460571289e+00 1.054328083992004395e+00 -3.062735557556152344e+00 -3.899591445922851562e+00 4.919610977172851562e+00 1.071174502372741699e+00 -3.393741130828857422e+00 3.489076852798461914e+00 -1.463306808471679688e+01 -3.878047943115234375e+00 7.031686782836914062e+00 1.462492644786834717e-01
1 1.042199969291687012e+00 1.068038105964660645e+00 3.105232238769531250e+00 -3.332812309265136719e+00 5.888279914855957031e+00 2.091560363769531250e+00 4.215125560760498047e+00 8.776905059814453125e+00 -2.195500373840332031e+01 7.314037322998046875e+00 4.607720375061035156e+00 2.428088188171386719e+00 6.624836921691894531e+00
1 1.042199969291687012e+00 1.544509232044219971e-01 -1.173847675323486328e+00 4.244244575500488281e+00 4.967778205871582031e+00 -4.591102600097656250e+00 -5.238972663879394531e+00 1.571086978912353516e+01 1.661907005310058594e+01 1.373912811279296875e+01 4.969148159027099609e+00 -6.239164352416992188e+00 -5.229401111602783203e+00
1 1.042199969291687012e+00 -2.862843990325927734e+00 4.651940345764160156e+00 -1.956738233566284180e+00 1.737431287765502930e+00 5.422496318817138672e+00 1.548991918563842773e+00 -4.691668510437011719e+00 -2.477336311340332031e+01 9.361719131469726562e+00 1.738659858703613281e+00 6.290949821472167969e+00 2.484217405319213867e+00
1 1.042199969291687012e+00 -1.379632711410522461e+00 5.093647480010986328e+00 4.769260883331298828e-01 7.380130290985107422e-01 -1.788016080856323242e+00 4.846499443054199219e+00 1.299567985534667969e+01 -1.892995834350585938e-01 -1.717344284057617188e+01 2.717892408370971680e+00 -1.798132419586181641e+00 7.054629325866699219e+00
1 1.042199969291687012e+00 -2.769867181777954102e+00 -2.426200389862060547e+00 -2.136380672454833984e+00 -1.218056678771972656e+00 4.806172847747802734e+00 4.592590808868408203e+00 -7.416699886322021484e+00 1.699075698852539062e+00 -7.110075950622558594e+00 -3.897111654281616211e+00 5.148031711578369141e+00 5.047283172607421875e+00
1 1.042199969291687012e+00 2.746749639511108398e+00 -1.263106822967529297e+00 -2.376731336116790771e-01 5.810782432556152344e+00 4.203912258148193359e+00 -5.924720287322998047e+00 1.089246749877929688e+00 1.232000064849853516e+01 -2.536194992065429688e+01 4.512703418731689453e+00 3.713493108749389648e+00 -3.878174304962158203e+00
1 1.042199969291687012e+00 -2.549713850021362305e+00 -3.925533294677734375e-01 4.445325374603271484e+00 5.085203170776367188e+00 -6.228940010070800781e+00 -2.054470479488372803e-01 1.592077255249023438e+01 -7.916662216186523438e+00 7.619051933288574219e+00 3.724973201751708984e+00 -4.964059352874755859e+00 -1.352846264839172363e+00
1 1.042199969291687012e+00 1.426528453826904297e+00 3.652454376220703125e+00 -1.588647842407226562e+00 2.673090696334838867e+00 -7.501889228820800781e+00 -1.368367910385131836e+00 1.270336341857910156e+01 -3.096571159362792969e+01 2.208227729797363281e+01 2.064280748367309570e+00 -7.671369075775146484e+00 -2.590183973312377930e+00
1 1.042199969291687012e+00 -2.825021743774414062e+00 -2.103540658950805664e+00 -4.085087776184082031e+00 -2.183990955352783203e+00 3.755615234375000000e+00 -3.218517780303955078e+00 4.415320396423339844e+00 1.833667039871215820e+00 2.862392425537109375e+00 -2.575012207031250000e+00 3.860750198364257812e+00 -3.786300420761108398e+00
1 1.042199969291687012e+00 2.615683555603027344e+00 2.340013504028320312e+00 -4.303228378295898438e+00 3.379905939102172852e+00 -2.821355104446411133e+00 -3.921052813529968262e-01 -1.200483894348144531e+01 -7.760159969329833984e+00 4.485112190246582031e+00 1.331787228584289551e+00 -7.965676188468933105e-01 1.319637417793273926e+00
1 1.042199969291687012e+00 1.003660202026367188e+00 5.434656143188476562e+00 -1.994652509689331055e+00 -2.017634868621826172e+00 1.019923925399780273e+00 -5.162503719329833984e-01 -1.887653350830078125e+01 1.537119865417480469e+00 1.055115795135498047e+01 -4.704611301422119141e-01 9.875566959381103516e-01 -1.234291553497314453e+00
1 1.042199969291687012e+00 -4.992145538330078125e+00 1.714504480361938477e+00 -1.738869190216064453e+00 -5.866068601608276367e-01 -4.044635295867919922e+00 1.509868055582046509e-01 1.146616554260253906e+01 1.206861972808837891e+00 5.817983627319335938e+00 2.449713706970214844e+00 -3.895536899566650391e+00 2.466926723718643188e-01
1 1.042199969291687012e+00 -6.561845541000366211e-01 -2.259750366210937500e+00 -4.397770404815673828e+00 6.299866676330566406e+00 -1.648134708404541016e+00 -2.761528968811035156e+00 1.603095245361328125e+01 -1.509134769439697266e+00 -1.759840393066406250e+01 4.782151699066162109e+00 -9.280229806900024414e-01 -2.566698551177978516e+00
1 1.042199969291687012e+00 1.976543903350830078e+00 4.901633262634277344e+00 -2.077141106128692627e-01 2.232023715972900391e+00 3.806053161621093750e+00 -2.248284816741943359e+00 8.276103019714355469e+00 -1.650279426574707031e+01 -3.173156738281250000e+00 1.286337733268737793e+00 3.847239732742309570e+00 -4.366785049438476562e+00
1 1.042199969291687012e+00 -3.556351184844970703e+00 -2.283505439758300781e+00 1.543253421783447266e+00 7.583017349243164062e+00 -3.395571708679199219e+00 -3.643352508544921875e+00 -1.094338893890380859e+01 1.285019302368164062e+01 -1.032399368286132812e+01 7.506555080413818359e+00 -2.978681802749633789e+00 -2.125812053680419922e+00
1 1.042199969291687012e+00 -4.789310932159423828e+00 -8.904310464859008789e-01 2.325472593307495117e+00 1.179145693778991699e+00 3.561638355255126953e+00 3.661518573760986328e+00 1.636810111999511719e+01 3.867351770401000977e+00 -1.422389793395996094e+01 1.840338230133056641e+00 2.046006679534912109e+00 3.431071519851684570e+00
1 1.042199969291687012e+00 1.207944273948669434e+00 3.236129283905029297e+00 3.310599029064178467e-01 5.270960807800292969e+00 1.246253848075866699e-01 -8.116489410400390625e+00 1.568150234222412109e+01 -1.752999305725097656e+01 -1.071288490295410156e+01 5.390039443969726562e+00 7.870706319808959961e-01 -6.416613578796386719e+00
1 1.042199969291687012e+00 4.757459163665771484e+00 -1.829702615737915039e+00 -2.059466838836669922e+00 -1.198137700557708740e-01 7.864332795143127441e-01 -4.339732170104980469e+00 5.914967536926269531e+00 1.703204917907714844e+01 2.024483203887939453e+00 -5.939841866493225098e-01 1.581221103668212891e+00 -5.103013038635253906e+00
1 1.042199969291687012e+00 1.945603132247924805e+00 -2.879427433013916016e+00 -9.514026343822479248e-03 2.113548278808593750e+00 7.107154846191406250e+00 -6.216345787048339844e+00 -7.101028442382812500e+00 4.079434394836425781e+00 -7.309310436248779297e+00 2.029600858688354492e+00 5.861426353454589844e+00 -3.493384361267089844e+00
1 1.042199969291687012e+00 4.752497673034667969e+00 2.820135116577148438e+00 -2.691578567028045654e-01 -4.798353672027587891e+00 3.688728332519531250e+00 -3.454982280731201172e+00 -1.730125617980957031e+01 -6.820045471191406250e+00 1.106423139572143555e-02 -5.725292205810546875e+00 2.154556274414062500e+00 -1.256631374359130859e+00
1 1.042199969291687012e+00 -8.964184522628784180e-01 4.323355555534362793e-01 4.401599407196044922e+00 -2.543427467346191406e+00 -3.896222352981567383e+00 -7.743247032165527344e+00 3.123975181579589844e+01 2.990507125854492188e+00 1.385170841217041016e+01 -1.876444220542907715e+00 -1.234666109085083008e+00 -6.349406242370605469e+00
1 1.042199969291687012e+00 2.993857860565185547e-01 -3.831189155578613281e+00 -3.915670514106750488e-01 7.509119987487792969e+00 1.681235790252685547e+00 3.505815505981445312e+00 -1.550115585327148438e+01 1.205301284790039062e-01 2.772232055664062500e+01 7.029959201812744141e+00 1.554397821426391602e+00 2.905530452728271484e+00
1 1.042199969291687012e+00 1.548708796501159668e+00 1.522850036621093750e+00 6.609026432037353516e+00 2.111268997192382812e+00 -7.785451412200927734e-01 7.479435205459594727e-01 -3.944730758666992188e-01 3.186505317687988281e+00 -1.849295234680175781e+01 7.281243205070495605e-01 -2.234838962554931641e+00 6.256688833236694336e-01
1 1.042199969291687012e+00 -1.793237209320068359e+00 -3.748076915740966797e+00 -1.248939156532287598e+00 -1.494292259216308594e+00 1.321834325790405273e+00 5.645124614238739014e-02 2.030680084228515625e+01 8.611302375793457031e+00 7.791682243347167969e+00 -1.638900279998779297e+00 2.417410850524902344e+00 -4.213365316390991211e-01
1 1.042199969291687012e+00 4.264235496520996094e+00 -3.810312747955322266e-01 -9.145803451538085938e-01 -8.518708229064941406e+00 1.674710750579833984e+00 2.282246828079223633e+00 -1.829542922973632812e+01 2.336223602294921875e+01 1.432242774963378906e+01 -8.107396125793457031e+00 1.606357932090759277e+00 6.161683797836303711e-01
1 1.042199969291687012e+00 2.812191486358642578e+00 9.620702266693115234e-01 -2.848016262054443359e+00 6.179288387298583984e+00 -6.762660980224609375e+00 7.043814659118652344e-01 -4.317275047302246094e+00 -2.828945159912109375e+01 -7.053826332092285156e+00 7.682004928588867188e+00 -6.278845787048339844e+00 1.065221309661865234e+00
1 1.042199969291687012e+00 7.659475505352020264e-02 3.692994117736816406e+00 4.368556022644042969e+00 -5.923563003540039062e+00 -4.558749198913574219e-01 7.804005146026611328e-01 -9.420184135437011719e+00 1.764602661132812500e+00 -1.414064216613769531e+01 -6.719829559326171875e+00 -1.462971806526184082e+00 8.913205862045288086e-01
1 1.042199969291687012e+00 1.177220821380615234e+00 1.102102518081665039e+00 -3.704349040985107422e+00 6.343784332275390625e+00 -1.892513751983642578e+00 4.291865825653076172e+00 -1.747651672363281250e+01 5.435756683349609375e+00 1.781600379943847656e+01 5.931391239166259766e+00 -2.982789278030395508e+00 4.182225227355957031e+00
1 1.042199969291687012e+00 -3.809251785278320312e+00 -3.383843600749969482e-01 6.230163574218750000e-01 5.841463088989257812e+00 -3.419447898864746094e+00 1.968353271484375000e+00 -2.241022109985351562e+00 -7.665628790855407715e-01 1.301212406158447266e+01 5.652387142181396484e+00 -1.492900609970092773e+00 2.439477443695068359e+00
1 1.042199969291687012e+00 -4.809280395507812500e+00 1.294732570648193359e+00 1.866155862808227539e+00 2.807508945465087891e+00 -1.646556377410888672e+00 -5.691936016082763672e+00 1.436413478851318359e+01 -1.448499679565429688e+01 -1.093520736694335938e+01 1.608452558517456055e+00 -6.420763731002807617e-01 -5.269059658050537109e+00
1 1.042199969291687012e+00 2.830464839935302734e-01 1.894351243972778320e+00 5.074821472167968750e+00 -6.161808967590332031e+00 3.499463081359863281e+00 1.298968642950057983e-01 7.633183956146240234e+00 -1.639537811279296875e+01 -6.276870727539062500e+00 -7.321590423583984375e+00 5.859766483306884766e+00 2.675026357173919678e-01
1 1.042199969291687012e+00 -1.583810091018676758e+00 4.679483890533447266e+00 -3.420277595520019531e+00 -1.512766838073730469e+00 -3.925716876983642578e-01 -5.028867721557617188e+00 5.008405208587646484e+00 -8.202369689941406250e+00 9.130493164062500000e+00 -2.263340234756469727e+00 -8.766213655471801758e-01 -5.536977291107177734e+00
1 1.042199969291687012e+00 -4.618881702423095703e+00 3.516330242156982422e+00 -2.509142398834228516e+00 6.344698667526245117e-01 5.209007263183593750e-01 1.365110278129577637e-01 1.196544551849365234e+01 2.242093086242675781e+00 4.537587165832519531e-01 1.095846772193908691e+00 -1.517814159393310547e+00 -2.549667358398437500e-01
