0.000000000000000000e+00 1.042199969291687012e+00 -1.607602953910827637e+00 -6.150508522987365723e-01 -8.248882293701171875e-01 -8.945364952087402344e-01 -4.528739929199218750e+00 -6.399450302124023438e-01 1.485518074035644531e+01 1.265551376342773438e+01 -4.383967876434326172e+00 -7.494118213653564453e-01 -2.655356645584106445e+00 -7.240535616874694824e-01
0.000000000000000000e+00 1.042199969291687012e+00 -2.881451845169067383e-01 -2.024814605712890625e+00 -1.331227064132690430e+00 3.542454242706298828e+00 -1.127212762832641602e+00 5.778132677078247070e-01 4.752290725708007812e+00 1.044710254669189453e+01 6.349506378173828125e-01 4.007188320159912109e+00 -2.258551359176635742e+00 -3.244665861129760742e-01
0.000000000000000000e+00 1.042199969291687012e+00 -6.841164082288742065e-02 1.515366137027740479e-01 -1.885937213897705078e+00 1.761338949203491211e+00 -2.093980908393859863e-01 -3.825739383697509766e+00 -3.930375099182128906e+00 -3.703866958618164062e+00 -2.761459350585937500e-01 9.958611130714416504e-01 -4.795760214328765869e-01 -3.851920127868652344e+00
0.000000000000000000e+00 1.042199969291687012e+00 -3.170459508895874023e+00 -1.246650457382202148e+00 1.627784073352813721e-01 8.709362745285034180e-01 3.771313667297363281e+00 -8.923625946044921875e-01 1.763233661651611328e+00 3.329637527465820312e+00 6.951822757720947266e+00 -5.229680538177490234e-01 3.447546005249023438e+00 -1.645619273185729980e+00
0.000000000000000000e+00 1.042199969291687012e+00 -1.005641818046569824e+00 1.437242865562438965e+00 -3.723972439765930176e-01 2.452055454254150391e+00 2.407695531845092773e+00 3.253684043884277344e+00 2.051463365554809570e+00 -8.507950782775878906e+00 -3.892694950103759766e+00 1.214985013008117676e+00 2.759025812149047852e+00 3.739009618759155273e+00
0.000000000000000000e+00 1.042199969291687012e+00 -1.608428359031677246e+00 -1.264063835144042969e+00 -2.706404924392700195e+00 -3.573221206665039062e+00 4.790352191776037216e-03 -2.696980714797973633e+00 1.055056285858154297e+01 9.235198020935058594e+00 -1.471812248229980469e+00 -1.974589228630065918e+00 -5.534834861755371094e-01 -3.306293487548828125e+00
0.000000000000000000e+00 1.042199969291687012e+00 1.516940236091613770e+00 -9.297082424163818359e-01 -1.293576478958129883e+00 -3.825576305389404297e+00 1.509053945541381836e+00 1.397258758544921875e+00 -5.966174602508544922e+00 -2.289526939392089844e+00 6.292124748229980469e+00 -1.605717658996582031e+00 1.319202184677124023e+00 3.005677700042724609e+00
0.000000000000000000e+00 1.042199969291687012e+00 -2.502868771553039551e-01 -9.008456468582153320e-01 1.858364820480346680e+00 8.750010281801223755e-02 -2.125227451324462891e+00 3.991947412490844727e+00 4.689877986907958984e+00 -2.840617418289184570e+00 -3.243604421615600586e+00 -1.365348100662231445e+00 -1.578806161880493164e+00 3.107666492462158203e+00
1.000000000000000000e+00 1.042199969291687012e+00 1.704081296920776367e-01 -1.488863527774810791e-01 3.672963008284568787e-02 -9.355043768882751465e-01 4.585756778717041016e+00 -5.935037136077880859e-01 -4.769290924072265625e+00 -5.761391162872314453e+00 2.615825414657592773e+00 -5.128077268600463867e-01 4.061340808868408203e+00 -4.791439473628997803e-01
1.000000000000000000e+00 1.042199969291687012e+00 7.284578084945678711e-01 -2.117878675460815430e+00 4.002078175544738770e-01 -3.697179794311523438e+00 -1.588698923587799072e-01 -8.186636567115783691e-01 -2.613821029663085938e+00 8.582568168640136719e+00 -1.594596147537231445e+00 -4.193245410919189453e+00 -2.959100008010864258e-01 -7.680395841598510742e-01
1.000000000000000000e+00 1.042199969291687012e+00 -2.263049840927124023e+00 -2.443855285644531250e+00 -1.299076318740844727e+00 3.663059234619140625e+00 2.446317195892333984e+00 1.076402425765991211e+00 6.375594139099121094e-01 -3.983468055725097656e+00 8.273332595825195312e+00 2.248037815093994141e+00 1.447260141372680664e+00 1.155220031738281250e+00
1.000000000000000000e+00 1.042199969291687012e+00 -2.965666532516479492e+00 8.117654919624328613e-01 -3.839503526687622070e-01 -2.081845283508300781e+00 1.417667865753173828e+00 3.232520341873168945e+00 2.809806823730468750e+00 -4.919313907623291016e+00 -2.381508588790893555e+00 -1.539593815803527832e+00 1.770165801048278809e+00 3.635894775390625000e+00
1.000000000000000000e+00 1.042199969291687012e+00 -1.706847906112670898e+00 3.693467378616333008e-02 9.855656623840332031e-01 3.484758853912353516e+00 -2.190593242645263672e+00 -1.430546045303344727e+00 -5.093584060668945312e-01 2.733050346374511719e+00 1.804828643798828125e-04 3.138359069824218750e+00 -1.802478194236755371e+00 -1.064200997352600098e+00
1.000000000000000000e+00 1.042199969291687012e+00 -1.319424748420715332e+00 -1.955914974212646484e+00 4.373196363449096680e-01 5.650171041488647461e-01 -2.404140949249267578e+00 2.981953144073486328e+00 9.204704284667968750e+00 -2.946342945098876953e+00 8.892443656921386719e+00 1.010907173156738281e+00 -2.642654418945312500e+00 2.492642641067504883e+00
1.000000000000000000e+00 1.042199969291687012e+00 -3.383022069931030273e+00 -8.126851320266723633e-01 -1.772326707839965820e+00 8.713628351688385010e-02 8.525189757347106934e-01 -3.635471343994140625e+00 5.899343013763427734e+00 8.407889366149902344e+00 7.995033264160156250e-01 6.678946018218994141e-01 8.803080320358276367e-01 -3.919251680374145508e+00
1.000000000000000000e+00 1.042199969291687012e+00 -1.940917491912841797e+00 7.225741147994995117e-01 -2.187012910842895508e+00 -1.512292027473449707e+00 -4.254432201385498047e+00 -1.981663584709167480e+00 -1.100808143615722656e+00 2.162115335464477539e+00 3.135810375213623047e+00 -8.195520639419555664e-01 -3.418031692504882812e+00 -1.053121447563171387e+00
