0 1.042199969291687012e+00 5.327545166015625000e+00 -4.532214164733886719e+00 -1.965662688016891479e-01 2.230307102203369141e+00 -1.862314939498901367e+00 -4.369430065155029297e+00 -8.474098205566406250e+00 8.011132240295410156e+00 1.130088043212890625e+01 6.076142787933349609e-01 -9.130331277847290039e-01 -1.797634840011596680e+00
0 1.042199969291687012e+00 -4.702775478363037109e+00 -2.799141883850097656e+00 -2.790474891662597656e+00 1.345830440521240234e+00 -3.127302169799804688e+00 3.654520988464355469e+00 6.743914604187011719e+00 1.252565765380859375e+01 -3.052261352539062500e+00 3.436071574687957764e-01 -1.911452054977416992e+00 2.948596477508544922e+00
0 1.042199969291687012e+00 -1.845737934112548828e+00 -1.278375267982482910e+00 6.973195672035217285e-01 -3.839982271194458008e+00 6.464169979095458984e+00 -2.113424777984619141e+00 -4.017942428588867188e+00 -1.733873939514160156e+01 -4.100408554077148438e+01 -2.337574005126953125e+00 2.918690443038940430e+00 8.386094123125076294e-02
0 1.042199969291687012e+00 -4.313532710075378418e-01 3.487659454345703125e+00 -4.844392776489257812e+00 2.421852588653564453e+00 9.000437259674072266e-01 4.067629814147949219e+00 2.880934143066406250e+01 -3.052502059936523438e+01 -2.615110015869140625e+01 1.168651700019836426e+00 2.126573562622070312e+00 3.305027723312377930e+00
0 1.042199969291687012e+00 3.094915747642517090e-01 -2.144207477569580078e+00 2.706343173980712891e+00 -9.359644651412963867e-01 4.128395080566406250e+00 -2.338449478149414062e+00 7.130699920654296875e+01 6.415598869323730469e+00 -4.987501525878906250e+01 -1.210790514945983887e+00 3.886683464050292969e+00 -2.147236108779907227e+00
0 1.042199969291687012e+00 3.383006453514099121e-01 -9.220273494720458984e-01 5.610258579254150391e+00 4.338510513305664062e+00 4.969554424285888672e+00 -4.935039520263671875e+00 9.243733406066894531e+00 7.683406352996826172e+00 -1.560686111450195312e+01 1.289802432060241699e+00 1.244289159774780273e+00 -9.892403483390808105e-01
0 1.042199969291687012e+00 4.570229649543762207e-01 -3.639319896697998047e+00 -2.208092212677001953e+00 3.155434131622314453e+00 2.013939857482910156e+00 -2.266665220260620117e+00 6.412494659423828125e+01 -1.004770812988281250e+02 -3.451314544677734375e+01 3.943401098251342773e+00 5.878157019615173340e-01 -2.025853395462036133e+00
0 1.042199969291687012e+00 -3.185348033905029297e+00 2.405413091182708740e-01 -2.530835151672363281e+00 5.733347892761230469e+00 1.196377158164978027e+00 1.755693674087524414e+00 1.611329269409179688e+01 -4.528487205505371094e+00 2.396241760253906250e+01 3.983824491500854492e+00 8.008583784103393555e-01 4.145920872688293457e-01
0 1.042199969291687012e+00 -4.722324848175048828e+00 2.777011871337890625e+00 2.139479160308837891e+00 1.947853326797485352e+00 -1.012745857238769531e+00 -5.539261341094970703e+00 1.418178462982177734e+01 6.653165817260742188e+00 -1.284086132049560547e+01 1.373826503753662109e+00 -7.265971899032592773e-01 -3.509488344192504883e+00
0 1.042199969291687012e+00 -8.849060535430908203e-01 3.448433399200439453e+00 2.472599029541015625e+00 -2.102951049804687500e+00 -4.863943099975585938e+00 2.555231571197509766e+00 3.220843887329101562e+01 -5.002276992797851562e+01 6.386487007141113281e+00 -2.320744514465332031e+00 -3.802098035812377930e+00 1.321296453475952148e+00
0 1.042199969291687012e+00 -4.546750545501708984e+00 -5.240635871887207031e-01 -3.480044841766357422e+00 -1.415804982185363770e+00 1.792237758636474609e+00 -7.197429656982421875e+00 -4.164122581481933594e+00 -2.088530731201171875e+01 -1.015266704559326172e+01 -5.763944387435913086e-01 3.520003557205200195e-01 -2.551910638809204102e+00
0 1.042199969291687012e+00 -3.494898319244384766e+00 3.782209873199462891e+00 -1.271092057228088379e+00 -4.279449462890625000e+00 8.869764804840087891e-01 3.772972106933593750e+00 -2.164573669433593750e+00 2.543925857543945312e+01 5.180965805053710938e+01 -3.357814311981201172e+00 1.939092993736267090e+00 3.593912839889526367e+00
0 1.042199969291687012e+00 5.156077861785888672e+00 1.923407316207885742e+00 2.126712560653686523e+00 -9.528928995132446289e-01 3.411571025848388672e+00 6.002705574035644531e+00 -2.526594924926757812e+01 8.215604782104492188e+00 -1.106000232696533203e+01 -2.876999378204345703e-01 7.574387192726135254e-01 2.282621383666992188e+00
0 1.042199969291687012e+00 1.338312745094299316e+00 -2.088584899902343750e+00 -1.562618017196655273e+00 -2.454471588134765625e+00 -6.688898801803588867e-01 2.252043724060058594e+00 9.733172416687011719e+00 1.391430091857910156e+01 -1.987401962280273438e+01 -3.826346397399902344e+00 -2.558901011943817139e-01 3.537956714630126953e+00
0 1.042199969291687012e+00 -2.168963432312011719e+00 -3.117178916931152344e+00 -2.768866062164306641e+00 -3.302072048187255859e+00 -2.250145912170410156e+00 -5.371711254119873047e-01 1.396820068359375000e+01 -1.485505867004394531e+01 2.641110229492187500e+01 -2.952702999114990234e+00 -3.563667535781860352e+00 -1.969012498855590820e+00
0 1.042199969291687012e+00 -1.778420433402061462e-02 -5.777670860290527344e+00 -1.625950813293457031e+00 9.072240591049194336e-01 1.242300510406494141e+00 1.315448045730590820e+00 2.253285789489746094e+01 1.662063980102539062e+01 -1.712523651123046875e+01 4.234686791896820068e-01 1.929351568222045898e+00 1.214713573455810547e+00
0 1.042199969291687012e+00 4.225842952728271484e+00 7.937600612640380859e-01 2.844279818236827850e-02 2.763851881027221680e-01 -4.441734313964843750e+00 1.804284095764160156e+00 1.396322917938232422e+01 6.171561050415039062e+01 3.952409744262695312e+01 -1.850499629974365234e+00 -3.935970544815063477e+00 8.501421660184860229e-02
0 1.042199969291687012e+00 -2.422553539276123047e+00 1.673351287841796875e+00 -5.730754375457763672e+00 -5.704622745513916016e+00 -1.369724035263061523e+00 -1.119939386844635010e-01 1.659479141235351562e+01 -1.715319442749023438e+01 2.052384567260742188e+01 -3.214932918548583984e+00 -9.413744807243347168e-01 -1.081671118736267090e+00
0 1.042199969291687012e+00 4.060887336730957031e+00 -3.587832689285278320e+00 -1.077992439270019531e+00 -2.237068176269531250e+00 -6.476472020149230957e-01 2.933083534240722656e+00 -3.523184204101562500e+01 1.285318946838378906e+01 -1.729132652282714844e+01 -2.811589956283569336e+00 -4.235749319195747375e-02 4.244987487792968750e+00
0 1.042199969291687012e+00 -3.573503494262695312e+00 3.933463573455810547e+00 -2.911864757537841797e+00 -3.242642402648925781e+00 2.626879215240478516e+00 -2.638140678405761719e+00 1.133720397949218750e+00 -1.905434417724609375e+01 -6.562121582031250000e+01 -3.655794382095336914e+00 5.749231576919555664e-01 -2.303500890731811523e+00
0 1.042199969291687012e+00 -3.971271038055419922e+00 4.595785588026046753e-02 5.561328887939453125e+00 2.439911842346191406e+00 1.775815129280090332e+00 -4.521087646484375000e+00 1.901225471496582031e+01 9.626424789428710938e+00 -9.711588859558105469e+00 1.845653295516967773e+00 1.325168848037719727e+00 -1.874050617218017578e+00
0 1.042199969291687012e+00 -3.761237621307373047e+00 4.596304893493652344e+00 5.934224128723144531e-01 -1.019692540168762207e+00 3.577159166336059570e+00 1.008564233779907227e+00 -5.007456970214843750e+01 -1.073887252807617188e+01 7.988238334655761719e+00 1.046308204531669617e-01 3.502864122390747070e+00 1.967050075531005859e+00
0 1.042199969291687012e+00 -5.251820087432861328e-01 -3.710278987884521484e+00 2.890804767608642578e+00 -1.416683673858642578e+00 6.083529472351074219e+00 1.774071097373962402e+00 -2.471955680847167969e+01 3.528852844238281250e+01 6.908683013916015625e+01 -2.082170009613037109e+00 2.490685939788818359e+00 1.438065171241760254e+00
0 1.042199969291687012e+00 -2.255557537078857422e+00 3.335719585418701172e+00 -4.673098087310791016e+00 -6.512298583984375000e-01 8.426934480667114258e-01 -3.393385410308837891e-01 -1.259838581085205078e+01 -9.563545227050781250e+00 3.410002517700195312e+01 1.044105052947998047e+00 4.833634495735168457e-01 -4.659190475940704346e-01
0 1.042199969291687012e+00 5.424565792083740234e+00 1.294296860694885254e+00 -1.600679159164428711e+00 1.795879840850830078e+00 -9.382246732711791992e-01 2.694770812988281250e+00 -1.124043083190917969e+01 1.095888710021972656e+01 -4.958755016326904297e+00 1.390324354171752930e+00 -8.927639573812484741e-02 1.733284831047058105e+00
0 1.042199969291687012e+00 4.229845046997070312e+00 -3.427050590515136719e+00 -3.315150976181030273e+00 4.731938362121582031e+00 -4.146346092224121094e+00 -1.066019535064697266e+00 -1.815628433227539062e+01 1.634269523620605469e+01 1.575016021728515625e+01 2.188394784927368164e+00 -2.238327503204345703e+00 -1.398881196975708008e+00
0 1.042199969291687012e+00 2.248874604701995850e-01 5.322120666503906250e+00 -2.056580543518066406e+00 2.890198945999145508e+00 8.117386698722839355e-02 -1.032532453536987305e+00 4.125985145568847656e+00 -3.982727050781250000e+00 3.524521636962890625e+01 2.786231517791748047e+00 1.710389375686645508e+00 -6.702665090560913086e-01
0 1.042199969291687012e+00 -8.199665546417236328e-01 -3.617910861968994141e+00 4.913927078247070312e+00 3.762876033782958984e+00 -9.853178262710571289e-01 -1.759463667869567871e+00 -8.809867858886718750e+00 2.129430770874023438e+01 -2.319073867797851562e+01 3.657501459121704102e+00 3.137942552566528320e-01 -1.489614605903625488e+00
0 1.042199969291687012e+00 9.258107841014862061e-02 -9.367662668228149414e-01 -2.319756507873535156e+00 -7.257902622222900391e-01 4.255395889282226562e+00 -1.517354607582092285e+00 2.599626064300537109e+00 -3.849460220336914062e+01 -2.221409606933593750e+01 -1.004561066627502441e+00 4.245309352874755859e+00 -5.322466492652893066e-01
0 1.042199969291687012e+00 6.131877303123474121e-01 5.947391986846923828e-01 1.666189730167388916e-01 -1.052274227142333984e+00 3.705301284790039062e+00 3.362780094146728516e+00 2.489619255065917969e+01 -1.363339424133300781e+01 1.033504295349121094e+01 -8.845430612564086914e-01 3.056262254714965820e+00 3.934503555297851562e+00
0 1.042199969291687012e+00 -9.262703657150268555e-01 -5.584429740905761719e+00 3.598726749420166016e+00 1.464288473129272461e+00 -2.044440269470214844e+00 3.528672218322753906e+00 2.472207832336425781e+01 1.608840942382812500e+01 -5.675293922424316406e+00 3.127122521400451660e-01 -8.484787344932556152e-01 3.112071990966796875e+00
0 1.042199969291687012e+00 -3.421973705291748047e+00 -2.196767807006835938e+00 -1.691837787628173828e+00 8.163980245590209961e-01 5.171253204345703125e+00 1.017071247100830078e+00 -1.614985656738281250e+01 3.683785629272460938e+01 2.913625240325927734e+00 1.913245201110839844e+00 2.975674629211425781e+00 1.823709249496459961e+00
0 1.042199969291687012e+00 4.645059108734130859e+00 -1.856339216232299805e+00 -3.697772026062011719e-01 1.975343942642211914e+00 -3.728992462158203125e+00 4.947534561157226562e+00 -1.622792816162109375e+01 -4.326684188842773438e+01 2.032241058349609375e+01 6.875243186950683594e-01 -2.170765638351440430e+00 4.593096733093261719e+00
0 1.042199969291687012e+00 -1.976497411727905273e+00 3.254678249359130859e+00 -6.134573221206665039e-01 -3.823781013488769531e+00 4.962324142456054688e+00 -3.751856803894042969e+00 3.875735282897949219e+00 -4.999039459228515625e+01 1.227923202514648438e+01 -2.466536521911621094e+00 2.011985063552856445e+00 -2.624303340911865234e+00
0 1.042199969291687012e+00 2.748719215393066406e+00 2.681972503662109375e+00 1.505667567253112793e+00 -3.108044624328613281e+00 -5.835871696472167969e-01 -2.560002803802490234e+00 6.711431503295898438e+00 -1.849509620666503906e+01 -2.673472976684570312e+01 -4.428956031799316406e+00 -1.630912423133850098e+00 -3.867624759674072266e+00
0 1.042199969291687012e+00 9.434341192245483398e-01 2.020341157913208008e+00 -4.768877983093261719e+00 3.157145023345947266e+00 -1.629771709442138672e+00 -1.080609858036041260e-02 1.250149011611938477e+00 2.013179016113281250e+01 2.556637001037597656e+01 2.757937431335449219e+00 -7.493310570716857910e-01 -1.497179269790649414e-01
0 1.042199969291687012e+00 5.513372898101806641e+00 -2.713474035263061523e-01 -3.270407676696777344e+00 1.993035316467285156e+00 4.583058357238769531e+00 -1.640094518661499023e+00 -2.342089843750000000e+01 8.539031028747558594e+00 1.935814285278320312e+01 2.335423231124877930e+00 2.743842601776123047e+00 -5.396413207054138184e-01
0 1.042199969291687012e+00 5.611041069030761719e+00 -7.737252712249755859e-01 8.238416910171508789e-01 -2.158154487609863281e+00 6.301598548889160156e-01 -1.294028282165527344e+00 -1.524930286407470703e+01 8.536470413208007812e+00 3.120350074768066406e+01 -2.755795717239379883e+00 7.484270930290222168e-01 -1.984592199325561523e+00
0 1.042199969291687012e+00 3.960303306579589844e+00 -1.902105808258056641e+00 -2.011627674102783203e+00 -3.219214200973510742e+00 -3.627915859222412109e+00 -4.350132465362548828e+00 -2.175634384155273438e+01 3.404113388061523438e+01 -2.447911739349365234e+00 -1.360303878784179688e+00 -1.381181120872497559e+00 -1.010248303413391113e+00
0 1.042199969291687012e+00 -1.519214391708374023e+00 -1.004872083663940430e+00 -5.877498149871826172e+00 5.260852813720703125e+00 -1.200480341911315918e+00 -5.260345458984375000e+00 1.185694313049316406e+01 -7.161199092864990234e+00 2.283504867553710938e+01 2.361904621124267578e+00 2.292421646416187286e-03 -1.397207736968994141e+00
0 1.042199969291687012e+00 -3.067880868911743164e-01 -1.106006264686584473e+00 -4.727542996406555176e-01 -1.875945627689361572e-01 -3.271353244781494141e+00 -6.010869503021240234e+00 -1.768543434143066406e+01 5.812046527862548828e+00 6.811264038085937500e+00 4.197835922241210938e-03 -2.770976781845092773e+00 -2.392804145812988281e+00
0 1.042199969291687012e+00 -3.593790769577026367e+00 2.045550346374511719e+00 -1.598399519920349121e+00 -4.430772304534912109e+00 -4.030986785888671875e+00 -5.402158737182617188e+00 4.950877189636230469e+00 2.014194488525390625e+00 -5.086966323852539062e+01 -1.397977232933044434e+00 -7.916293740272521973e-01 -8.314877748489379883e-01
0 1.042199969291687012e+00 -2.429424285888671875e+00 -4.487991333007812500e+00 3.755844116210937500e+00 1.206676244735717773e+00 -1.982152462005615234e+00 -5.516524910926818848e-01 -1.488571643829345703e+00 1.600390434265136719e+01 -2.223907089233398438e+01 5.600077509880065918e-01 -2.185600996017456055e+00 -8.635467290878295898e-01
0 1.042199969291687012e+00 6.733431816101074219e-01 -4.755579948425292969e+00 4.956188678741455078e+00 -7.088078856468200684e-01 5.009438991546630859e-01 -1.179679632186889648e+00 1.233143568038940430e+00 6.059139251708984375e+00 -2.599475479125976562e+01 -3.179759085178375244e-01 8.219081908464431763e-02 -9.129744768142700195e-01
0 1.042199969291687012e+00 3.760919094085693359e+00 2.170106887817382812e+00 -1.655833721160888672e+00 -1.738051176071166992e+00 -1.315327167510986328e+00 -3.885083198547363281e-01 5.024761962890625000e+01 -9.233251571655273438e+00 9.117368698120117188e+00 -1.318187236785888672e+00 -3.717423200607299805e+00 -2.019347667694091797e+00
0 1.042199969291687012e+00 2.466133117675781250e+00 1.269697427749633789e+00 4.746938496828079224e-02 4.917255640029907227e-01 7.748122215270996094e+00 -9.091314077377319336e-01 1.092792701721191406e+01 -4.388354873657226562e+01 -2.384755849838256836e+00 4.867998361587524414e-01 3.658525943756103516e+00 -3.568161427974700928e-01
0 1.042199969291687012e+00 2.258592367172241211e+00 5.235262393951416016e+00 -2.422760248184204102e+00 2.857289552688598633e+00 -1.735207319259643555e+00 -1.261269807815551758e+00 1.082621097564697266e+00 -9.882283210754394531e+00 6.147110939025878906e+00 1.685718774795532227e+00 -1.473377227783203125e+00 -1.775828957557678223e+00
0 1.042199969291687012e+00 2.563478708267211914e+00 -1.491061568260192871e+00 5.343767642974853516e+00 4.180620670318603516e+00 2.305125236511230469e+00 3.460439682006835938e+00 -1.370908737182617188e+01 1.417946696281433105e+00 -2.519869232177734375e+01 1.934271574020385742e+00 1.975090146064758301e+00 1.796614646911621094e+00
0 1.042199969291687012e+00 -4.493009567260742188e+00 4.607458710670471191e-01 3.536360740661621094e+00 5.887340381741523743e-02 -2.239303350448608398e+00 -1.333805203437805176e+00 1.812252426147460938e+01 -7.328738689422607422e+00 -2.182866096496582031e+01 -5.825750827789306641e-01 -3.403879642486572266e+00 -1.139429688453674316e+00
0 1.042199969291687012e+00 -1.609440803527832031e+00 1.701547622680664062e+00 3.216040611267089844e+00 -1.087982654571533203e+00 4.577137231826782227e-01 -3.510567426681518555e+00 1.721781730651855469e+00 -2.132780075073242188e+01 -2.821127319335937500e+01 -1.562134265899658203e+00 -4.710012674331665039e-01 -4.094106674194335938e+00
0 1.042199969291687012e+00 -3.981096744537353516e+00 1.086320400238037109e+00 -4.655597686767578125e+00 2.362186908721923828e+00 -2.046333312988281250e+00 -3.996191024780273438e+00 7.324598312377929688e+00 -8.807625770568847656e+00 2.309570312500000000e+01 1.059046983718872070e+00 -2.021438121795654297e+00 -1.575360774993896484e+00
0 1.042199969291687012e+00 -4.981424212455749512e-01 2.124876976013183594e+00 -6.038272380828857422e-01 1.401303529739379883e+00 -4.449273109436035156e+00 1.855865836143493652e+00 -6.230868816375732422e+00 -1.847201347351074219e+01 1.809860420227050781e+01 -9.465931355953216553e-02 -4.628247737884521484e+00 3.667539358139038086e-01
0 1.042199969291687012e+00 2.668146610260009766e+00 2.925583600997924805e+00 -7.123975157737731934e-01 1.393762528896331787e-01 1.179531812667846680e-01 3.351626634597778320e+00 -5.062840652465820312e+01 4.395454788208007812e+01 4.119852828979492188e+01 6.641794741153717041e-02 1.477855801582336426e+00 4.880537509918212891e+00
0 1.042199969291687012e+00 -1.725367307662963867e+00 -1.301235198974609375e+00 -2.007570743560791016e+00 -1.230170249938964844e+00 2.251076936721801758e+00 -2.703249454498291016e+00 4.936907768249511719e+00 1.134631919860839844e+01 -2.769592285156250000e+00 -1.340575933456420898e+00 5.181785225868225098e-01 -3.448632001876831055e+00
0 1.042199969291687012e+00 2.392588615417480469e+00 -3.928148746490478516e+00 4.410626888275146484e+00 -2.282846450805664062e+00 -5.135745048522949219e+00 -1.627550601959228516e+00 1.429799270629882812e+01 2.141821289062500000e+01 -8.653262138366699219e+00 -8.556327223777770996e-01 -2.220919609069824219e+00 -4.838210940361022949e-01
0 1.042199969291687012e+00 7.328307628631591797e-01 -5.503366947174072266e+00 2.616368234157562256e-01 3.639534473419189453e+00 -2.225225567817687988e-01 2.295533418655395508e+00 1.652348136901855469e+01 1.491285896301269531e+01 1.013885021209716797e+01 3.886376142501831055e+00 -4.662437736988067627e-02 1.182329893112182617e+00
0 1.042199969291687012e+00 -1.613330364227294922e+00 5.052966594696044922e+00 2.681861162185668945e+00 -2.804580211639404297e+00 -1.795586109161376953e+00 2.953818559646606445e+00 -2.591294479370117188e+01 3.039896774291992188e+01 1.810583114624023438e+01 -2.399173974990844727e+00 -2.507049083709716797e+00 3.002705335617065430e+00
0 1.042199969291687012e+00 1.885146617889404297e+00 -3.737510204315185547e+00 -4.596338868141174316e-01 3.042400836944580078e+00 2.680233240127563477e+00 9.639894962310791016e-01 -5.155982971191406250e+01 3.342813491821289062e+00 -1.925787925720214844e+01 3.103501319885253906e+00 3.168489933013916016e+00 9.497986435890197754e-01
0 1.042199969291687012e+00 -3.407342433929443359e+00 1.504276394844055176e+00 2.225493669509887695e+00 -2.768623352050781250e+00 9.205851554870605469e-01 4.235931634902954102e-01 4.182846832275390625e+01 -1.795753669738769531e+01 9.062113761901855469e-01 -4.395565509796142578e+00 1.657018423080444336e+00 2.049638032913208008e-01
0 1.042199969291687012e+00 1.061673283576965332e+00 1.811002969741821289e+00 -1.617189645767211914e+00 -5.755883693695068359e+00 -2.184407711029052734e+00 2.383179187774658203e+00 -4.829884719848632812e+01 9.497009277343750000e+00 3.937718582153320312e+01 -3.988354206085205078e+00 -2.276427745819091797e+00 1.986737608909606934e+00
0 1.042199969291687012e+00 -2.412441670894622803e-01 -5.368615984916687012e-01 -4.199081897735595703e+00 -1.292610168457031250e+00 -1.664296150207519531e+00 1.299635648727416992e+00 -8.886782646179199219e+00 1.460850620269775391e+01 2.402234077453613281e+00 -5.709865689277648926e-01 -3.577239751815795898e+00 3.869827389717102051e-01
0 1.042199969291687012e+00 2.491297245025634766e+00 1.002463698387145996e+00 -1.907777786254882812e+00 3.337827205657958984e+00 9.031014144420623779e-02 4.312242507934570312e+00 -4.277966690063476562e+01 1.444372653961181641e+00 5.266451644897460938e+01 3.485749006271362305e+00 7.272526025772094727e-01 4.844282627105712891e+00
0 1.042199969291687012e+00 -5.050808906555175781e+00 8.144794702529907227e-01 1.628950238227844238e+00 -1.422934532165527344e+00 -5.920617580413818359e-01 3.291491031646728516e+00 -6.564903259277343750e-01 -1.220712852478027344e+01 -2.942831802368164062e+01 -1.305345445871353149e-01 -2.800629474222660065e-02 4.618632316589355469e+00
0 1.042199969291687012e+00 1.042157769203186035e+00 3.753020763397216797e+00 4.040411472320556641e+00 -1.407733917236328125e+00 1.232232809066772461e+00 1.086591243743896484e+00 -4.548054695129394531e+00 -2.138234710693359375e+01 -9.230131149291992188e+00 -4.654702544212341309e-01 2.040555238723754883e+00 1.859475612640380859e+00
0 1.042199969291687012e+00 3.323558807373046875e+00 5.854496955871582031e-01 1.723978042602539062e+00 5.145602226257324219e-01 -7.876697540283203125e+00 8.350677490234375000e-01 -4.622801589965820312e+01 4.961926269531250000e+01 -9.221711730957031250e+01 -1.736280620098114014e-01 -2.839472055435180664e+00 -5.442047715187072754e-01
0 1.042199969291687012e+00 -3.522850871086120605e-01 4.245098590850830078e+00 6.134202957153320312e+00 2.953316688537597656e+00 -3.109538078308105469e+00 2.351903915405273438e+00 7.160572052001953125e+00 -1.548213958740234375e+01 -2.360802078247070312e+01 1.817485094070434570e+00 -7.461906075477600098e-01 2.310966730117797852e+00
0 1.042199969291687012e+00 1.597511410713195801e+00 1.127321124076843262e+00 1.845854997634887695e+00 4.926152229309082031e+00 -3.378249645233154297e+00 2.689663767814636230e-01 -2.398575782775878906e+01 -1.844601249694824219e+01 -3.024481773376464844e+00 5.695542335510253906e+00 -1.820231199264526367e+00 2.817946672439575195e-01
0 1.042199969291687012e+00 -1.367302060127258301e+00 6.136828899383544922e+00 7.833524942398071289e-01 4.057692527770996094e+00 3.283600091934204102e+00 -5.430984497070312500e-01 3.540778875350952148e+00 4.462328910827636719e+00 2.253810644149780273e+00 2.751309871673583984e+00 2.136890888214111328e+00 1.495091915130615234e-01
0 1.042199969291687012e+00 4.769900321960449219e+00 3.962242603302001953e+00 2.504597663879394531e+00 8.693418502807617188e-01 2.590219020843505859e+00 -1.233963966369628906e+00 -2.681698608398437500e+01 -1.862540054321289062e+01 -1.321059894561767578e+01 1.653596401214599609e+00 1.615300893783569336e+00 -5.184120535850524902e-01
0 1.042199969291687012e+00 1.166665911674499512e+00 2.283110916614532471e-01 -5.008890628814697266e+00 3.338660240173339844e+00 -5.295927524566650391e+00 2.525643348693847656e+00 -2.519292259216308594e+01 -3.559093475341796875e+01 -2.963137435913085938e+01 2.544187307357788086e+00 -3.433058500289916992e+00 1.362710833549499512e+00
0 1.042199969291687012e+00 2.425925016403198242e+00 2.164401769638061523e+00 5.218624114990234375e+00 3.442326068878173828e+00 -3.902848720550537109e+00 -5.246655344963073730e-01 -1.286113357543945312e+01 2.018647575378417969e+01 -2.636170959472656250e+01 1.389367341995239258e+00 -3.196734905242919922e+00 -2.109045267105102539e+00
0 1.042199969291687012e+00 2.563534259796142578e+00 6.190208911895751953e+00 1.541046380996704102e+00 2.842038154602050781e+00 1.610407084226608276e-01 -5.079279899597167969e+00 -5.871721744537353516e+00 -1.037793350219726562e+01 -1.705517768859863281e-01 1.761713027954101562e+00 8.869172334671020508e-01 -2.553053855895996094e+00
0 1.042199969291687012e+00 3.207351684570312500e+00 1.873159170150756836e+00 3.117477893829345703e+00 -1.222537279129028320e+00 -1.708009004592895508e+00 -7.563107013702392578e+00 -1.695986557006835938e+01 9.836378097534179688e+00 7.460888862609863281e+00 -7.804360389709472656e-01 -1.750818639993667603e-02 -2.444925069808959961e+00
0 1.042199969291687012e+00 -2.018383026123046875e+00 -3.105201244354248047e+00 1.807054519653320312e+00 -1.123690843582153320e+00 2.147191047668457031e+00 -5.747054576873779297e+00 -1.968517303466796875e+01 3.854740142822265625e+00 5.300415992736816406e+00 -9.741101861000061035e-01 1.040148615837097168e+00 -3.764440059661865234e+00
0 1.042199969291687012e+00 -4.636341035366058350e-01 -2.540721178054809570e+00 -1.533840417861938477e+00 1.583586692810058594e+00 4.152991294860839844e+00 -3.185291290283203125e+00 -4.029107666015625000e+01 4.640035629272460938e+01 2.994238281250000000e+01 2.572717189788818359e+00 3.267097473144531250e+00 -3.741061687469482422e+00
0 1.042199969291687012e+00 -2.337337583303451538e-01 1.584552288055419922e+00 1.434965610504150391e+00 -6.500272274017333984e+00 2.609721720218658447e-01 -2.999882698059082031e-01 -9.908552169799804688e-01 2.128475570678710938e+01 2.806578063964843750e+01 -4.146152019500732422e+00 1.022635102272033691e+00 -8.339779376983642578e-01
0 1.042199969291687012e+00 1.703143835067749023e+00 4.099302291870117188e+00 -4.225457668304443359e+00 -3.508704662322998047e+00 3.051538467407226562e+00 4.641258120536804199e-01 -1.531836128234863281e+01 -1.939542770385742188e+01 2.545079421997070312e+01 -3.907293319702148438e+00 3.036410093307495117e+00 1.388388752937316895e+00
0 1.042199969291687012e+00 1.361895322799682617e+00 -4.033254623413085938e+00 2.874156475067138672e+00 1.673568129539489746e+00 7.413780212402343750e+00 3.444479942321777344e+00 -5.481758594512939453e+00 1.171307563781738281e+01 5.079573631286621094e+00 1.080548882484436035e+00 1.402866601943969727e+00 1.237171411514282227e+00
0 1.042199969291687012e+00 -2.586719036102294922e+00 5.470393657684326172e+00 -4.471401572227478027e-01 1.274311542510986328e-01 -2.124674797058105469e+00 -3.390815258026123047e+00 5.231570243835449219e+00 -6.359960079193115234e+00 -2.556336975097656250e+01 -1.271162152290344238e+00 -3.067453145980834961e+00 -1.661579847335815430e+00
1 1.042199969291687012e+00 -2.114883661270141602e+00 -2.701007127761840820e-01 3.509915351867675781e+00 -2.012914657592773438e+00 1.497235417366027832e+00 4.103536605834960938e+00 -1.437441444396972656e+01 7.586721420288085938e+00 6.204839324951171875e+01 -5.498548224568367004e-02 1.306815624237060547e+00 3.659608602523803711e+00
1 1.042199969291687012e+00 2.571371197700500488e-01 -2.734129428863525391e+00 -5.071292400360107422e+00 4.036223411560058594e+00 2.188051223754882812e+00 8.042066574096679688e+00 -2.415729904174804688e+01 1.939672660827636719e+01 -7.161828041076660156e+00 1.165889620780944824e+00 1.524581015110015869e-01 2.231027126312255859e+00
1 1.042199969291687012e+00 2.570212125778198242e+00 5.500110626220703125e+00 -4.230933189392089844e-01 -3.855555534362792969e+00 -3.763609170913696289e+00 2.425149202346801758e+00 5.398310184478759766e+00 -3.728400421142578125e+01 -9.877971649169921875e+00 -2.325257301330566406e+00 -2.620881319046020508e+00 9.070783853530883789e-01
1 1.042199969291687012e+00 2.473760128021240234e+00 -1.984161138534545898e+00 3.217584609985351562e+00 -4.918330192565917969e+00 5.103596687316894531e+00 -5.384977340698242188e+00 6.742737770080566406e+00 -2.421381568908691406e+01 2.651336669921875000e+00 -7.927789688110351562e-01 1.572988033294677734e+00 -6.568460464477539062e-01
1 1.042199969291687012e+00 -4.008746623992919922e+00 2.775151491165161133e+00 1.562173366546630859e-01 1.054789900779724121e+00 -4.696599960327148438e+00 1.436932086944580078e+00 1.674843978881835938e+01 -2.516249847412109375e+01 3.615805053710937500e+01 2.063082933425903320e+00 -3.647552967071533203e+00 2.572704792022705078e+00
1 1.042199969291687012e+00 4.856090545654296875e+00 1.227923631668090820e+00 4.182246208190917969e+00 6.038659095764160156e+00 -3.948131322860717773e+00 2.201143264770507812e+00 -2.755567932128906250e+01 -1.942963123321533203e+00 -5.054677486419677734e+00 2.654473066329956055e+00 -2.307546377182006836e+00 5.914699435234069824e-01
1 1.042199969291687012e+00 4.510622024536132812e+00 2.374785184860229492e+00 -3.681056976318359375e+00 -1.511464118957519531e-01 1.183781266212463379e+00 -7.558156251907348633e-01 -6.579608917236328125e-01 -1.681491279602050781e+01 1.812433242797851562e+00 7.176418900489807129e-01 -7.333332300186157227e-02 -7.018204331398010254e-01
1 1.042199969291687012e+00 5.564218759536743164e-01 -2.437716245651245117e+00 -3.349806308746337891e+00 -1.263221263885498047e+00 1.370129108428955078e+00 6.888918876647949219e+00 -1.453981041908264160e+00 3.336939620971679688e+01 1.382058238983154297e+01 -2.338069230318069458e-01 -2.834818363189697266e-01 4.274905681610107422e+00
1 1.042199969291687012e+00 5.174347877502441406e+00 -3.521232008934020996e-01 -8.970029354095458984e-01 -1.368968188762664795e-01 -5.902001380920410156e+00 -3.026830673217773438e+00 3.546228408813476562e-01 2.319572067260742188e+01 -4.651883697509765625e+01 -5.836313366889953613e-01 -4.092554092407226562e+00 -3.147980213165283203e+00
1 1.042199969291687012e+00 2.551910400390625000e+00 -2.471018552780151367e+00 1.352772116661071777e+00 2.248277515172958374e-02 -5.746310234069824219e+00 3.430685043334960938e+00 -2.866101646423339844e+01 1.059260368347167969e+01 -5.302986145019531250e+00 5.545528233051300049e-02 -4.586947917938232422e+00 3.207669734954833984e+00
1 1.042199969291687012e+00 3.945484757423400879e-01 1.911684393882751465e+00 5.314193725585937500e+00 2.689121246337890625e+00 4.998731136322021484e+00 3.069240570068359375e+00 1.059752583503723145e+00 6.950959205627441406e+00 -6.644577980041503906e+00 3.467495739459991455e-01 4.427290916442871094e+00 1.992223858833312988e+00
1 1.042199969291687012e+00 -4.827367663383483887e-01 -2.463806390762329102e+00 1.135839581489562988e+00 1.370534658432006836e+00 6.964128494262695312e+00 -2.100535929203033447e-01 -1.552402687072753906e+01 -1.353642272949218750e+01 -5.664485931396484375e+01 -1.609479933977127075e-01 2.929481983184814453e+00 1.118749380111694336e+00
1 1.042199969291687012e+00 -2.031531333923339844e+00 4.958461284637451172e+00 -2.223921775817871094e+00 -1.174306154251098633e+00 1.899955749511718750e+00 -3.229956150054931641e+00 2.363851165771484375e+01 -1.097687816619873047e+01 1.363703918457031250e+01 1.791475266218185425e-01 2.983696699142456055e+00 -4.186144351959228516e+00
1 1.042199969291687012e+00 1.404939055442810059e+00 -2.770859003067016602e-01 -1.201139688491821289e+00 -2.579298019409179688e+00 4.056678771972656250e+00 1.403327882289886475e-01 -1.161096858978271484e+01 6.225629806518554688e+00 -1.880816078186035156e+01 -2.935252904891967773e+00 6.893696784973144531e+00 -9.828227758407592773e-01
1 1.042199969291687012e+00 -5.039242744445800781e+00 -1.484914064407348633e+00 1.841716289520263672e+00 2.657623291015625000e+00 2.625133514404296875e+00 1.744723677635192871e+00 -3.724052429199218750e+01 2.429702377319335938e+01 -7.535161495208740234e+00 1.497160434722900391e+00 3.715406179428100586e+00 -5.142167806625366211e-01
1 1.042199969291687012e+00 -2.641019105911254883e+00 1.682963132858276367e+00 -3.394837856292724609e+00 7.761714458465576172e-01 3.332661151885986328e+00 -1.420351862907409668e-01 1.091978645324707031e+01 1.195704269409179688e+01 -1.066826534271240234e+01 1.776116132736206055e+00 4.821107387542724609e+00 -1.338589191436767578e+00
1 1.042199969291687012e+00 -5.076570510864257812e+00 -2.781898975372314453e+00 -3.285747766494750977e-01 3.316769599914550781e+00 -2.960483551025390625e+00 -2.647618532180786133e+00 2.632186889648437500e+01 1.413940715789794922e+01 -8.601570129394531250e+00 1.703805088996887207e+00 -1.176844716072082520e+00 -8.318371772766113281e-01
1 1.042199969291687012e+00 4.004693984985351562e+00 -5.449567317962646484e+00 -2.718927860260009766e+00 -1.158129572868347168e+00 -2.446458816528320312e+00 -3.302640438079833984e+00 -1.080348014831542969e+01 2.048218917846679688e+01 1.647547531127929688e+01 -1.550254374742507935e-01 -2.549164772033691406e+00 -1.698723316192626953e+00
1 1.042199969291687012e+00 1.576052427291870117e+00 -9.602796435356140137e-01 2.065312862396240234e+00 1.070452690124511719e+00 -5.231301784515380859e+00 4.253708124160766602e-01 -3.164940357208251953e+00 2.950943183898925781e+01 -2.095092773437500000e+01 1.692708969116210938e+00 -4.071176052093505859e+00 8.630617260932922363e-01
1 1.042199969291687012e+00 9.076573848724365234e-01 3.956607818603515625e+00 -2.085092365741729736e-01 2.290137767791748047e+00 1.489387035369873047e+00 1.820116281509399414e+00 2.567037773132324219e+01 2.472351074218750000e+00 -1.671057510375976562e+01 1.041950702667236328e+00 1.819708704948425293e+00 -1.286824643611907959e-01
1 1.042199969291687012e+00 -6.721484184265136719e+00 3.944924473762512207e-01 -7.161635160446166992e-01 -2.659415006637573242e-01 -4.427821159362792969e+00 -1.274037718772888184e+00 2.598133087158203125e+01 -7.118065357208251953e+00 -5.267087936401367188e+00 -3.406618833541870117e-01 -2.406450271606445312e+00 -2.031922101974487305e+00
1 1.042199969291687012e+00 1.034371614456176758e+00 -2.196083068847656250e+00 1.010586768388748169e-01 -2.992145776748657227e+00 2.853010177612304688e+00 7.547664165496826172e+00 -3.507654571533203125e+01 2.710037231445312500e+00 3.665702438354492188e+01 -1.533299446105957031e+00 1.438890099525451660e+00 4.117195129394531250e+00
1 1.042199969291687012e+00 -1.067352741956710815e-01 2.394804656505584717e-01 2.629428148269653320e+00 -4.153401374816894531e+00 3.746454000473022461e+00 2.283001899719238281e+00 8.633064270019531250e+00 9.135877609252929688e+00 4.257307815551757812e+01 -4.354877471923828125e+00 4.902558326721191406e+00 7.692766189575195312e-01
1 1.042199969291687012e+00 -2.030238389968872070e+00 -2.608300685882568359e+00 -7.897223234176635742e-01 -4.126865386962890625e+00 -1.034146189689636230e+00 3.024755954742431641e+00 2.176996994018554688e+01 -7.397079467773437500e+00 7.156101226806640625e+01 -5.656486034393310547e+00 -3.233206272125244141e-01 3.181831598281860352e+00
1 1.042199969291687012e+00 -4.747949838638305664e-01 -1.810626268386840820e+00 4.106045722961425781e+00 4.199736595153808594e+00 -5.228499412536621094e+00 -5.871926546096801758e-01 -7.074711608886718750e+01 4.729109191894531250e+01 2.257740592956542969e+01 3.611182212829589844e+00 -2.922950983047485352e+00 -6.322863698005676270e-01
1 1.042199969291687012e+00 -1.390697836875915527e+00 -1.495321512222290039e+00 2.430261135101318359e+00 9.596700072288513184e-01 -6.157141685485839844e+00 -2.676828503608703613e-01 1.428357791900634766e+01 -4.242850875854492188e+01 3.082152557373046875e+01 1.258831858634948730e+00 -6.092071056365966797e+00 -9.265825152397155762e-01
1 1.042199969291687012e+00 -4.849523305892944336e-01 5.122198462486267090e-01 4.481502532958984375e+00 5.460627555847167969e+00 -4.128814339637756348e-01 6.924207687377929688e+00 4.922092437744140625e+01 1.212879753112792969e+01 -8.273528289794921875e+01 1.501657009124755859e+00 -7.019028663635253906e-01 2.835975885391235352e+00
1 1.042199969291687012e+00 3.721304178237915039e+00 -1.016431093215942383e+00 -3.738841056823730469e+00 2.407810688018798828e+00 1.438777923583984375e+00 -3.366143465042114258e+00 3.943529605865478516e+00 -6.468785762786865234e+00 -9.637588500976562500e+00 2.170598506927490234e+00 1.293986201286315918e+00 -3.604174613952636719e+00
1 1.042199969291687012e+00 2.002886533737182617e+00 4.468914508819580078e+00 1.221118330955505371e+00 -3.319254875183105469e+00 -2.254637241363525391e+00 3.712214946746826172e+00 -2.977573585510253906e+01 -2.939089965820312500e+01 -1.990738868713378906e+01 -2.609552621841430664e+00 -7.761418819427490234e-01 3.329201221466064453e+00
1 1.042199969291687012e+00 -2.901500165462493896e-01 4.530826807022094727e-01 -1.371166467666625977e+00 1.618372440338134766e+00 4.294354438781738281e+00 7.031042575836181641e+00 -7.942342281341552734e+00 3.343245697021484375e+01 2.751009368896484375e+01 1.060935854911804199e+00 2.393322706222534180e+00 3.187601327896118164e+00
1 1.042199969291687012e+00 3.382936954498291016e+00 3.520123004913330078e+00 -2.838794708251953125e+00 -2.732287406921386719e+00 -1.875083446502685547e+00 -1.764221668243408203e+00 -2.107081222534179688e+01 2.606688308715820312e+01 1.577028942108154297e+01 -1.957504391670227051e+00 -2.553615570068359375e+00 6.293690204620361328e-02
1 1.042199969291687012e+00 -3.418346405029296875e+00 -1.283837318420410156e+00 2.361763000488281250e+00 4.903003692626953125e+00 1.124650239944458008e+00 3.885052204132080078e+00 7.083233642578125000e+01 -1.773094177246093750e+00 2.782356643676757812e+01 4.475068569183349609e+00 3.895634412765502930e-01 3.659768104553222656e+00
1 1.042199969291687012e+00 -7.558938115835189819e-02 -7.397408485412597656e-01 1.274533033370971680e+00 -1.727233231067657471e-01 -3.236495733261108398e+00 2.055777072906494141e+00 2.134354400634765625e+01 -8.484215736389160156e-01 -3.070096206665039062e+01 -5.799988508224487305e-01 -3.714830398559570312e+00 1.737401366233825684e+00
1 1.042199969291687012e+00 -2.065114259719848633e+00 -5.595340251922607422e+00 2.007639408111572266e+00 6.688821792602539062e+00 2.433238029479980469e+00 -2.076101541519165039e+00 2.789694213867187500e+01 1.496552085876464844e+01 -1.013589859008789062e+01 2.434576511383056641e+00 1.520172595977783203e+00 -1.185421943664550781e+00
1 1.042199969291687012e+00 -2.376985311508178711e+00 -2.617545127868652344e+00 3.849701404571533203e+00 -4.877883791923522949e-01 1.035994052886962891e+00 -5.694100379943847656e+00 2.462732505798339844e+01 3.491016006469726562e+01 -2.118330001831054688e+01 2.032128095626831055e+00 1.226462006568908691e+00 -4.906130313873291016e+00
1 1.042199969291687012e+00 -2.000922918319702148e+00 2.154766321182250977e+00 1.234383106231689453e+00 6.774194717407226562e+00 2.013890266418457031e+00 2.721546411514282227e+00 5.266115570068359375e+01 4.252904510498046875e+01 5.925685882568359375e+01 5.698876857757568359e+00 1.926964282989501953e+00 4.302946329116821289e-01
1 1.042199969291687012e+00 -3.330785751342773438e+00 -4.462018966674804688e+00 1.338230609893798828e+00 1.544521093368530273e+00 7.547621726989746094e+00 -2.824915409088134766e+00 -8.044542312622070312e+00 2.325171661376953125e+01 -1.080172729492187500e+01 7.172638177871704102e-02 1.528833627700805664e+00 -1.720256328582763672e+00
1 1.042199969291687012e+00 7.884854674339294434e-01 5.728561401367187500e+00 4.706168174743652344e-02 6.058656692504882812e+00 -1.594283819198608398e+00 3.416592836380004883e+00 -2.639817428588867188e+01 -2.472429275512695312e-01 5.084935188293457031e+00 3.809034109115600586e+00 -1.508391618728637695e+00 1.417530179023742676e+00
1 1.042199969291687012e+00 4.698328971862792969e+00 2.406198084354400635e-01 2.582331657409667969e+00 2.835443973541259766e+00 2.206641674041748047e+00 3.950331211090087891e+00 3.971417999267578125e+01 -3.134811210632324219e+01 1.002921390533447266e+01 2.123330533504486084e-01 2.756795883178710938e+00 4.202991962432861328e+00
1 1.042199969291687012e+00 2.392833232879638672e+00 -5.148054361343383789e-01 -2.717181921005249023e+00 2.000146389007568359e+00 2.634835720062255859e+00 2.381033182144165039e+00 -4.323236846923828125e+01 -3.088592338562011719e+01 2.340247726440429688e+01 2.513043880462646484e-01 4.835994720458984375e+00 1.282453536987304688e+00
1 1.042199969291687012e+00 -5.205809593200683594e+00 1.004967331886291504e+00 -2.706063270568847656e+00 -2.545840740203857422e+00 1.076908469200134277e+00 -1.408288240432739258e+00 2.239451599121093750e+01 1.561499118804931641e+01 2.833413505554199219e+01 -3.262263298034667969e+00 1.324758291244506836e+00 -8.111498355865478516e-01
1 1.042199969291687012e+00 -2.594917297363281250e+00 3.395396947860717773e+00 2.775671958923339844e+00 8.866312503814697266e-01 -1.828801274299621582e+00 4.855190753936767578e+00 -4.095635986328125000e+01 -2.878191184997558594e+01 -4.673959732055664062e+00 8.800121545791625977e-01 -2.310425281524658203e+00 4.837452888488769531e+00
1 1.042199969291687012e+00 3.166396856307983398e+00 -4.432622432708740234e+00 4.701316356658935547e-01 -3.203111648559570312e+00 1.518373012542724609e+00 -4.272743225097656250e+00 9.601699829101562500e+00 1.176917266845703125e+01 2.715783119201660156e+01 -4.146360874176025391e+00 3.178773641586303711e+00 -2.414678335189819336e+00
1 1.042199969291687012e+00 2.143008232116699219e+00 -3.161265373229980469e+00 -4.701565265655517578e+00 -4.094736576080322266e+00 2.625124454498291016e+00 3.542425632476806641e-01 5.467718124389648438e+00 -7.615876197814941406e+00 2.524851989746093750e+01 -4.409319877624511719e+00 1.708532691001892090e+00 -9.916505962610244751e-02
1 1.042199969291687012e+00 -3.453927993774414062e+00 -1.210187673568725586e+00 -9.932449460029602051e-02 -3.739293575286865234e+00 -3.255945444107055664e+00 3.581217765808105469e+00 7.931766033172607422e+00 -3.298601913452148438e+01 -3.474137496948242188e+01 -3.710755348205566406e+00 -3.418220520019531250e+00 3.783438205718994141e+00
1 1.042199969291687012e+00 -1.850659847259521484e+00 1.459023237228393555e+00 -1.629013061523437500e+00 4.031297683715820312e+00 -2.409369945526123047e+00 -5.817169189453125000e+00 1.441071987152099609e+01 7.116023254394531250e+01 1.018885993957519531e+01 2.381224155426025391e+00 -2.140204757452011108e-01 -4.140755176544189453e+00
1 1.042199969291687012e+00 -3.447034835815429688e+00 -5.536443740129470825e-02 1.118155241012573242e+00 -2.375896692276000977e+00 -1.037569999694824219e+00 1.252980232238769531e+00 1.004390716552734375e-01 5.344305801391601562e+01 -1.582312965393066406e+01 -2.515432357788085938e+00 -1.374602437019348145e+00 3.957650065422058105e-02
1 1.042199969291687012e+00 -3.414917230606079102e+00 -3.997788429260253906e+00 -1.005365014076232910e+00 -1.315797090530395508e+00 -1.906586170196533203e+00 9.187705516815185547e-01 1.234306144714355469e+01 1.126682949066162109e+01 1.301813411712646484e+01 -1.095559597015380859e+00 -2.484988689422607422e+00 -1.324610710144042969e+00
1 1.042199969291687012e+00 1.940129995346069336e+00 2.480496644973754883e+00 -3.047581672668457031e+00 -6.813783168792724609e+00 2.151050090789794922e+00 -4.568271160125732422e+00 -1.613953590393066406e+01 -3.807966995239257812e+01 -1.894384956359863281e+01 -2.028468608856201172e+00 1.484988927841186523e+00 -1.081536173820495605e+00
1 1.042199969291687012e+00 3.581424474716186523e+00 -8.667377829551696777e-01 8.123332262039184570e-01 5.155993461608886719e+00 -2.669490337371826172e+00 -4.161762237548828125e+00 1.712642478942871094e+01 -3.542480850219726562e+01 4.003320312500000000e+01 3.123828172683715820e+00 -1.151904940605163574e+00 -1.731163859367370605e+00
1 1.042199969291687012e+00 -1.112699508666992188e+00 -6.363358497619628906e+00 -2.030161619186401367e-01 -1.452985644340515137e+00 -2.438043117523193359e+00 5.660438060760498047e+00 -6.614895820617675781e+00 3.307999420166015625e+01 2.088869476318359375e+01 -1.618188500404357910e+00 -9.676372408866882324e-01 3.782114028930664062e+00
1 1.042199969291687012e+00 8.618122339248657227e-01 -3.577245235443115234e+00 1.268675446510314941e+00 -5.293774604797363281e+00 2.762982368469238281e+00 4.176647186279296875e+00 9.984508514404296875e+01 4.969959259033203125e+01 -3.970521545410156250e+01 -4.694350242614746094e+00 1.262480854988098145e+00 1.656406641006469727e+00
1 1.042199969291687012e+00 -1.870240449905395508e+00 1.724755764007568359e-02 1.892488241195678711e+00 -4.340126037597656250e+00 2.471660375595092773e+00 5.039617061614990234e+00 1.070683956146240234e+01 9.396163940429687500e+01 -3.817005538940429688e+01 -4.263074398040771484e+00 1.249965310096740723e+00 3.564675807952880859e+00
1 1.042199969291687012e+00 -4.182334542274475098e-01 -4.482590675354003906e+00 1.466621637344360352e+00 4.435857772827148438e+00 -8.111183047294616699e-01 7.974065542221069336e-01 -6.546501922607421875e+01 -7.802899169921875000e+01 -4.119816589355468750e+01 3.671610593795776367e+00 -2.377421140670776367e+00 -7.850206494331359863e-01
1 1.042199969291687012e+00 2.453135728836059570e+00 -4.253422260284423828e+00 -2.237211704254150391e+00 5.031517505645751953e+00 1.709851980209350586e+00 -2.310781955718994141e+00 -1.733555221557617188e+01 3.717321395874023438e+01 -4.724598884582519531e+00 2.733097553253173828e+00 1.766290664672851562e+00 -2.641889572143554688e+00
1 1.042199969291687012e+00 3.803352832794189453e+00 4.020929336547851562e+00 5.388914346694946289e-01 -1.986757397651672363e+00 -5.233405828475952148e-01 -3.100004196166992188e+00 -3.302931976318359375e+01 7.480117797851562500e+00 6.172462463378906250e+00 -3.897683024406433105e-01 -1.323188066482543945e+00 -1.804002523422241211e+00
1 1.042199969291687012e+00 4.373316287994384766e+00 -1.507246255874633789e+00 4.338357925415039062e+00 -6.085897445678710938e+00 -1.013388633728027344e-01 -8.336676955223083496e-01 -2.531574630737304688e+01 1.470656967163085938e+01 -1.562345886230468750e+01 -3.607789993286132812e+00 1.629070341587066650e-01 2.622297108173370361e-01
1 1.042199969291687012e+00 -1.728678941726684570e+00 -4.242271423339843750e+00 2.888101935386657715e-01 -5.596324801445007324e-01 -4.501217842102050781e+00 6.426822662353515625e+00 -8.181760787963867188e+00 2.147374725341796875e+01 -2.617848205566406250e+01 1.309242695569992065e-01 -3.178987026214599609e+00 3.529500484466552734e+00
1 1.042199969291687012e+00 -4.503027200698852539e-01 7.371499538421630859e-01 -5.727062225341796875e+00 -4.065418243408203125e-01 4.493894577026367188e+00 5.609089851379394531e+00 -1.434545707702636719e+01 -1.179314231872558594e+01 -4.803951263427734375e+00 -1.198607236146926880e-01 3.234991550445556641e+00 2.190804243087768555e+00
1 1.042199969291687012e+00 -3.708671092987060547e+00 -1.066549658775329590e+00 -5.191078186035156250e+00 8.685450553894042969e-01 -1.075029492378234863e+00 2.278252124786376953e+00 5.781015396118164062e+00 -3.863940000534057617e+00 4.356271743774414062e+00 1.062875866889953613e+00 -1.677302002906799316e+00 -6.268306374549865723e-01
1 1.042199969291687012e+00 -3.453614413738250732e-01 4.846622467041015625e+00 1.494042396545410156e+00 3.783844411373138428e-01 6.851700782775878906e+00 -2.754737854003906250e+00 7.507956695556640625e+01 2.918159103393554688e+01 6.136694908142089844e+00 -1.364057064056396484e+00 1.669371128082275391e+00 -2.000406503677368164e+00
1 1.042199969291687012e+00 2.808226108551025391e+00 -2.220044851303100586e+00 -4.715145826339721680e-01 3.051670193672180176e-01 4.006387710571289062e+00 -6.771347999572753906e+00 1.255491733551025391e+01 2.319137191772460938e+01 -1.032468795776367188e+01 6.978997588157653809e-01 2.374819517135620117e+00 -2.521702051162719727e+00
1 1.042199969291687012e+00 -1.416355609893798828e+00 4.033903121948242188e+00 4.406580924987792969e+00 -4.288197517395019531e+00 1.784571647644042969e+00 -6.331413984298706055e-01 1.366144752502441406e+01 -2.728779029846191406e+01 -2.180131721496582031e+01 -4.640716075897216797e+00 1.971526145935058594e+00 -1.244164943695068359e+00
1 1.042199969291687012e+00 2.514050602912902832e-01 5.483364582061767578e+00 3.639917373657226562e+00 -2.551981687545776367e+00 3.140524864196777344e+00 3.059077262878417969e-01 -6.100411891937255859e+00 -2.260432052612304688e+01 -2.483802986145019531e+01 -1.216215372085571289e+00 3.737273216247558594e+00 1.699969321489334106e-01
1 1.042199969291687012e+00 2.607247352600097656e+00 4.152237892150878906e+00 2.923167228698730469e+00 4.276493072509765625e+00 5.120426177978515625e+00 4.542661830782890320e-02 -1.954009532928466797e+00 -2.465926170349121094e+01 -5.795831680297851562e-01 2.858983039855957031e+00 1.939442992210388184e+00 -6.631745100021362305e-01
1 1.042199969291687012e+00 1.033950090408325195e+00 -2.564926624298095703e+00 4.549235820770263672e+00 -2.698839664459228516e+00 -3.875307440757751465e-01 -3.920323371887207031e+00 1.663894653320312500e+01 -1.181233692169189453e+01 -1.400204658508300781e+01 -2.508024454116821289e+00 -1.088014245033264160e+00 -1.535624504089355469e+00
1 1.042199969291687012e+00 9.028844535350799561e-02 2.255042076110839844e+00 3.437984466552734375e+00 3.962210178375244141e+00 1.760480403900146484e+00 2.048658370971679688e+00 -3.874497175216674805e+00 -9.834339141845703125e+00 -1.811054611206054688e+01 4.170463562011718750e+00 2.132099151611328125e+00 -4.646925926208496094e-01
1 1.042199969291687012e+00 -5.175476074218750000e-01 4.538113594055175781e+00 -3.527756690979003906e+00 7.050419449806213379e-01 7.193037986755371094e+00 1.063242197036743164e+00 -5.154947757720947266e+00 -8.544769287109375000e+00 4.598210906982421875e+01 -4.004384875297546387e-01 2.991163253784179688e+00 1.218783378601074219e+00
1 1.042199969291687012e+00 -2.196396827697753906e+00 -6.069633364677429199e-02 -9.238173961639404297e-01 -1.309602141380310059e+00 2.658921718597412109e+00 -3.089455604553222656e+00 -1.446921730041503906e+01 -3.479558944702148438e+01 3.032898139953613281e+01 -5.213830471038818359e-01 6.059752464294433594e+00 -3.856711626052856445e+00
1 1.042199969291687012e+00 2.811326742172241211e+00 4.319375753402709961e-01 4.897803306579589844e+00 2.641069412231445312e+00 -2.372721672058105469e+00 1.431869864463806152e+00 -6.572723388671875000e-02 -1.920138740539550781e+01 4.861564636230468750e+00 1.566470146179199219e+00 -2.007362842559814453e+00 -8.482548594474792480e-02
1 1.042199969291687012e+00 4.270286560058593750e+00 -1.541948437690734863e+00 2.414476871490478516e+00 -3.364167362451553345e-02 -3.358130931854248047e+00 -1.314485073089599609e+00 -2.681082916259765625e+01 -5.092242240905761719e+00 -6.737337112426757812e+00 1.307087242603302002e-01 -7.174220085144042969e-01 -1.190017700195312500e+00
1 1.042199969291687012e+00 -8.799068927764892578e-01 1.772239208221435547e+00 -4.367918014526367188e+00 3.666549682617187500e+00 -1.525748372077941895e+00 -2.298524856567382812e+00 -5.816791152954101562e+01 -5.078169250488281250e+01 -6.080554008483886719e+00 2.469991207122802734e+00 -1.793407201766967773e-01 -4.248887598514556885e-01
1 1.042199969291687012e+00 -2.663172006607055664e+00 1.547864079475402832e+00 -7.182163745164871216e-02 -4.742661476135253906e+00 -9.112012982368469238e-01 -2.009423971176147461e+00 -8.631204605102539062e+00 -3.080006980895996094e+01 -1.835357475280761719e+01 -4.953876972198486328e+00 -6.379849314689636230e-01 -1.166188359260559082e+00
1 1.042199969291687012e+00 -1.611830472946166992e+00 -8.820559084415435791e-02 5.493009090423583984e+00 -3.006376266479492188e+00 1.552534699440002441e-01 1.239562273025512695e+00 -5.465728378295898438e+01 -3.130478096008300781e+01 2.031877136230468750e+01 -1.973103642463684082e+00 -7.370144128799438477e-01 2.655071616172790527e-01
1 1.042199969291687012e+00 -1.741019129753112793e+00 -4.861732959747314453e+00 -1.929045915603637695e+00 -6.652436256408691406e-01 2.070719242095947266e+00 -3.888850212097167969e+00 1.018422222137451172e+01 3.049378967285156250e+01 1.492771530151367188e+01 1.636828780174255371e+00 3.119515180587768555e+00 -3.011708736419677734e+00
1 1.042199969291687012e+00 1.320102930068969727e+00 -6.678947210311889648e-01 3.869124889373779297e+00 3.098338127136230469e+00 1.264199018478393555e+00 -6.133750438690185547e+00 -3.865320587158203125e+01 -1.714958190917968750e+01 1.939561843872070312e+00 1.986096739768981934e+00 1.057520985603332520e+00 -2.282682180404663086e+00
1 1.042199969291687012e+00 -2.308225631713867188e+00 -1.001261770725250244e-01 -4.447823524475097656e+00 1.670584917068481445e+00 -1.305129528045654297e-01 4.396150112152099609e+00 3.503677368164062500e+01 3.871084976196289062e+01 3.091864395141601562e+01 1.960876703262329102e+00 9.699075222015380859e-01 5.904045104980468750e+00
1 1.042199969291687012e+00 -7.075037956237792969e-01 -4.235580444335937500e+00 -4.003315925598144531e+00 -5.052237510681152344e-01 4.196695983409881592e-02 1.097586870193481445e+00 3.593533515930175781e+00 2.673112106323242188e+01 2.992897605895996094e+01 -7.693256139755249023e-01 5.494268536567687988e-01 -7.824538350105285645e-01
1 1.042199969291687012e+00 -3.078565120697021484e+00 1.575277209281921387e+00 4.406177043914794922e+00 -3.613277435302734375e+00 -5.321224689483642578e+00 -8.296515345573425293e-01 1.682464408874511719e+01 -6.368086338043212891e+00 -1.735250091552734375e+01 -2.543727397918701172e+00 -2.737558603286743164e+00 -1.296519279479980469e+00
1 1.042199969291687012e+00 -3.612192273139953613e-01 3.357195377349853516e+00 7.669385075569152832e-01 -3.855317592620849609e+00 -4.817509651184082031e+00 -1.652190089225769043e+00 -3.971977615356445312e+01 -9.252480316162109375e+01 -1.938806343078613281e+01 -2.944718360900878906e+00 -3.794288158416748047e+00 -1.893535494804382324e+00
1 1.042199969291687012e+00 -9.349447488784790039e-01 4.581951618194580078e+00 -3.254925012588500977e-01 -1.253705739974975586e+00 9.196917712688446045e-02 6.490909576416015625e+00 2.565627479553222656e+01 3.900829696655273438e+01 -2.873574256896972656e+01 -9.727935791015625000e-01 -5.335006117820739746e-01 4.718485832214355469e+00
1 1.042199969291687012e+00 3.790730476379394531e+00 8.531631231307983398e-01 -2.873281955718994141e+00 4.318346023559570312e+00 -2.555447578430175781e+00 2.485400676727294922e+00 5.491392517089843750e+01 -4.378355789184570312e+01 -2.515251922607421875e+01 3.563674926757812500e+00 -3.968894004821777344e+00 4.427074193954467773e-01
1 1.042199969291687012e+00 4.406558513641357422e+00 -2.887643575668334961e+00 1.109342694282531738e+00 -8.109520912170410156e+00 -4.826712131500244141e+00 3.661645650863647461e+00 -9.970906257629394531e+00 -1.282608985900878906e+00 -1.380466175079345703e+01 -1.129527330398559570e+00 -3.627257049083709717e-01 5.202564001083374023e-01
1 1.042199969291687012e+00 2.502766609191894531e+00 -5.585812568664550781e+00 -9.207489490509033203e-01 5.139699459075927734e+00 5.653696060180664062e-01 9.491565823554992676e-02 -1.253442478179931641e+01 6.123917579650878906e+00 3.797431945800781250e+00 3.721969127655029297e+00 1.210201084613800049e-01 -3.733204305171966553e-01
1 1.042199969291687012e+00 5.815011262893676758e-01 -6.024055480957031250e+00 2.295493841171264648e+00 -1.696594476699829102e+00 2.920925140380859375e+00 -6.633749604225158691e-01 -1.210037112236022949e+00 3.071957969665527344e+01 -7.761563301086425781e+00 -3.315637707710266113e-01 3.191844463348388672e+00 -5.923107862472534180e-01
1 1.042199969291687012e+00 3.309600353240966797e+00 -3.864076137542724609e+00 2.377337455749511719e+00 -1.182314515113830566e+00 -3.801422715187072754e-01 -4.347014904022216797e+00 -1.623324203491210938e+01 1.113982963562011719e+01 7.916457176208496094e+00 2.087545633316040039e+00 -1.432222962379455566e+00 -2.901393413543701172e+00
1 1.042199969291687012e+00 -6.292006015777587891e+00 -1.728415966033935547e+00 -1.713096261024475098e+00 -5.440340042114257812e-01 2.943734169006347656e+00 5.204001665115356445e-01 2.990106201171875000e+01 1.318313694000244141e+01 4.552828788757324219e+00 -1.318768560886383057e-01 3.794191360473632812e+00 2.500756978988647461e-01
1 1.042199969291687012e+00 -3.031759858131408691e-01 3.525532245635986328e+00 -1.666950225830078125e+00 3.877304494380950928e-02 -4.301708221435546875e+00 -2.565495491027832031e+00 -2.191037559509277344e+01 -7.942965984344482422e+00 5.220322608947753906e-01 -5.096551030874252319e-02 -2.836338520050048828e+00 -3.598682165145874023e+00
1 1.042199969291687012e+00 -4.020608901977539062e+00 -3.269628524780273438e+00 2.994582891464233398e+00 -1.929640531539916992e+00 1.251693844795227051e+00 3.373282909393310547e+00 1.573854446411132812e+01 1.341422557830810547e+01 -1.166544914245605469e+01 -5.469669401645660400e-02 1.565475463867187500e+00 2.536870718002319336e+00
1 1.042199969291687012e+00 -1.350922822952270508e+00 3.705665767192840576e-01 -2.742393255233764648e+00 1.397181510925292969e+00 -9.890191555023193359e-01 3.152585029602050781e+00 2.187493515014648438e+01 -3.869779586791992188e+01 -7.982764434814453125e+01 1.713250398635864258e+00 -1.897499680519104004e+00 2.501329660415649414e+00
1 1.042199969291687012e+00 1.134718894958496094e+00 2.286753177642822266e+00 2.497856020927429199e-01 3.438180446624755859e+00 6.555943965911865234e+00 -2.066266059875488281e+00 -1.295389080047607422e+01 1.054716777801513672e+01 5.094259262084960938e+00 2.668546438217163086e+00 1.630213618278503418e+00 -1.999473094940185547e+00
1 1.042199969291687012e+00 -2.222645044326782227e+00 -2.651087522506713867e+00 -4.625384807586669922e+00 3.336830615997314453e+00 3.511012077331542969e+00 3.538307666778564453e+00 -3.479775238037109375e+01 -3.146224021911621094e+01 -5.006455993652343750e+01 2.777183532714843750e+00 4.431144714355468750e+00 2.032378911972045898e+00
1 1.042199969291687012e+00 -4.489593505859375000e+00 -6.185922622680664062e-01 -1.614184379577636719e+00 -1.316857695579528809e+00 -1.554654002189636230e+00 -2.430987834930419922e+00 -4.197971343994140625e+00 -4.629744720458984375e+01 -3.034345436096191406e+01 6.468756198883056641e-01 -2.548018217086791992e+00 -2.119825839996337891e+00
1 1.042199969291687012e+00 -1.164693713188171387e+00 -1.865138769149780273e+00 -3.674057006835937500e+00 -5.045259475708007812e+00 -1.939454793930053711e+00 -7.186127901077270508e-01 5.400249481201171875e+01 2.532851600646972656e+01 5.365951156616210938e+01 -4.210540294647216797e+00 -2.017196893692016602e+00 2.874686121940612793e-01
1 1.042199969291687012e+00 4.930159091949462891e+00 2.637611865997314453e+00 3.539622724056243896e-01 -2.299154281616210938e+00 9.280612468719482422e-01 -5.909494400024414062e+00 -1.841551208496093750e+01 -3.004729461669921875e+01 -1.950475120544433594e+01 -8.222546577453613281e-01 1.500567674636840820e+00 -5.172757625579833984e+00
1 1.042199969291687012e+00 -1.878656387329101562e+00 3.116993427276611328e+00 -2.549844980239868164e+00 -1.271755456924438477e+00 3.208077430725097656e+00 3.795004844665527344e+00 1.105693626403808594e+01 -1.387929725646972656e+01 3.621543884277343750e+00 -8.891315460205078125e-01 3.124342918395996094e+00 2.274385690689086914e+00
1 1.042199969291687012e+00 -2.247754484415054321e-01 2.288853406906127930e+00 -2.990777969360351562e+00 -6.835536479949951172e+00 -1.322738409042358398e+00 -3.237488269805908203e+00 3.525518417358398438e+01 9.875982284545898438e+00 7.409666442871093750e+01 -4.297554492950439453e+00 -3.203941881656646729e-01 -1.332965135574340820e+00
1 1.042199969291687012e+00 -4.038913249969482422e+00 6.798926591873168945e-01 -6.679885387420654297e-01 7.291172981262207031e+00 -3.631493568420410156e+00 -2.311941146850585938e+00 -8.081210136413574219e+00 -8.604839324951171875e+00 4.982221603393554688e+01 2.718722820281982422e+00 -1.133139848709106445e+00 -8.417821675539016724e-02
1 1.042199969291687012e+00 1.653751254081726074e+00 -1.409804344177246094e+00 -4.289792537689208984e+00 2.255649089813232422e+00 2.750009059906005859e+00 -1.139149308204650879e+00 2.490183591842651367e+00 3.729850769042968750e+01 1.233429622650146484e+01 2.850799083709716797e+00 3.507992029190063477e+00 -2.513965606689453125e+00
1 1.042199969291687012e+00 1.930997848510742188e+00 -7.144458293914794922e-01 3.554596304893493652e-01 -6.351996898651123047e+00 -2.997615814208984375e+00 -4.277536392211914062e+00 -3.060881805419921875e+01 2.413648796081542969e+01 3.198702621459960938e+01 -2.956217527389526367e+00 -2.713702917098999023e+00 -2.179000139236450195e+00
1 1.042199969291687012e+00 -5.330264091491699219e+00 -7.973074316978454590e-01 -3.483527898788452148e-02 -2.595222949981689453e+00 -1.235819101333618164e+00 -4.933050632476806641e+00 1.337367534637451172e+01 6.513073444366455078e+00 2.759762573242187500e+01 -1.574797034263610840e+00 -2.255091667175292969e+00 -4.775163173675537109e+00
1 1.042199969291687012e+00 2.935641765594482422e+00 -2.491570264101028442e-02 3.202955245971679688e+00 1.738539457321166992e+00 4.828456640243530273e-01 1.314685344696044922e-01 -1.985804176330566406e+01 -4.501884460449218750e+01 1.322233963012695312e+01 4.316452145576477051e-01 -1.403837502002716064e-01 -2.791185617446899414e+00
1 1.042199969291687012e+00 5.625499486923217773e-01 5.819603800773620605e-01 -3.004090070724487305e+00 2.494989156723022461e+00 -2.814826488494873047e+00 -3.970993041992187500e+00 3.928432083129882812e+01 3.255884552001953125e+01 -1.145590209960937500e+01 8.780739307403564453e-01 -1.704998970031738281e+00 -2.439238071441650391e+00
1 1.042199969291687012e+00 9.446116685867309570e-01 3.013870716094970703e+00 1.946262121200561523e+00 5.633810043334960938e+00 -3.795156478881835938e-01 -1.035876274108886719e+00 1.489412307739257812e+01 1.957100868225097656e+00 2.170121955871582031e+01 4.280306816101074219e+00 4.729205276817083359e-03 -1.927741050720214844e+00
1 1.042199969291687012e+00 -1.271021664142608643e-01 -4.176393508911132812e+00 -6.819902658462524414e-01 -5.029702663421630859e+00 -4.455640316009521484e+00 1.681060791015625000e+00 -9.996782302856445312e+00 3.746006011962890625e+01 5.071533203125000000e+01 -3.102247238159179688e+00 -3.040701627731323242e+00 2.651929557323455811e-01
1 1.042199969291687012e+00 -1.156110644340515137e+00 5.855789780616760254e-01 3.603117167949676514e-01 1.519572734832763672e+00 -2.924353599548339844e+00 -5.881261348724365234e+00 -1.278479194641113281e+01 -1.533807563781738281e+01 -1.723532485961914062e+01 -6.502486467361450195e-01 -1.915112257003784180e+00 -4.820654392242431641e+00
1 1.042199969291687012e+00 -2.931603431701660156e+00 -1.438225269317626953e+00 -3.413477420806884766e+00 4.777855873107910156e-01 -1.884086370468139648e+00 4.994901180267333984e+00 -1.379955863952636719e+01 1.671190261840820312e+00 3.327594757080078125e+01 4.342538714408874512e-01 -3.050090789794921875e+00 6.287590980529785156e+00
1 1.042199969291687012e+00 -5.581232070922851562e+00 1.998032569885253906e+00 -6.039600372314453125e-01 2.501811504364013672e+00 -6.034913063049316406e-01 1.365780830383300781e+00 2.576071548461914062e+01 -9.877891540527343750e+00 -1.548431634902954102e+00 3.183803319931030273e+00 -1.706104278564453125e+00 -1.908140897750854492e+00
1 1.042199969291687012e+00 5.844970226287841797e+00 -1.758539199829101562e+00 -1.975043773651123047e+00 3.812779426574707031e+00 9.968051910400390625e-01 4.139593124389648438e+00 -8.326138496398925781e+00 -1.063623905181884766e+01 1.106024026870727539e+00 3.110687971115112305e+00 7.508990168571472168e-01 3.362887144088745117e+00
1 1.042199969291687012e+00 4.310822963714599609e+00 4.448209285736083984e+00 -1.320864558219909668e+00 -1.586799144744873047e+00 2.199594020843505859e+00 1.395726669579744339e-02 -2.278455543518066406e+01 -2.222430419921875000e+01 3.876165390014648438e+00 -1.312067747116088867e+00 1.771579861640930176e+00 9.356190562248229980e-01
1 1.042199969291687012e+00 2.488873958587646484e+00 -2.397287607192993164e+00 -2.869114875793457031e+00 -1.864374160766601562e+00 5.020894050598144531e+00 3.285325288772583008e+00 -1.331279182434082031e+01 -1.444889068603515625e+01 1.726205825805664062e+00 -6.977149844169616699e-01 4.705368518829345703e+00 1.330070257186889648e+00
1 1.042199969291687012e+00 -2.189960956573486328e+00 4.206651210784912109e+00 1.044511556625366211e+00 8.733653426170349121e-01 5.738173723220825195e-01 -1.867313861846923828e+00 4.595398330688476562e+01 -4.617900466918945312e+01 1.128579521179199219e+01 3.505751132965087891e+00 -3.740507364273071289e-01 -2.660899639129638672e+00
1 1.042199969291687012e+00 -3.918277740478515625e+00 -1.284794330596923828e+00 4.235197067260742188e+00 -2.732340335845947266e+00 -6.396218299865722656e+00 9.147537946701049805e-01 2.277812767028808594e+01 -1.345143222808837891e+01 -2.648672676086425781e+01 -1.485283970832824707e+00 -4.133149623870849609e+00 1.268424749374389648e+00
1 1.042199969291687012e+00 1.396330595016479492e+00 3.701005697250366211e+00 -1.900373458862304688e+00 1.205111622810363770e+00 -5.926692962646484375e+00 -1.284923851490020752e-01 1.870552635192871094e+01 -6.679272651672363281e+00 -2.720971584320068359e+00 1.846744060516357422e+00 -4.718784332275390625e+00 2.495988309383392334e-01
1 1.042199969291687012e+00 -3.843640565872192383e+00 -2.610364437103271484e+00 1.149934411048889160e+00 -6.690393447875976562e+00 2.799894213676452637e-01 7.483587265014648438e-01 4.784722137451171875e+01 -8.964546203613281250e+00 -3.543448638916015625e+01 -5.093651294708251953e+00 7.473079562187194824e-01 7.728272080421447754e-01
1 1.042199969291687012e+00 3.270826339721679688e+00 -3.301769495010375977e-01 -7.700066566467285156e-01 2.983564376831054688e+00 -1.433513045310974121e+00 4.543462753295898438e+00 -3.393793869018554688e+01 -2.173232269287109375e+01 -9.464788055419921875e+01 2.559038639068603516e+00 -3.528192281723022461e+00 5.746374607086181641e+00
1 1.042199969291687012e+00 1.369733452796936035e+00 1.082922697067260742e+00 3.750848293304443359e+00 -3.813158512115478516e+00 -1.907480716705322266e+00 -6.301753044128417969e+00 1.193458080291748047e+01 1.355949211120605469e+01 -2.160894393920898438e+01 -1.862532615661621094e+00 -2.382357597351074219e+00 -4.541704654693603516e+00
1 1.042199969291687012e+00 2.325537204742431641e+00 8.542931675910949707e-01 -4.032058715820312500e+00 -5.434030294418334961e-01 -1.693888902664184570e+00 2.524348020553588867e+00 4.050839614868164062e+01 2.183045578002929688e+01 5.162644195556640625e+01 -2.326690912246704102e+00 -2.128881931304931641e+00 1.187104582786560059e+00
