0 1.042199969291687012e+00 9.043270349502563477e-01 6.250136852264404297e+00 1.011218577623367310e-01 3.491860866546630859e+00 -1.249649524688720703e+00 2.776662446558475494e-02 6.457777976989746094e+00 -1.318904399871826172e+01 3.390224933624267578e+00 4.199450016021728516e+00 -9.402787685394287109e-01 2.939019680023193359e+00
0 1.042199969291687012e+00 -1.378474473953247070e+00 -6.590723991394042969e-02 -4.670630931854248047e+00 1.886453866958618164e+00 -9.217992782592773438e+00 -1.965720891952514648e+00 1.865489006042480469e+01 6.289868831634521484e+00 6.313231468200683594e+00 -1.359971046447753906e+00 -6.576044559478759766e+00 -1.440598726272583008e+00
0 1.042199969291687012e+00 -6.170410633087158203e+00 6.671020388603210449e-01 2.970102429389953613e-01 3.128897666931152344e+00 3.581414222717285156e-01 -2.001262664794921875e+00 2.392063140869140625e+01 -1.682981109619140625e+01 8.469988107681274414e-01 1.733489155769348145e+00 2.343696355819702148e+00 -2.354038715362548828e+00
0 1.042199969291687012e+00 2.340890884399414062e+00 -4.207216262817382812e+00 2.556983470916748047e+00 -4.487331867218017578e+00 3.212996482849121094e+00 -1.234433412551879883e+00 -5.967190742492675781e+00 -9.360446929931640625e-01 -3.559776782989501953e+00 -4.735463619232177734e+00 1.089384317398071289e+00 -2.035145044326782227e+00
0 1.042199969291687012e+00 5.933047771453857422e+00 3.263495266437530518e-01 -3.038611412048339844e-01 -1.743854284286499023e-01 7.111920416355133057e-02 -5.227980613708496094e+00 -2.172920608520507812e+01 -2.842842817306518555e+00 7.280824661254882812e+00 -1.207919955253601074e+00 -2.125668525695800781e-01 -3.290266036987304688e+00
0 1.042199969291687012e+00 3.944932937622070312e+00 -2.006926536560058594e+00 -3.645684719085693359e+00 1.326530933380126953e+00 1.881335735321044922e+00 6.433467388153076172e+00 -1.809965515136718750e+01 2.805602312088012695e+00 6.405792236328125000e-01 6.739251613616943359e-01 4.103645324707031250e+00 8.100396156311035156e+00
0 1.042199969291687012e+00 -5.221981048583984375e+00 -1.202107191085815430e+00 -3.744226396083831787e-01 -5.897501111030578613e-01 -5.866667032241821289e-01 -5.739921569824218750e+00 2.874403953552246094e+00 6.795112133026123047e+00 2.892390251159667969e+01 7.817250490188598633e-01 6.403836607933044434e-01 -3.318307161331176758e+00
0 1.042199969291687012e+00 -2.347184181213378906e+00 -4.661042690277099609e+00 -2.725595831871032715e-01 -1.706257581710815430e+00 6.660624504089355469e+00 -2.194044828414916992e+00 -1.871107292175292969e+01 7.343398094177246094e+00 -1.658593535423278809e+00 -2.614770174026489258e+00 7.764130592346191406e+00 -2.562382221221923828e+00
0 1.042199969291687012e+00 -1.328077763319015503e-01 -4.403644084930419922e+00 2.613326072692871094e+00 3.270185470581054688e+00 -3.600380182266235352e+00 -1.479384660720825195e+00 9.188192367553710938e+00 1.340181922912597656e+01 -1.712899684906005859e+00 2.178128480911254883e+00 -1.584853887557983398e+00 -2.112060189247131348e-01
0 1.042199969291687012e+00 -1.509126901626586914e+00 4.188432216644287109e+00 3.768216133117675781e+00 -6.312771320343017578e+00 -1.342680931091308594e+00 4.330631256103515625e+00 4.274138450622558594e+00 -2.533863449096679688e+01 3.800117492675781250e+00 -6.503707408905029297e+00 5.792800337076187134e-02 3.185416460037231445e+00
0 1.042199969291687012e+00 2.246984004974365234e+00 -2.615564346313476562e+00 -2.941328048706054688e+00 1.453988075256347656e+00 -2.043789386749267578e+00 3.820488452911376953e+00 -2.107582092285156250e+01 1.731511831283569336e+00 -3.190794372558593750e+01 3.603784561157226562e+00 -4.711086750030517578e+00 2.125100135803222656e+00
0 1.042199969291687012e+00 1.988945007324218750e-01 -3.290606498718261719e+00 4.341360092163085938e+00 4.095498085021972656e+00 6.947076797485351562e+00 -1.557209491729736328e+00 7.370166301727294922e+00 -5.017571449279785156e-01 -2.941687965393066406e+01 4.417700290679931641e+00 6.049449920654296875e+00 -2.760532379150390625e+00
0 1.042199969291687012e+00 -4.128696918487548828e+00 -3.174659252166748047e+00 -1.864383935928344727e+00 -2.171384543180465698e-01 -4.912272930145263672e+00 1.002963304519653320e+00 -4.319172859191894531e+00 -5.248801231384277344e+00 3.396025657653808594e+00 1.637426733970642090e+00 -7.273155212402343750e+00 4.364968836307525635e-01
0 1.042199969291687012e+00 1.647071838378906250e+00 4.653377532958984375e+00 -3.968746185302734375e+00 4.661563932895660400e-01 2.777282476425170898e+00 5.747696161270141602e-01 -3.362710475921630859e+00 -1.837964057922363281e+01 1.736355590820312500e+01 1.434647321701049805e+00 3.751981258392333984e+00 -1.106501221656799316e+00
0 1.042199969291687012e+00 -1.310668349266052246e+00 -1.350332140922546387e+00 -3.164783477783203125e+00 6.590115547180175781e+00 -2.446207523345947266e+00 1.160138607025146484e+00 3.994836807250976562e+00 1.463038825988769531e+01 1.321230602264404297e+01 7.595105171203613281e+00 -1.780973315238952637e+00 3.552045583724975586e+00
0 1.042199969291687012e+00 -1.081554174423217773e+00 -2.703958034515380859e+00 5.646486759185791016e+00 -1.208774805068969727e+00 -2.234451770782470703e+00 1.791561126708984375e+00 -3.533897876739501953e+00 -3.808912277221679688e+01 9.067603111267089844e+00 -1.849384307861328125e+00 -2.421547889709472656e+00 1.878271937370300293e+00
0 1.042199969291687012e+00 -2.425932168960571289e+00 2.189121723175048828e+00 4.432072639465332031e+00 4.796611309051513672e+00 -1.688972473144531250e+00 5.084245681762695312e+00 -1.140593910217285156e+01 -6.423873901367187500e+00 1.735216903686523438e+01 5.689243793487548828e+00 -1.178469300270080566e+00 5.009959697723388672e+00
0 1.042199969291687012e+00 -3.776886940002441406e+00 -3.326447010040283203e+00 5.575214028358459473e-01 -3.962342739105224609e-01 3.817921876907348633e+00 9.212046861648559570e-01 3.598927497863769531e+00 5.019517898559570312e+00 -1.357719516754150391e+01 7.285075187683105469e-01 3.276202440261840820e+00 2.625347375869750977e+00
0 1.042199969291687012e+00 1.599873304367065430e+00 4.836169719696044922e+00 3.375208377838134766e+00 9.559470415115356445e-01 -3.312218427658081055e+00 -2.864507198333740234e+00 -1.534244346618652344e+01 5.769295692443847656e+00 -1.230613231658935547e+01 -2.379587441682815552e-01 -1.725124955177307129e+00 -2.125020742416381836e+00
0 1.042199969291687012e+00 -5.302932262420654297e+00 -2.252808570861816406e+00 1.553175687789916992e+00 2.875412464141845703e+00 -4.908031523227691650e-01 2.211213588714599609e+00 1.375142097473144531e+00 4.533246994018554688e+00 -5.410999774932861328e+00 3.225165843963623047e+00 2.191501617431640625e+00 3.094372272491455078e+00
0 1.042199969291687012e+00 1.616744041442871094e+00 5.481447696685791016e+00 -1.994146347045898438e+00 -4.985393047332763672e+00 2.280318737030029297e-01 -2.262055397033691406e+00 -6.744970798492431641e+00 -1.077821350097656250e+01 9.800542831420898438e+00 -3.787270069122314453e+00 -1.340633273124694824e+00 -2.996090888977050781e+00
0 1.042199969291687012e+00 -5.577603578567504883e-01 -1.658176928758621216e-01 -1.478306651115417480e-01 -4.545053005218505859e+00 3.148430824279785156e+00 6.895581245422363281e+00 -5.921936035156250000e+01 -4.025370597839355469e+00 -3.067816734313964844e+01 -5.895537376403808594e+00 4.508657932281494141e+00 8.218736648559570312e+00
0 1.042199969291687012e+00 2.750068664550781250e+00 -4.383231163024902344e+00 2.937960624694824219e-01 5.085943222045898438e+00 5.967810153961181641e-01 -5.593407630920410156e+00 6.944444656372070312e+00 8.576349258422851562e+00 -1.343087768554687500e+01 6.188219070434570312e+00 -1.683247327804565430e+00 -5.901017189025878906e+00
0 1.042199969291687012e+00 -4.086649894714355469e+00 -1.553343057632446289e+00 3.069690704345703125e+00 2.626546621322631836e+00 6.565832138061523438e+00 2.921092510223388672e+00 1.252883434295654297e+01 1.921449089050292969e+01 -8.883337974548339844e-01 2.500470161437988281e+00 5.235041618347167969e+00 2.678053379058837891e+00
0 1.042199969291687012e+00 -4.062858223915100098e-01 1.570289373397827148e+00 1.090845614671707153e-01 7.909740209579467773e-01 -6.564574241638183594e+00 5.042996406555175781e+00 2.829307079315185547e+00 1.502869224548339844e+01 1.605386924743652344e+01 -1.520733475685119629e+00 -7.251240253448486328e+00 4.171425819396972656e+00
0 1.042199969291687012e+00 2.679671287536621094e+00 -5.285474777221679688e+00 -1.583610296249389648e+00 -1.819609642028808594e+00 9.904843568801879883e-01 4.340647697448730469e+00 -1.558804130554199219e+01 2.435061264038085938e+01 3.977923154830932617e+00 -2.738962173461914062e+00 1.010849475860595703e+00 3.445856332778930664e+00
0 1.042199969291687012e+00 -3.967379033565521240e-01 5.298467636108398438e+00 2.579345941543579102e+00 -3.379536628723144531e+00 -3.926169872283935547e+00 -3.530735731124877930e+00 7.833292961120605469e+00 2.840577316284179688e+01 -6.778662681579589844e+00 -4.552562236785888672e+00 -4.720700263977050781e+00 -2.182835817337036133e+00
0 1.042199969291687012e+00 2.786585807800292969e+00 2.214592695236206055e-01 -8.121670484542846680e-01 -5.073782920837402344e+00 -4.808808326721191406e+00 4.461726188659667969e+00 -2.380642509460449219e+01 1.009199261665344238e+00 -1.994560813903808594e+01 -4.222766876220703125e+00 -5.262168407440185547e+00 6.186353206634521484e+00
0 1.042199969291687012e+00 -2.198657512664794922e+00 1.051121234893798828e+00 3.055657863616943359e+00 9.451090812683105469e+00 -1.602967381477355957e-01 2.724447727203369141e+00 4.345179748535156250e+01 2.441866683959960938e+01 -8.631599426269531250e+00 4.512985229492187500e+00 9.225932955741882324e-01 2.272190809249877930e+00
0 1.042199969291687012e+00 2.112845659255981445e+00 -3.532161712646484375e+00 4.552221298217773438e+00 1.502732753753662109e+00 3.141512632369995117e+00 -2.461103916168212891e+00 -3.168056488037109375e+00 2.277587127685546875e+01 -1.526960563659667969e+01 2.346637248992919922e+00 2.351148366928100586e+00 -3.094704627990722656e+00
0 1.042199969291687012e+00 -1.454033851623535156e+00 -6.459225416183471680e-01 3.080075740814208984e+00 7.910628318786621094e+00 1.410034894943237305e-01 -2.109481096267700195e+00 1.210796642303466797e+01 -2.132640075683593750e+01 -1.690015792846679688e+01 7.784082412719726562e+00 7.317074537277221680e-01 -1.970940709114074707e+00
0 1.042199969291687012e+00 2.363629817962646484e+00 6.968045234680175781e-01 -5.478808879852294922e+00 2.916074752807617188e+00 -1.258043050765991211e+00 -3.397881031036376953e+00 1.579539299011230469e+00 -2.287748336791992188e+01 1.163490867614746094e+01 1.403979301452636719e+00 -2.140559434890747070e+00 -2.235333681106567383e+00
0 1.042199969291687012e+00 1.112859487533569336e+00 -3.838541507720947266e+00 -1.945357799530029297e+00 -7.136455059051513672e+00 2.963624596595764160e-01 2.734254360198974609e+00 -8.895874023437500000e-03 9.646934509277343750e+00 -1.329153537750244141e+01 -8.204234123229980469e+00 1.779045939445495605e+00 3.380399942398071289e+00
0 1.042199969291687012e+00 5.297665596008300781e+00 1.053748875856399536e-01 1.766445875167846680e+00 1.096905231475830078e+00 9.623593091964721680e-01 1.477043628692626953e+00 -1.209296607971191406e+01 3.028051614761352539e+00 7.420058250427246094e-01 3.394674301147460938e+00 8.698726296424865723e-01 1.338124275207519531e+00
0 1.042199969291687012e+00 -2.915921688079833984e+00 3.260639667510986328e+00 -3.165507316589355469e+00 -3.433304309844970703e+00 3.571198940277099609e+00 2.145401954650878906e+00 2.232421398162841797e+00 -2.046654129028320312e+01 2.603149414062500000e-02 -4.150846958160400391e+00 2.445058107376098633e+00 2.584880352020263672e+00
0 1.042199969291687012e+00 -1.952708482742309570e+00 2.661832809448242188e+00 3.430615663528442383e-01 -4.661041259765625000e+00 3.107592582702636719e+00 -6.374958038330078125e+00 2.555397987365722656e+00 -4.544461250305175781e+00 -2.990856885910034180e+00 -2.624233722686767578e+00 1.884203195571899414e+00 -8.083121299743652344e+00
0 1.042199969291687012e+00 -8.025952577590942383e-01 -1.273326873779296875e+00 1.328745603561401367e+00 -5.209225654602050781e+00 6.480705261230468750e+00 2.812318086624145508e+00 -1.796304321289062500e+01 2.649421691894531250e-01 1.293026351928710938e+01 -5.132029056549072266e+00 6.900076866149902344e+00 3.620812416076660156e+00
0 1.042199969291687012e+00 3.220468759536743164e-02 -2.252350151538848877e-01 5.863230705261230469e+00 -2.722613573074340820e+00 2.041487216949462891e+00 4.786329269409179688e+00 -2.900122261047363281e+01 -1.025860071182250977e+00 -7.354936599731445312e-01 -9.268498420715332031e-01 3.039495944976806641e+00 2.027990818023681641e+00
0 1.042199969291687012e+00 -1.810292005538940430e+00 -3.061665058135986328e+00 -3.498185157775878906e+00 -3.175375938415527344e+00 -3.676981449127197266e+00 -6.602426528930664062e+00 2.398002624511718750e+00 -5.011433601379394531e+00 6.583133697509765625e+00 -2.345849275588989258e+00 -6.724110603332519531e+00 -3.590509414672851562e+00
0 1.042199969291687012e+00 2.872307598590850830e-01 -3.469621181488037109e+00 -3.794597148895263672e+00 4.360742092132568359e+00 4.596090316772460938e+00 -6.131766319274902344e+00 3.768709182739257812e+00 1.355587196350097656e+01 2.048022842407226562e+01 3.232264518737792969e+00 5.654908657073974609e+00 -3.788395881652832031e+00
0 1.042199969291687012e+00 3.103778362274169922e+00 -2.532494068145751953e+00 3.049849987030029297e+00 6.214899063110351562e+00 4.831853866577148438e+00 3.058619022369384766e+00 -9.938071250915527344e+00 -1.096046543121337891e+01 1.398009777069091797e+01 5.665546894073486328e+00 3.300542116165161133e+00 4.122412204742431641e+00
0 1.042199969291687012e+00 3.318161487579345703e+00 3.504815578460693359e+00 -4.369964122772216797e+00 4.696386337280273438e+00 2.398382186889648438e+00 4.744672775268554688e+00 -2.873395919799804688e+00 7.241490364074707031e+00 1.186888313293457031e+01 6.965970039367675781e+00 9.097040295600891113e-01 -1.214762032032012939e-01
0 1.042199969291687012e+00 -2.196610212326049805e+00 9.454669952392578125e-01 -3.383442163467407227e-01 4.589365005493164062e+00 2.462311506271362305e+00 8.133616447448730469e+00 2.936194801330566406e+01 1.114016246795654297e+01 -7.052550315856933594e+00 4.685376644134521484e+00 1.731252789497375488e+00 7.482927799224853516e+00
0 1.042199969291687012e+00 3.158146381378173828e+00 5.084906578063964844e+00 2.069928407669067383e+00 -1.816846847534179688e+00 -2.516571998596191406e+00 2.062544822692871094e+00 -1.624995803833007812e+01 -2.126190185546875000e+01 -1.378775405883789062e+01 -6.096816658973693848e-01 -3.794334173202514648e+00 2.456647157669067383e+00
0 1.042199969291687012e+00 -1.685121059417724609e+00 3.177208900451660156e+00 -4.687218666076660156e+00 -5.579531192779541016e-01 -1.201843500137329102e+00 5.889690399169921875e+00 1.266966342926025391e+01 -1.265105247497558594e+01 1.550510406494140625e+01 -2.845947742462158203e+00 -4.127135753631591797e+00 5.701694965362548828e+00
0 1.042199969291687012e+00 4.959383606910705566e-01 1.483357250690460205e-01 1.177077651023864746e+00 2.519864082336425781e+00 -5.584122657775878906e+00 -5.619022369384765625e+00 -2.536921310424804688e+01 1.845245552062988281e+01 3.333724212646484375e+01 1.682563304901123047e+00 -5.785049438476562500e+00 -9.192284584045410156e+00
0 1.042199969291687012e+00 4.414329051971435547e+00 1.848208665847778320e+00 2.111844301223754883e+00 1.558186054229736328e+00 -2.194443941116333008e+00 8.317890167236328125e+00 3.334446907043457031e+00 -1.204195594787597656e+01 -5.833005905151367188e+00 1.072834968566894531e+00 -1.915073752403259277e+00 7.400232791900634766e+00
0 1.042199969291687012e+00 4.638381958007812500e+00 -5.071101188659667969e-01 -2.506694555282592773e+00 4.062952041625976562e+00 -7.139616012573242188e+00 -9.172021150588989258e-01 -7.167760848999023438e+00 -2.773633956909179688e+01 2.194738578796386719e+01 4.439448356628417969e+00 -4.726961612701416016e+00 2.200393915176391602e+00
0 1.042199969291687012e+00 -2.269947290420532227e+00 -2.348020315170288086e+00 4.227563381195068359e+00 -4.733290672302246094e+00 -6.788669109344482422e+00 -1.899234056472778320e-01 -6.091421604156494141e+00 1.354227256774902344e+01 -3.598709106445312500e+01 -3.787870407104492188e+00 -4.326148033142089844e+00 -1.947347044944763184e+00
0 1.042199969291687012e+00 3.582972049713134766e+00 -3.972345352172851562e+00 -3.081068754196166992e+00 4.751365184783935547e+00 2.632256984710693359e+00 -1.178755164146423340e-01 -1.030758094787597656e+01 9.142614364624023438e+00 1.433234024047851562e+01 4.734895229339599609e+00 8.431686162948608398e-01 -3.276695907115936279e-01
0 1.042199969291687012e+00 -2.365543842315673828e+00 4.475955009460449219e+00 -1.074968874454498291e-01 1.236301660537719727e+00 2.527181625366210938e+00 5.334037303924560547e+00 -4.992297172546386719e+00 -4.577242851257324219e+00 -5.501980185508728027e-01 -4.638882279396057129e-01 4.780614852905273438e+00 2.922927141189575195e+00
0 1.042199969291687012e+00 2.194676399230957031e+00 -7.418262958526611328e-01 -3.913180828094482422e+00 -6.547154426574707031e+00 -4.990448474884033203e+00 -1.424601078033447266e+00 1.518598937988281250e+01 2.470490455627441406e+00 2.992543792724609375e+01 -4.712905406951904297e+00 -4.018949508666992188e+00 -2.415824651718139648e+00
0 1.042199969291687012e+00 1.057174324989318848e+00 1.965179920196533203e+00 3.601850986480712891e+00 -2.389634847640991211e+00 -1.866625070571899414e+00 -7.374166488647460938e+00 -3.395608901977539062e+00 2.334527587890625000e+01 -2.110268020629882812e+01 -2.183620452880859375e+00 -1.835379004478454590e+00 -9.819865226745605469e+00
0 1.042199969291687012e+00 3.619712352752685547e+00 -1.151835083961486816e+00 1.241127371788024902e+00 -2.350765943527221680e+00 -9.218591690063476562e+00 1.301152706146240234e+00 -5.637088298797607422e+00 -6.010176658630371094e+00 -1.206602454185485840e+00 2.450055330991744995e-01 -5.864023208618164062e+00 2.056582450866699219e+00
0 1.042199969291687012e+00 1.156665563583374023e+00 4.674435615539550781e+00 1.490918993949890137e+00 4.453707218170166016e+00 2.257749557495117188e+00 -4.257372379302978516e+00 -4.868643283843994141e-01 -7.274699211120605469e+00 -2.509294319152832031e+01 4.653365612030029297e+00 5.573368072509765625e+00 -3.574518203735351562e+00
0 1.042199969291687012e+00 -3.521193027496337891e+00 -1.820854902267456055e+00 -7.953054904937744141e-01 -7.054092407226562500e+00 -1.955483555793762207e+00 -4.707040190696716309e-01 1.823519229888916016e+00 -1.093047618865966797e+00 1.334552764892578125e+01 -6.843418598175048828e+00 -3.845255970954895020e-01 -7.864261269569396973e-01
0 1.042199969291687012e+00 -2.906404495239257812e+00 1.531919240951538086e+00 -4.715834617614746094e+00 -5.706355094909667969e+00 4.284890174865722656e+00 -3.623290061950683594e+00 1.007442855834960938e+01 -1.022629547119140625e+01 2.863633155822753906e+01 -5.782313346862792969e+00 4.327414989471435547e+00 -4.444554448127746582e-01
0 1.042199969291687012e+00 -1.401862859725952148e+00 2.894575595855712891e-01 -2.016492605209350586e+00 6.601619243621826172e+00 -4.324161052703857422e+00 -3.547458648681640625e+00 -1.355876159667968750e+01 -9.312705993652343750e+00 2.614033317565917969e+01 8.380456924438476562e+00 -3.139125823974609375e+00 -5.286569118499755859e+00
0 1.042199969291687012e+00 -4.617412567138671875e+00 8.129429817199707031e-01 -3.244367599487304688e+00 -1.491126775741577148e+00 -1.155642747879028320e+00 -4.247277379035949707e-01 2.189392089843750000e+01 7.472243309020996094e-01 6.978861331939697266e+00 -1.392667055130004883e+00 -1.013645172119140625e+00 -1.250882983207702637e+00
0 1.042199969291687012e+00 -4.350009918212890625e+00 4.047330856323242188e+00 -7.858977317810058594e-01 4.536172389984130859e+00 -5.200214385986328125e+00 2.133934795856475830e-01 1.277675819396972656e+01 -5.677672863006591797e+00 7.225634098052978516e+00 2.652300596237182617e+00 -6.489431381225585938e+00 3.676873683929443359e+00
0 1.042199969291687012e+00 6.905960440635681152e-01 -2.115886688232421875e+00 5.839716434478759766e+00 1.671528257429599762e-02 -6.939835071563720703e+00 -2.894525766372680664e+00 1.929559326171875000e+01 3.867656707763671875e+00 -7.669130802154541016e+00 -2.712093591690063477e+00 -5.918761253356933594e+00 -2.085105419158935547e+00
0 1.042199969291687012e+00 -7.239756584167480469e-01 2.308146476745605469e+00 3.885203838348388672e+00 -3.306374311447143555e+00 -1.256541252136230469e+00 8.328281402587890625e+00 1.740653514862060547e-01 6.783188819885253906e+00 -2.817446517944335938e+01 -1.849302411079406738e+00 -2.508590459823608398e+00 6.478521823883056641e+00
0 1.042199969291687012e+00 6.847022771835327148e-01 3.853328227996826172e+00 -2.339562177658081055e+00 1.078694820404052734e+00 7.824088096618652344e+00 -2.034896373748779297e+00 1.001926136016845703e+01 -1.286908149719238281e+00 -6.999019145965576172e+00 2.595470666885375977e+00 6.924398422241210938e+00 -1.694035291671752930e+00
0 1.042199969291687012e+00 4.988211631774902344e+00 3.380157470703125000e+00 -3.296377658843994141e+00 -1.314918160438537598e+00 -5.137626647949218750e+00 -8.371961116790771484e-01 -2.354439353942871094e+01 -1.597335529327392578e+01 1.413228416442871094e+01 -9.929128885269165039e-01 -4.722031116485595703e+00 -9.198861122131347656e-01
0 1.042199969291687012e+00 4.455827236175537109e+00 -1.343098878860473633e+00 2.902352809906005859e+00 3.235150337219238281e+00 -4.748023509979248047e+00 4.621259689331054688e+00 -4.336607456207275391e+00 1.733930015563964844e+01 4.060459136962890625e-01 5.707141399383544922e+00 -5.393042564392089844e+00 1.203411459922790527e+00
0 1.042199969291687012e+00 -1.098641514778137207e+00 2.950233936309814453e+00 5.822993755340576172e+00 -1.204813957214355469e+00 1.787071347236633301e+00 -1.580993890762329102e+00 3.571935176849365234e+00 5.220704078674316406e-01 -1.746566390991210938e+01 -2.345733404159545898e+00 1.150680184364318848e+00 -3.014326333999633789e+00
0 1.042199969291687012e+00 2.927033424377441406e+00 1.803910493850708008e+00 3.311719417572021484e+00 -9.515324831008911133e-01 5.992777824401855469e+00 -5.604238510131835938e+00 -2.135531997680664062e+01 -2.405143737792968750e+00 -1.302430152893066406e+00 -1.382101416587829590e+00 6.937160968780517578e+00 -4.811979293823242188e+00
0 1.042199969291687012e+00 -1.689314842224121094e+00 4.136164665222167969e+00 1.790052175521850586e+00 5.327216148376464844e+00 3.781345367431640625e+00 3.065381050109863281e-01 -1.225465965270996094e+01 -1.313685798645019531e+01 -2.174203109741210938e+01 5.605856895446777344e+00 3.568951606750488281e+00 1.059358343482017517e-01
0 1.042199969291687012e+00 7.154405713081359863e-01 -3.892925381660461426e-01 -5.039987564086914062e+00 -3.234753906726837158e-01 3.869532108306884766e+00 -4.834544181823730469e+00 -1.497096443176269531e+01 -3.560967922210693359e+00 1.657170867919921875e+01 -3.442726433277130127e-01 1.840008378028869629e+00 -2.270075321197509766e+00
0 1.042199969291687012e+00 -1.748230099678039551e+00 -1.412176132202148438e+00 -1.314548969268798828e+00 -3.472225069999694824e-01 6.895218849182128906e+00 5.610075473785400391e+00 1.445244979858398438e+01 6.447862625122070312e+00 4.937978267669677734e+00 -1.430150389671325684e+00 5.090476512908935547e+00 5.044020652770996094e+00
0 1.042199969291687012e+00 -5.653085708618164062e+00 2.334510803222656250e+00 -5.237303972244262695e-01 -4.007464885711669922e+00 -4.892044067382812500e+00 2.918627262115478516e+00 1.094875907897949219e+01 7.942439079284667969e+00 4.187701702117919922e+00 -2.159152269363403320e+00 -4.134858608245849609e+00 2.595429897308349609e+00
0 1.042199969291687012e+00 4.978583812713623047e+00 1.162914872169494629e+00 -3.106628417968750000e+00 -3.829101085662841797e+00 -1.946738064289093018e-01 2.237153768539428711e+00 -2.976050567626953125e+01 2.310931205749511719e+01 -2.320690155029296875e+01 -4.564050197601318359e+00 -3.319520354270935059e-01 5.130149722099304199e-01
0 1.042199969291687012e+00 3.681483745574951172e+00 3.286981105804443359e+00 1.062604427337646484e+00 -4.047864437103271484e+00 5.843454360961914062e+00 -7.836927175521850586e-01 -2.488437271118164062e+01 -3.211018085479736328e+00 -9.712517738342285156e+00 -2.657270908355712891e+00 8.681549072265625000e+00 -1.502490043640136719e+00
0 1.042199969291687012e+00 4.263025522232055664e-01 -8.925429582595825195e-01 2.696620225906372070e+00 3.364768028259277344e-01 2.812118530273437500e+00 -8.267985343933105469e+00 -2.539311790466308594e+01 -2.324623870849609375e+01 -2.591814041137695312e+00 1.136924505233764648e+00 1.741892457008361816e+00 -9.611880302429199219e+00
0 1.042199969291687012e+00 -2.816745281219482422e+00 2.991780281066894531e+00 2.720631122589111328e+00 3.381063938140869141e+00 -1.386293649673461914e+00 -6.751150131225585938e+00 3.156602382659912109e+00 -2.693360137939453125e+01 -1.337174606323242188e+01 3.626012325286865234e+00 -2.256802082061767578e+00 -8.763659477233886719e+00
0 1.042199969291687012e+00 7.005165815353393555e-01 -5.009042263031005859e+00 -6.540424823760986328e-01 -2.269351482391357422e+00 -2.694568932056427002e-01 -1.828005313873291016e+00 -2.705939769744873047e+00 3.128375530242919922e+00 1.309978485107421875e+01 -2.516746044158935547e+00 -2.303959846496582031e+00 -3.483490705490112305e+00
0 1.042199969291687012e+00 3.866507530212402344e+00 3.437267780303955078e+00 3.042167663574218750e+00 -7.174888134002685547e+00 2.518748283386230469e+00 5.226532742381095886e-02 -1.063255500793457031e+01 -1.888835430145263672e+00 -2.781499147415161133e+00 -9.387703895568847656e+00 1.281347274780273438e+00 1.108481884002685547e+00
0 1.042199969291687012e+00 -2.377579450607299805e+00 -2.083384513854980469e+00 2.199000835418701172e+00 -5.992563247680664062e+00 -6.762584447860717773e-01 -5.184514999389648438e+00 1.259567451477050781e+01 2.102324867248535156e+01 -2.085703277587890625e+01 -7.805171489715576172e+00 -6.048182249069213867e-01 -3.373080730438232422e+00
0 1.042199969291687012e+00 6.021387577056884766e+00 -1.590429306030273438e+00 -1.092876791954040527e+00 1.303096711635589600e-01 6.646052837371826172e+00 1.095206022262573242e+00 -2.048123550415039062e+01 1.128241252899169922e+01 -1.665261507034301758e+00 2.692438662052154541e-01 5.837857723236083984e+00 3.803521394729614258e+00
1 1.042199969291687012e+00 -2.789744853973388672e+00 3.057002544403076172e+00 -1.333038330078125000e+00 7.051155090332031250e+00 -3.250399112701416016e+00 5.929967880249023438e+00 4.119020080566406250e+01 -2.002778053283691406e-01 6.236817359924316406e+00 6.522560119628906250e+00 -1.976148128509521484e+00 5.223226070404052734e+00
1 1.042199969291687012e+00 3.319938182830810547e+00 2.983490824699401855e-01 2.447418689727783203e+00 -8.750236511230468750e+00 -4.711019992828369141e+00 -3.843815326690673828e+00 3.758565139770507812e+01 -1.699711036682128906e+01 -3.848496627807617188e+01 -6.731553077697753906e+00 -4.596344947814941406e+00 -3.078390598297119141e+00
1 1.042199969291687012e+00 1.253611564636230469e+00 -1.957871198654174805e+00 -1.584225177764892578e+00 5.133822917938232422e+00 -3.439491748809814453e+00 -7.606708526611328125e+00 5.677930831909179688e+00 -3.374151229858398438e+00 2.566884231567382812e+01 4.088070392608642578e+00 -3.321544170379638672e+00 -7.188129425048828125e+00
1 1.042199969291687012e+00 1.489545941352844238e+00 -2.394793629646301270e-01 -2.257632493972778320e+00 -8.901802062988281250e+00 -8.612253665924072266e-01 -2.982798576354980469e+00 -5.938023090362548828e+00 -1.266731357574462891e+01 2.172640228271484375e+01 -1.119471549987792969e+01 2.996802806854248047e+00 -2.862459421157836914e+00
1 1.042199969291687012e+00 -1.580113768577575684e+00 1.043777823448181152e+00 6.435032844543457031e+00 -4.177267551422119141e+00 -5.027027130126953125e+00 1.831621646881103516e+00 1.203074169158935547e+01 -5.431702613830566406e+00 -2.652208328247070312e+01 -4.326161384582519531e+00 -3.952933549880981445e+00 -1.505323648452758789e-01
1 1.042199969291687012e+00 -7.691513299942016602e-01 -2.532681226730346680e+00 2.935879230499267578e+00 2.532320976257324219e+00 -8.558400154113769531e+00 -5.386385321617126465e-01 6.864315032958984375e+00 1.236213493347167969e+01 -1.574746131896972656e+01 1.975541114807128906e+00 -9.563197135925292969e+00 -2.981457710266113281e+00
1 1.042199969291687012e+00 3.821896076202392578e+00 2.113850831985473633e+00 4.991839408874511719e+00 5.650249004364013672e+00 -1.591377735137939453e+00 2.588912010192871094e+00 -8.480463981628417969e+00 -4.493520259857177734e-01 -1.197375679016113281e+01 4.787230014801025391e+00 -2.522847890853881836e+00 9.716660976409912109e-01
1 1.042199969291687012e+00 -3.769737243652343750e+00 1.995945930480957031e+00 -2.563736736774444580e-01 -2.831768035888671875e+00 7.533801078796386719e+00 3.435932636260986328e+00 1.978826522827148438e+01 4.899439811706542969e-01 2.487526893615722656e+00 -3.386283874511718750e+00 8.829450607299804688e+00 6.788047313690185547e+00
1 1.042199969291687012e+00 -3.051642417907714844e+00 -1.959378123283386230e-01 2.129586935043334961e+00 2.647825241088867188e+00 -6.666428565979003906e+00 -6.008190155029296875e+00 1.717616271972656250e+01 -3.826759719848632812e+01 -5.248632431030273438e+00 2.222807407379150391e+00 -6.499956130981445312e+00 -4.544131755828857422e+00
1 1.042199969291687012e+00 7.677251100540161133e-01 1.684172451496124268e-01 4.222431182861328125e+00 2.356477737426757812e+00 -9.067983627319335938e+00 3.978903770446777344e+00 -3.182821083068847656e+01 -3.513538599014282227e+00 3.241688728332519531e+00 -1.414820671081542969e+00 -7.605828285217285156e+00 5.490702629089355469e+00
1 1.042199969291687012e+00 -2.920629024505615234e+00 1.333222985267639160e+00 1.335330009460449219e+00 -7.583735466003417969e+00 1.956236600875854492e+00 4.708552837371826172e+00 -8.506779670715332031e+00 5.033275222778320312e+01 -1.217508983612060547e+01 -7.975517749786376953e+00 8.983155339956283569e-02 3.925043344497680664e+00
1 1.042199969291687012e+00 3.995120048522949219e+00 -2.546425461769104004e-01 -4.323203086853027344e+00 2.098809480667114258e+00 3.871953964233398438e+00 -3.021975040435791016e+00 -7.458681106567382812e+00 1.247992515563964844e+01 -1.628843307495117188e+00 2.873594045639038086e+00 2.167848348617553711e+00 -3.699390411376953125e+00
1 1.042199969291687012e+00 -4.329763054847717285e-01 -2.826875448226928711e+00 -2.013392210006713867e+00 -8.929212570190429688e+00 1.882742285728454590e+00 1.140025496482849121e+00 1.998897790908813477e+00 2.450946617126464844e+01 7.947587966918945312e-02 -8.664356231689453125e+00 -3.084257245063781738e-01 8.540804386138916016e-01
1 1.042199969291687012e+00 3.381187915802001953e+00 -1.500905990600585938e+00 4.902151107788085938e+00 1.159413456916809082e+00 -3.552873611450195312e+00 -1.031227588653564453e+00 -1.208949375152587891e+01 -9.681758880615234375e+00 -2.840993118286132812e+01 3.007254123687744141e+00 -2.013666391372680664e+00 3.315477848052978516e+00
1 1.042199969291687012e+00 2.530817270278930664e+00 -2.767454147338867188e+00 1.193175077438354492e+00 4.760828018188476562e+00 3.214975893497467041e-01 -5.537529468536376953e+00 -1.038123321533203125e+01 1.900628852844238281e+01 4.017614364624023438e+00 4.938407421112060547e+00 -1.439515799283981323e-01 -4.432041168212890625e+00
1 1.042199969291687012e+00 3.129067659378051758e+00 2.096535682678222656e+00 -4.096412658691406250e-01 1.645205855369567871e+00 2.063810348510742188e+00 -9.528431892395019531e+00 6.946680545806884766e+00 -3.324358367919921875e+01 2.958356285095214844e+01 6.076446175575256348e-01 2.145490884780883789e+00 -1.063678359985351562e+01
1 1.042199969291687012e+00 2.639932394027709961e+00 1.663131237030029297e+00 1.411621928215026855e+00 -4.855041027069091797e+00 -6.942967414855957031e+00 -4.726776123046875000e+00 -2.273801040649414062e+01 1.279559040069580078e+01 2.202385187149047852e+00 -3.997736930847167969e+00 -6.993124008178710938e+00 -5.899774074554443359e+00
1 1.042199969291687012e+00 2.982327699661254883e+00 -1.321255326271057129e+00 -1.941494703292846680e+00 -1.882538557052612305e+00 -1.328790664672851562e+00 -8.906833648681640625e+00 -7.438181877136230469e+00 3.734122467041015625e+01 -7.297749996185302734e+00 -4.224109649658203125e+00 -8.588024973869323730e-01 -8.509027481079101562e+00
1 1.042199969291687012e+00 2.515363454818725586e+00 -2.698147669434547424e-02 3.957631587982177734e+00 5.434854030609130859e+00 1.106748819351196289e+00 -1.597263097763061523e+00 3.537144470214843750e+01 -1.356381130218505859e+01 2.751599884033203125e+01 2.809036254882812500e+00 2.122848033905029297e+00 -2.182209253311157227e+00
1 1.042199969291687012e+00 1.639436483383178711e+00 3.054510116577148438e+00 6.242315292358398438e+00 2.828268408775329590e-01 -4.029083728790283203e+00 3.805880069732666016e+00 -6.395794868469238281e+00 -1.684703826904296875e+01 -2.673709678649902344e+01 -1.429521322250366211e+00 -1.404266357421875000e+00 1.935118913650512695e+00
1 1.042199969291687012e+00 1.499019622802734375e+00 1.170408725738525391e+00 2.029933407902717590e-02 -5.945586204528808594e+00 4.034958839416503906e+00 7.337529182434082031e+00 -3.116214752197265625e+01 5.626617813110351562e+01 -2.325201225280761719e+01 -3.534333467483520508e+00 5.076243400573730469e+00 5.962138175964355469e+00
1 1.042199969291687012e+00 -2.113139629364013672e-01 3.393676757812500000e+00 7.254908680915832520e-01 -5.838907718658447266e+00 -7.586125373840332031e+00 4.164820671081542969e+00 2.081978607177734375e+01 -2.117743682861328125e+01 -2.146158218383789062e+00 -4.864853382110595703e+00 -5.611671924591064453e+00 4.320401191711425781e+00
1 1.042199969291687012e+00 -2.121252059936523438e+00 -2.492039918899536133e+00 2.287849187850952148e-01 -3.520203828811645508e-01 6.882576465606689453e+00 -7.674826622009277344e+00 2.633387947082519531e+01 8.844606399536132812e+00 1.297562122344970703e+01 -4.944634139537811279e-01 4.188006401062011719e+00 -8.820699691772460938e+00
1 1.042199969291687012e+00 4.225675582885742188e+00 -3.434951066970825195e+00 1.718163967132568359e+00 -1.675923466682434082e-01 -3.063149452209472656e+00 -3.571846485137939453e+00 -4.002258300781250000e+00 8.639842987060546875e+00 -1.191306352615356445e+00 -1.556262731552124023e+00 -4.857372283935546875e+00 -6.739828586578369141e+00
1 1.042199969291687012e+00 2.311726093292236328e+00 3.396223545074462891e+00 4.240423202514648438e+00 3.660919189453125000e+00 -2.426713407039642334e-01 5.303542137145996094e+00 4.604160308837890625e+00 -3.059764099121093750e+01 1.296436119079589844e+01 1.960430145263671875e+00 -1.050909996032714844e+00 4.964891433715820312e+00
1 1.042199969291687012e+00 -4.892027378082275391e+00 -9.372256994247436523e-01 -2.149804115295410156e+00 -1.960135459899902344e+00 4.969362735748291016e+00 2.325856924057006836e+00 1.773616409301757812e+01 3.144370555877685547e+00 -1.195035934448242188e+01 2.434166967868804932e-01 1.045346036553382874e-01 1.716372489929199219e+00
1 1.042199969291687012e+00 1.080674767494201660e+00 -4.282810688018798828e+00 1.126038789749145508e+00 -3.230139255523681641e+00 -4.002572059631347656e+00 3.530727863311767578e+00 -1.299404430389404297e+01 -2.111004829406738281e+00 1.245223236083984375e+01 -1.939169287681579590e+00 -2.967209815979003906e+00 5.444337368011474609e+00
1 1.042199969291687012e+00 -1.381142973899841309e+00 5.203905105590820312e-01 1.459488868713378906e+00 6.490434646606445312e+00 -5.935837745666503906e+00 3.165140151977539062e+00 3.040454292297363281e+01 -1.874819183349609375e+01 -2.393402099609375000e+01 7.755490303039550781e+00 -6.029289722442626953e+00 1.538043379783630371e+00
1 1.042199969291687012e+00 4.415964126586914062e+00 -4.313939094543457031e+00 -1.176368474960327148e+00 1.931817054748535156e+00 -1.220932304859161377e-01 3.277520656585693359e+00 -1.214659786224365234e+01 1.768605613708496094e+01 8.847640991210937500e+00 1.657112598419189453e+00 -1.258420228958129883e+00 9.612266719341278076e-02
1 1.042199969291687012e+00 -1.742150306701660156e+00 -1.050033807754516602e+00 5.724014282226562500e+00 3.941009044647216797e+00 5.635384559631347656e+00 -2.222741365432739258e+00 -1.892748260498046875e+01 3.787833404541015625e+01 -1.029416847229003906e+01 2.522839784622192383e+00 2.281093120574951172e+00 -4.555346012115478516e+00
1 1.042199969291687012e+00 -2.080279961228370667e-02 3.605436325073242188e+00 2.594301939010620117e+00 4.174301147460937500e+00 2.609173297882080078e+00 8.133222579956054688e+00 3.587324523925781250e+01 -5.587931060791015625e+01 1.036372756958007812e+01 5.470952510833740234e+00 3.605262041091918945e+00 9.983137130737304688e+00
1 1.042199969291687012e+00 -3.989418029785156250e+00 1.271582961082458496e+00 3.074073791503906250e+00 2.512795209884643555e+00 6.100160598754882812e+00 3.971226215362548828e+00 -5.498177528381347656e+00 1.595711708068847656e-01 -6.920251369476318359e+00 3.867868423461914062e+00 5.080023765563964844e+00 3.177744865417480469e+00
1 1.042199969291687012e+00 -3.955050408840179443e-01 -3.093304634094238281e+00 1.193896293640136719e+00 -5.516200065612792969e+00 2.994864225387573242e+00 -5.185471057891845703e+00 2.153215599060058594e+01 2.500545883178710938e+01 1.663222885131835938e+01 -7.172461032867431641e+00 4.533334255218505859e+00 -4.364238262176513672e+00
1 1.042199969291687012e+00 -1.116818428039550781e+00 2.310228347778320312e+00 1.949264526367187500e+00 8.832649230957031250e+00 -2.835030555725097656e+00 4.100845456123352051e-01 -8.708806037902832031e+00 -3.119122123718261719e+01 2.301457405090332031e+00 1.095578384399414062e+01 -4.873127937316894531e+00 2.542720735073089600e-01
1 1.042199969291687012e+00 5.248759388923645020e-01 2.660413742065429688e+00 -1.059261322021484375e+00 -3.794778823852539062e+00 6.562046527862548828e+00 -5.692700386047363281e+00 -2.722802162170410156e+01 -6.213547515869140625e+01 3.166061782836914062e+01 -6.546232700347900391e+00 7.658351421356201172e+00 -3.304873466491699219e+00
1 1.042199969291687012e+00 4.391119003295898438e+00 9.042251110076904297e-01 -1.310453891754150391e+00 2.719354629516601562e+00 -6.191584587097167969e+00 -3.115000724792480469e+00 -5.729784011840820312e+00 6.715287685394287109e+00 6.083698272705078125e+00 3.954738140106201172e+00 -7.673870086669921875e+00 -3.648942470550537109e+00
1 1.042199969291687012e+00 1.778856039047241211e+00 -5.619142651557922363e-01 5.731287956237792969e+00 -1.001035690307617188e+00 1.483634471893310547e+00 -1.342259168624877930e+00 2.661112213134765625e+01 6.251429557800292969e+00 -1.328117179870605469e+01 -1.716637313365936279e-01 2.663634777069091797e+00 -2.393159866333007812e+00
1 1.042199969291687012e+00 1.867531776428222656e+00 -2.166480541229248047e+00 -4.841702938079833984e+00 -4.273249626159667969e+00 4.260480403900146484e-02 -3.836719036102294922e+00 -1.380402946472167969e+01 -2.426317977905273438e+01 -3.812308311462402344e+00 -4.044818878173828125e+00 2.485197544097900391e+00 -2.066215515136718750e+00
1 1.042199969291687012e+00 -9.822529554367065430e-02 -9.479023218154907227e-01 -1.765626192092895508e+00 9.251530647277832031e+00 4.451182842254638672e+00 1.233055353164672852e+00 -1.647501182556152344e+01 1.082473182678222656e+01 7.344777107238769531e+00 7.307778358459472656e+00 5.693632125854492188e+00 1.318911790847778320e+00
1 1.042199969291687012e+00 1.126916527748107910e+00 -2.709253311157226562e+00 2.440920829772949219e+00 3.183042049407958984e+00 -4.769078254699707031e+00 6.636507511138916016e+00 -2.180816078186035156e+01 2.385478973388671875e+00 1.267029953002929688e+01 3.550632715225219727e+00 -8.029572486877441406e+00 7.175108432769775391e+00
1 1.042199969291687012e+00 1.128737568855285645e+00 -5.027819871902465820e-01 -3.810728192329406738e-01 9.378046035766601562e+00 -1.159945011138916016e+00 -4.352074623107910156e+00 3.267991781234741211e+00 -1.536817741394042969e+01 -5.547510910034179688e+01 7.715126037597656250e+00 -2.757633924484252930e+00 -4.454125881195068359e+00
1 1.042199969291687012e+00 1.539483070373535156e+00 -1.566613435745239258e+00 4.060800552368164062e+00 6.930068016052246094e+00 7.429553031921386719e+00 -8.332881927490234375e-01 -2.391403007507324219e+01 -2.834134292602539062e+01 5.039817810058593750e+00 6.235120773315429688e+00 6.119273662567138672e+00 1.198360398411750793e-01
1 1.042199969291687012e+00 1.043525457382202148e+00 -1.621066451072692871e+00 9.604331254959106445e-01 8.777381896972656250e+00 5.299998521804809570e-01 1.836019515991210938e+00 -3.192487478256225586e+00 -1.452420473098754883e+00 2.178714942932128906e+01 9.807608604431152344e+00 -8.775529265403747559e-01 2.637861013412475586e+00
1 1.042199969291687012e+00 5.329435348510742188e+00 -1.576702356338500977e+00 8.016159534454345703e-01 -1.812495708465576172e+00 5.055875778198242188e+00 3.050261735916137695e+00 1.075018310546875000e+01 3.836579799652099609e+00 6.489830493927001953e+00 -2.007601737976074219e+00 3.896857976913452148e+00 5.400354385375976562e+00
1 1.042199969291687012e+00 -2.831017598509788513e-02 1.419046044349670410e+00 -4.899647235870361328e+00 -1.243773221969604492e+00 -7.829011917114257812e+00 3.959635972976684570e+00 3.408410549163818359e+00 1.886151075363159180e+00 2.233925628662109375e+01 -1.873452663421630859e+00 -7.404761791229248047e+00 5.792922496795654297e+00
1 1.042199969291687012e+00 -8.681049197912216187e-02 1.210994124412536621e-01 -3.245254039764404297e+00 -1.648266315460205078e+00 -1.046423816680908203e+01 -3.477596521377563477e+00 2.097689437866210938e+01 3.476785659790039062e+00 -1.696169662475585938e+01 1.428106874227523804e-01 -6.787072181701660156e+00 -2.193611383438110352e+00
1 1.042199969291687012e+00 1.853859663009643555e+00 1.512093305587768555e+00 -1.851535797119140625e+00 1.105393886566162109e+00 5.806171298027038574e-01 1.023144912719726562e+01 5.612187862396240234e+00 -1.793893241882324219e+01 2.708098411560058594e+01 -6.785714030265808105e-01 -2.472205400466918945e+00 7.854553222656250000e+00
1 1.042199969291687012e+00 -3.041852712631225586e-01 8.321260213851928711e-01 2.907073974609375000e+00 -4.591049194335937500e+00 7.949201583862304688e+00 -4.915136098861694336e-01 5.798695564270019531e+00 -3.224911689758300781e-01 -2.668586349487304688e+01 -7.711142063140869141e+00 6.449864387512207031e+00 -3.182590484619140625e+00
1 1.042199969291687012e+00 -2.362089395523071289e+00 -7.080026865005493164e-01 2.941464781761169434e-01 -9.716234207153320312e+00 4.705109596252441406e+00 -3.083151578903198242e+00 4.694634628295898438e+01 1.459292602539062500e+01 1.678800010681152344e+01 -5.359358787536621094e+00 3.126847505569458008e+00 -2.570499658584594727e+00
1 1.042199969291687012e+00 1.545585393905639648e+00 5.288643240928649902e-01 2.628883600234985352e+00 6.613546371459960938e+00 -5.189163208007812500e+00 -3.670140743255615234e+00 -1.364529418945312500e+01 3.022990226745605469e+01 -4.063151550292968750e+01 7.187860488891601562e+00 -6.601512908935546875e+00 -3.198076248168945312e+00
1 1.042199969291687012e+00 -6.598457098007202148e-01 -5.354245662689208984e+00 8.226617574691772461e-01 -2.245307683944702148e+00 5.347828388214111328e+00 -1.688115835189819336e+00 -7.331135272979736328e-01 2.390091323852539062e+01 1.339023351669311523e+00 -2.761717557907104492e+00 3.059882164001464844e+00 -3.504438638687133789e+00
1 1.042199969291687012e+00 3.709726333618164062e+00 1.543690562248229980e-01 5.795666217803955078e+00 2.205923557281494141e+00 2.706922292709350586e+00 2.349423408508300781e+00 -1.935582733154296875e+01 1.444200134277343750e+01 -1.322345924377441406e+01 1.528428554534912109e+00 3.817556619644165039e+00 7.606609463691711426e-01
1 1.042199969291687012e+00 2.362180948257446289e-01 8.500815629959106445e-01 -1.526505708694458008e+00 7.599991559982299805e-01 7.969056129455566406e+00 -4.615342617034912109e+00 -1.243231177330017090e+00 -6.136295318603515625e+00 4.327021789550781250e+01 1.702951073646545410e+00 8.716722488403320312e+00 -4.780285358428955078e+00
1 1.042199969291687012e+00 5.729919910430908203e+00 2.314929723739624023e+00 -1.799179315567016602e+00 -7.964346408843994141e-01 4.665539860725402832e-01 -4.322875499725341797e+00 -1.446381759643554688e+01 -3.074260473251342773e+00 1.937796974182128906e+01 1.023826599121093750e-01 4.477974891662597656e+00 -3.301180839538574219e+00
1 1.042199969291687012e+00 -8.221845626831054688e-01 3.745231628417968750e+00 -9.414823055267333984e-01 -4.751409530639648438e+00 1.649060010910034180e+00 -7.828090667724609375e+00 -2.724048233032226562e+01 3.302492141723632812e+00 4.540335178375244141e+00 -5.399559020996093750e+00 2.496725916862487793e-01 -1.023860359191894531e+01
1 1.042199969291687012e+00 2.231936454772949219e+00 -1.157075524330139160e+00 2.471605777740478516e+00 2.635220050811767578e+00 4.403563976287841797e+00 -6.246269226074218750e+00 -1.311633682250976562e+01 1.111481547355651855e+00 -3.496990966796875000e+01 4.373181819915771484e+00 5.598809242248535156e+00 -5.032063961029052734e+00
1 1.042199969291687012e+00 6.407316684722900391e+00 4.536185264587402344e-01 -2.285502195358276367e+00 1.894936561584472656e+00 -4.801149368286132812e+00 2.655169010162353516e+00 -6.085596084594726562e-01 -1.745070266723632812e+01 2.137877655029296875e+01 5.728741884231567383e-01 -2.134284257888793945e+00 1.959167480468750000e+00
1 1.042199969291687012e+00 -1.064183354377746582e+00 3.331175804138183594e+00 -2.717671394348144531e+00 1.449268341064453125e+00 -3.171458721160888672e+00 6.034041404724121094e+00 -6.857578277587890625e+00 9.592866897583007812e+00 -2.011119842529296875e+01 -1.272422790527343750e+00 -3.299141645431518555e+00 8.481809616088867188e+00
1 1.042199969291687012e+00 4.083376407623291016e+00 -2.658405542373657227e+00 -6.029846146702766418e-03 -2.559103012084960938e+00 -6.281484365463256836e-01 1.385364830493927002e-01 -8.276963233947753906e+00 -8.944713592529296875e+00 -1.121011257171630859e+01 -3.020218133926391602e+00 2.949770092964172363e-01 2.818798065185546875e+00
1 1.042199969291687012e+00 -2.913155257701873779e-01 -1.972144365310668945e+00 -2.818387746810913086e-01 -8.562932968139648438e+00 -3.146919250488281250e+00 2.808532238006591797e+00 2.612034797668457031e+00 3.284756660461425781e+00 -8.252060890197753906e+00 -8.986303329467773438e+00 -2.324045419692993164e+00 3.695178031921386719e+00
1 1.042199969291687012e+00 2.721529722213745117e+00 -3.107647180557250977e+00 -1.262795567512512207e+00 3.241867065429687500e+00 8.317214965820312500e+00 1.652535915374755859e+00 7.995068073272705078e+00 -1.674256134033203125e+01 1.704311180114746094e+01 4.429179191589355469e+00 7.109281539916992188e+00 4.558006286621093750e+00
1 1.042199969291687012e+00 -1.905003786087036133e+00 -4.426024913787841797e+00 3.405771732330322266e+00 -4.282927513122558594e+00 2.405180931091308594e+00 2.509207725524902344e+00 1.597488164901733398e+00 3.047595214843750000e+01 -4.181515216827392578e+00 -2.495078325271606445e+00 -2.370636165142059326e-01 2.259417533874511719e+00
1 1.042199969291687012e+00 2.040953040122985840e-01 3.260901927947998047e+00 -4.164087295532226562e+00 3.679350614547729492e+00 -1.894509315490722656e+00 2.133415222167968750e+00 8.796306610107421875e+00 -5.287095069885253906e+00 1.999066352844238281e+00 3.085009098052978516e+00 -3.178494572639465332e-01 2.132542610168457031e+00
1 1.042199969291687012e+00 -3.715702056884765625e+00 3.553770065307617188e+00 1.055638551712036133e+00 -1.746240615844726562e+00 -6.146512031555175781e+00 5.889064073562622070e-01 1.904253959655761719e+01 -2.088895416259765625e+01 -4.370893478393554688e+00 -2.400954008102416992e+00 -6.387070655822753906e+00 2.757520914077758789e+00
1 1.042199969291687012e+00 -1.047622084617614746e+00 -4.733310699462890625e+00 -2.033343553543090820e+00 2.187092781066894531e+00 8.593138307332992554e-02 -2.298622846603393555e+00 8.792438507080078125e+00 1.675119209289550781e+01 1.906803607940673828e+00 1.644616127014160156e-01 5.259082913398742676e-01 -2.244542360305786133e+00
1 1.042199969291687012e+00 3.949238777160644531e+00 6.662251353263854980e-01 5.882085561752319336e-01 1.466645598411560059e-01 9.084955215454101562e+00 4.417867660522460938e+00 -1.200903892517089844e+01 -7.708295822143554688e+00 -3.185143947601318359e+00 -2.627327442169189453e-01 7.754305362701416016e+00 4.690004348754882812e+00
1 1.042199969291687012e+00 1.822302222251892090e+00 2.410427331924438477e+00 -5.030915737152099609e+00 4.082758903503417969e+00 2.102449417114257812e+00 6.392469406127929688e-01 -2.091808891296386719e+01 8.399137496948242188e+00 1.300124168395996094e+01 3.122779607772827148e+00 1.991571426391601562e+00 3.900344073772430420e-01
1 1.042199969291687012e+00 4.331645011901855469e+00 3.554533958435058594e+00 -9.497219324111938477e-01 -4.779520511627197266e+00 9.473319053649902344e-01 2.976469516754150391e+00 -1.706345176696777344e+01 -5.778499126434326172e+00 1.970497846603393555e+00 -4.602962493896484375e+00 8.156887292861938477e-01 3.152149200439453125e+00
1 1.042199969291687012e+00 -2.996071338653564453e+00 1.308804154396057129e+00 -2.077438831329345703e+00 -6.783806800842285156e+00 -3.339886665344238281e+00 -1.770980834960937500e+00 1.034148502349853516e+01 5.450405502319335938e+01 -1.647261047363281250e+01 -6.202062129974365234e+00 -4.897887229919433594e+00 1.549567341804504395e+00
1 1.042199969291687012e+00 4.457592487335205078e+00 4.797600507736206055e-01 3.942926883697509766e+00 -2.507896423339843750e+00 9.904284477233886719e-01 6.671874523162841797e+00 -1.171921253204345703e+01 -1.009442925453186035e+00 -1.490657997131347656e+01 -1.542454719543457031e+00 -1.496089220046997070e+00 5.085924625396728516e+00
1 1.042199969291687012e+00 9.411817789077758789e-01 4.443768024444580078e+00 -4.569547176361083984e-01 -6.638247966766357422e+00 3.653315544128417969e+00 -6.984553486108779907e-02 -1.616163063049316406e+01 -1.381580543518066406e+01 -5.519344806671142578e-01 -4.295394897460937500e+00 4.344833850860595703e+00 7.319716215133666992e-01
1 1.042199969291687012e+00 -3.078903675079345703e+00 -2.268350124359130859e-01 -1.408946633338928223e+00 1.802456855773925781e+00 9.181695938110351562e+00 -1.502589702606201172e+00 -1.983535385131835938e+01 -2.020459175109863281e+01 5.428675651550292969e+00 1.977666258811950684e+00 1.024007987976074219e+01 -6.597552299499511719e-01
1 1.042199969291687012e+00 2.227254152297973633e+00 -9.085161983966827393e-02 9.787998199462890625e-01 -1.222492933273315430e+00 -5.466478347778320312e+00 8.297873497009277344e+00 1.429183197021484375e+01 -1.250431823730468750e+01 2.047054767608642578e+00 -1.942917823791503906e+00 -3.835232257843017578e+00 6.798722267150878906e+00
1 1.042199969291687012e+00 1.918898344039916992e+00 3.199533462524414062e+00 2.386832714080810547e+00 -5.493851184844970703e+00 -4.904636740684509277e-01 -4.221657752990722656e+00 3.795895099639892578e+00 -1.550841140747070312e+01 -1.354697322845458984e+01 -6.987007141113281250e+00 -8.979493975639343262e-01 -7.298930644989013672e+00
1 1.042199969291687012e+00 2.066737651824951172e+00 1.356238603591918945e+00 5.016826152801513672e+00 -5.956356048583984375e+00 3.373076438903808594e+00 -1.473199605941772461e+00 3.734189510345458984e+00 2.861685752868652344e+00 8.987692832946777344e+00 -2.002689838409423828e+00 3.707360267639160156e+00 -3.557952404022216797e+00
1 1.042199969291687012e+00 -2.034712076187133789e+00 -3.846072673797607422e+00 1.514039993286132812e+00 3.841553449630737305e+00 -1.231034278869628906e+00 7.254053115844726562e+00 4.395867347717285156e+00 -4.688682556152343750e-01 4.023756504058837891e+00 3.653624057769775391e+00 7.413080334663391113e-01 8.282934188842773438e+00
1 1.042199969291687012e+00 6.093310713768005371e-01 -1.587857723236083984e+00 -3.342266559600830078e+00 8.062745094299316406e+00 1.095064878463745117e+00 6.114613533020019531e+00 -4.046135902404785156e+00 -1.017395877838134766e+01 4.509024620056152344e-01 6.607306480407714844e+00 6.442350894212722778e-02 5.485097885131835938e+00
1 1.042199969291687012e+00 -3.757659912109375000e+00 -3.324607372283935547e+00 2.525407314300537109e+00 1.876447916030883789e+00 1.702204704284667969e+00 3.362351059913635254e-01 1.330557060241699219e+01 -6.267783164978027344e+00 -2.941720008850097656e+00 -1.636526137590408325e-01 1.529575705528259277e+00 1.994014263153076172e+00
1 1.042199969291687012e+00 -2.769158124923706055e+00 -4.098799452185630798e-02 -3.353676319122314453e+00 5.543938875198364258e-01 1.329090356826782227e+00 -6.332771301269531250e+00 6.714093208312988281e+00 1.505524730682373047e+01 5.185790061950683594e+00 9.028425216674804688e-01 1.865427851676940918e+00 -5.646022319793701172e+00
1 1.042199969291687012e+00 7.278152704238891602e-01 1.928418636322021484e+00 1.664188504219055176e+00 -1.513944745063781738e+00 4.310728073120117188e+00 8.918717384338378906e+00 -1.299066638946533203e+01 -3.555939197540283203e+00 -4.202461719512939453e+00 -2.382083892822265625e+00 5.614097118377685547e+00 7.337821483612060547e+00
1 1.042199969291687012e+00 -1.209096193313598633e+00 2.068625688552856445e+00 -1.591745615005493164e+00 5.263938426971435547e+00 1.606713533401489258e+00 -7.221313476562500000e+00 -6.991895198822021484e+00 -4.007720184326171875e+01 3.482027816772460938e+01 7.065047740936279297e+00 2.357876539230346680e+00 -7.923399925231933594e+00
1 1.042199969291687012e+00 3.553879261016845703e+00 2.260899543762207031e+00 -2.175622463226318359e+00 6.081104278564453125e+00 -2.686956882476806641e+00 -9.863872528076171875e-01 1.003387165069580078e+01 6.878795623779296875e-01 -1.573695087432861328e+01 5.896663665771484375e+00 -3.692885637283325195e+00 -1.833127140998840332e+00
1 1.042199969291687012e+00 -4.781582355499267578e+00 7.546114921569824219e-01 -1.270383477210998535e+00 4.695077419281005859e+00 -1.236454486846923828e+00 -2.333801269531250000e+00 4.365574836730957031e+00 -2.637324810028076172e+00 -7.212299346923828125e+00 5.572941780090332031e+00 -1.178484439849853516e+00 -4.278713703155517578e+00
1 1.042199969291687012e+00 3.677207827568054199e-01 1.964980602264404297e+00 -2.870721817016601562e+00 7.497238159179687500e+00 5.055727481842041016e+00 -4.622388362884521484e+00 -1.333067607879638672e+01 1.396837329864501953e+01 4.696630477905273438e+00 3.569950580596923828e+00 4.285653591156005859e+00 -2.782473087310791016e+00
1 1.042199969291687012e+00 -1.333732128143310547e+00 1.424065232276916504e+00 -3.428194999694824219e+00 -4.888667583465576172e+00 -4.753370285034179688e+00 -8.883663177490234375e+00 -2.151589965820312500e+01 2.899611282348632812e+01 6.613142490386962891e+00 -2.845157861709594727e+00 -1.436758160591125488e+00 -3.340857982635498047e+00
1 1.042199969291687012e+00 2.114190578460693359e+00 2.713239192962646484e+00 -3.161202430725097656e+00 3.108065605163574219e+00 6.126591682434082031e+00 4.405485093593597412e-02 -2.659489822387695312e+01 1.745734024047851562e+01 5.097587585449218750e+00 5.085549354553222656e+00 3.729015827178955078e+00 1.765032887458801270e+00
1 1.042199969291687012e+00 -4.431760311126708984e-01 -1.470789432525634766e+00 4.451229095458984375e+00 7.302524447441101074e-01 -1.750977277755737305e+00 -7.904740333557128906e+00 2.183378219604492188e+01 3.570832824707031250e+01 -4.615050888061523438e+01 2.619437456130981445e+00 -1.480363368988037109e+00 -7.519320011138916016e+00
1 1.042199969291687012e+00 -3.871504068374633789e-01 5.496467590332031250e+00 -1.349151611328125000e+00 8.250283002853393555e-01 2.438662767410278320e+00 5.189936637878417969e+00 -1.847453832626342773e+00 -5.380995273590087891e+00 -1.073869800567626953e+01 -1.304116606712341309e+00 2.968448162078857422e+00 2.232923984527587891e+00
1 1.042199969291687012e+00 -7.566433548927307129e-01 5.200303554534912109e+00 5.363669395446777344e-01 -7.046326398849487305e-01 -7.124375820159912109e+00 -2.188453674316406250e+00 1.753064155578613281e+01 -6.876341342926025391e+00 2.957912445068359375e+00 7.288809418678283691e-01 -7.987586021423339844e+00 -4.797463417053222656e+00
1 1.042199969291687012e+00 -3.261686086654663086e+00 -1.678066492080688477e+00 -2.773294925689697266e+00 -5.603102445602416992e-01 -1.562376260757446289e+00 3.613021135330200195e+00 2.308220481872558594e+01 -1.046881103515625000e+01 7.687601566314697266e+00 -3.119427561759948730e-01 -3.398800611495971680e+00 1.721050977706909180e+00
1 1.042199969291687012e+00 2.590120553970336914e+00 -1.600290298461914062e+00 -2.053562402725219727e-01 -2.115265846252441406e+00 9.728841781616210938e+00 -4.714652895927429199e-01 -3.063741683959960938e+01 1.499913024902343750e+01 2.954206228256225586e+00 -1.503772884607315063e-01 9.814427375793457031e+00 -7.910981178283691406e-01
1 1.042199969291687012e+00 -3.005196332931518555e+00 -2.592417001724243164e-01 4.155143737792968750e+00 -4.335572719573974609e+00 -2.899689197540283203e+00 6.738793373107910156e+00 9.684303283691406250e+00 -5.216984748840332031e+00 3.617668151855468750e-02 -3.170379638671875000e+00 -3.026898384094238281e+00 6.104913234710693359e+00
1 1.042199969291687012e+00 2.087687730789184570e+00 3.173385620117187500e+00 -1.229039907455444336e+00 5.809065818786621094e+00 2.977152347564697266e+00 4.618253707885742188e+00 3.940267181396484375e+01 4.097458267211914062e+01 -3.632681274414062500e+01 5.944214344024658203e+00 7.577549457550048828e+00 1.676206588745117188e+00
1 1.042199969291687012e+00 -2.697069168090820312e+00 -1.423074364662170410e+00 -4.832955360412597656e+00 -2.822502613067626953e+00 4.085107147693634033e-02 6.283906459808349609e+00 2.521091222763061523e+00 -4.726373672485351562e+00 2.267381668090820312e+01 -2.044824600219726562e+00 1.152911901473999023e+00 6.674268722534179688e+00
1 1.042199969291687012e+00 3.475179672241210938e+00 1.643321752548217773e+00 -4.120311260223388672e+00 -1.028305768966674805e+00 3.686131000518798828e+00 3.501039743423461914e-01 -9.625881195068359375e+00 -6.700913906097412109e-01 5.899009704589843750e+00 -1.770176768302917480e+00 1.286538004875183105e+00 -1.156766653060913086e+00
1 1.042199969291687012e+00 3.160553455352783203e+00 4.353955745697021484e+00 -2.322587728500366211e+00 -3.244766235351562500e+00 -3.049232482910156250e+00 -2.886348724365234375e+00 -8.472565650939941406e+00 -2.306152725219726562e+01 -4.067162036895751953e+00 -3.501684665679931641e+00 -6.102529525756835938e+00 -1.879446983337402344e+00
1 1.042199969291687012e+00 -4.472793579101562500e+00 2.607289075851440430e+00 -2.070687055587768555e+00 -1.432535529136657715e+00 4.076616287231445312e+00 -3.516938447952270508e+00 4.077366828918457031e+00 -1.694067382812500000e+01 -1.185037422180175781e+01 -1.594079852104187012e+00 1.105841398239135742e+00 -5.932051539421081543e-01
1 1.042199969291687012e+00 -6.509769558906555176e-01 -2.051358461380004883e+00 -4.920654773712158203e+00 -8.726185560226440430e-02 -5.472051620483398438e+00 7.354066371917724609e-01 8.899776458740234375e+00 1.362895965576171875e+01 1.764368247985839844e+01 -5.527835488319396973e-01 -3.667560577392578125e+00 -3.090919256210327148e-01
1 1.042199969291687012e+00 2.770055770874023438e+00 4.650002479553222656e+00 -1.001836508512496948e-01 2.542235374450683594e+00 -1.751272439956665039e+00 -4.543437004089355469e+00 -3.516875505447387695e+00 -1.075733566284179688e+01 2.994829177856445312e+00 4.866808414459228516e+00 -1.499384880065917969e+00 -5.305882453918457031e+00
1 1.042199969291687012e+00 -3.747531890869140625e+00 -1.435243129730224609e+00 1.043532729148864746e+00 -2.305143833160400391e+00 -1.527447938919067383e+00 -5.419436097145080566e-01 -2.394659042358398438e+00 -2.724007034301757812e+01 1.752583980560302734e-01 -4.464710235595703125e+00 -5.896853208541870117e-01 2.006340026855468750e+00
1 1.042199969291687012e+00 -4.908181667327880859e+00 -6.313631683588027954e-02 1.801923990249633789e+00 6.062922477722167969e+00 2.755123853683471680e+00 7.123569250106811523e-01 -3.939782142639160156e+00 -4.986190795898437500e+00 5.495967388153076172e+00 3.787120819091796875e+00 3.770683050155639648e+00 2.782425642013549805e+00
1 1.042199969291687012e+00 1.692118167877197266e+00 3.029526233673095703e+00 4.957793354988098145e-01 -1.638761758804321289e-01 -4.943180084228515625e+00 -7.148821353912353516e+00 -7.894128799438476562e+00 -1.173229789733886719e+01 1.915964698791503906e+01 -2.150908946990966797e+00 -6.891778469085693359e+00 -7.263999938964843750e+00
1 1.042199969291687012e+00 4.438868522644042969e+00 -2.403186321258544922e+00 -1.892422676086425781e+00 -4.380145549774169922e+00 -7.956543922424316406e+00 2.812651544809341431e-02 -2.027670860290527344e+00 -2.799260616302490234e+00 1.427589321136474609e+01 -3.991041421890258789e+00 -6.705822944641113281e+00 6.812649965286254883e-01
1 1.042199969291687012e+00 1.208695888519287109e+00 -3.073368549346923828e+00 -1.314214468002319336e-01 -6.559767723083496094e+00 6.489225864410400391e+00 2.902245521545410156e+00 -1.250447082519531250e+01 1.312058830261230469e+01 -1.847793197631835938e+01 -7.180819034576416016e+00 5.517749309539794922e+00 3.297622919082641602e+00
1 1.042199969291687012e+00 5.067157745361328125e+00 2.130515098571777344e+00 1.509964466094970703e-01 -5.833745956420898438e+00 -3.323878765106201172e+00 1.420973539352416992e+00 -1.032736587524414062e+01 -9.265078544616699219e+00 1.511517882347106934e+00 -4.838222980499267578e+00 -3.448874473571777344e+00 2.004615545272827148e+00
1 1.042199969291687012e+00 -1.151253938674926758e+00 4.697129726409912109e-01 4.570590496063232422e+00 8.801248550415039062e+00 1.913628578186035156e+00 -3.039391517639160156e+00 3.708705902099609375e+00 8.547023773193359375e+00 -1.200142955780029297e+01 8.013427734375000000e+00 3.417240142822265625e+00 -2.614938020706176758e+00
1 1.042199969291687012e+00 -8.313691616058349609e-01 -3.745650291442871094e+00 -3.630309104919433594e-01 3.135500252246856689e-01 1.953613996505737305e+00 5.452490806579589844e+00 3.170982933044433594e+01 9.870791435241699219e+00 -2.060400390625000000e+01 5.217508599162101746e-02 4.135527610778808594e+00 5.914226531982421875e+00
1 1.042199969291687012e+00 1.073764562606811523e+00 9.958393573760986328e-01 6.804093837738037109e+00 -6.387917041778564453e+00 -8.409636020660400391e-01 -1.370207965373992920e-01 1.067477798461914062e+01 4.122988224029541016e+00 -3.114822387695312500e+00 -5.772303104400634766e+00 2.482403814792633057e-02 8.942977190017700195e-01
1 1.042199969291687012e+00 -2.256191253662109375e+00 -3.091711997985839844e+00 -1.613852262496948242e+00 -3.628361701965332031e+00 -5.643074989318847656e+00 -3.359364032745361328e+00 4.685890197753906250e+00 -1.051548576354980469e+01 8.013189315795898438e+00 -1.758278131484985352e+00 -4.041762351989746094e+00 -3.898398637771606445e+00
1 1.042199969291687012e+00 4.234567165374755859e+00 -7.860727310180664062e-01 -5.701649785041809082e-01 2.175121068954467773e+00 5.285695075988769531e+00 7.041998863220214844e+00 7.383447647094726562e+00 -1.442445755004882812e+01 -4.360711097717285156e+00 2.844705343246459961e+00 7.363715648651123047e+00 5.719612598419189453e+00
1 1.042199969291687012e+00 3.009890556335449219e+00 4.396969676017761230e-01 -2.798011779785156250e+00 3.881605386734008789e+00 -8.035329818725585938e+00 2.412545919418334961e+00 4.234898376464843750e+01 8.281278610229492188e+00 3.824290466308593750e+01 6.248561859130859375e+00 -7.906707286834716797e+00 3.032984435558319092e-01
1 1.042199969291687012e+00 4.866639971733093262e-01 3.746284008026123047e+00 4.590657711029052734e+00 1.364360749721527100e-01 5.602367401123046875e+00 -9.498612284660339355e-01 -1.707177734375000000e+01 -1.785829544067382812e+01 -1.297611236572265625e+01 -9.249168038368225098e-01 4.753949642181396484e+00 -4.292154312133789062e-01
1 1.042199969291687012e+00 1.577752947807312012e+00 9.466164112091064453e-01 -3.711277484893798828e+00 -5.876048088073730469e+00 -1.235283136367797852e+00 6.916543960571289062e+00 -2.086728858947753906e+01 1.329496955871582031e+01 -7.857445716857910156e+00 -7.803328514099121094e+00 -3.155851602554321289e+00 6.298748970031738281e+00
1 1.042199969291687012e+00 -3.978388309478759766e+00 2.098254263401031494e-01 2.486498951911926270e-01 3.589414119720458984e+00 -4.538553714752197266e+00 -3.135481104254722595e-02 1.291897773742675781e+01 1.290264844894409180e+00 -2.635856628417968750e+00 4.964874267578125000e+00 -5.167002201080322266e+00 8.315504789352416992e-01
1 1.042199969291687012e+00 -4.813790321350097656e+00 1.870434284210205078e+00 1.321518659591674805e+00 -1.903121709823608398e+00 -1.333549261093139648e+00 -4.425541877746582031e+00 1.110236167907714844e+01 -4.892847061157226562e+00 7.639513015747070312e-01 -2.044656515121459961e+00 -1.613533258438110352e+00 -7.469703674316406250e+00
1 1.042199969291687012e+00 2.799942195415496826e-01 1.752721786499023438e+00 5.315090179443359375e+00 -1.953798770904541016e+00 3.207722187042236328e+00 -6.414588451385498047e+00 -1.034281063079833984e+01 -1.063498497009277344e+01 -1.428278541564941406e+01 2.513865828514099121e-01 2.222740888595581055e+00 -5.762395381927490234e+00
1 1.042199969291687012e+00 -4.469490051269531250e-01 5.087741374969482422e+00 -3.324942111968994141e+00 -1.649044036865234375e+00 1.710775196552276611e-01 1.795325398445129395e+00 1.022787451744079590e+00 -1.219201660156250000e+01 6.142425537109375000e+00 -8.222619295120239258e-01 5.735611915588378906e-01 1.050858020782470703e+00
1 1.042199969291687012e+00 -2.275849103927612305e+00 4.982546806335449219e+00 -2.117053747177124023e+00 3.602963089942932129e-01 -2.393770217895507812e+00 -1.511553883552551270e+00 1.153828048706054688e+01 -2.547808456420898438e+01 9.109059333801269531e+00 3.114203453063964844e+00 -6.004536151885986328e-02 7.288358211517333984e-01
