0 1.042199969291687012e+00 4.362362623214721680e-01 6.310183048248291016e+00 -4.954587817192077637e-01 4.340467929840087891e+00 4.261125564575195312e+00 -4.024884700775146484e-01 1.056885242462158203e+01 -1.250834846496582031e+01 -2.933943748474121094e+00 3.773870229721069336e+00 4.107015132904052734e+00 8.601052761077880859e-01
0 1.042199969291687012e+00 -1.516552209854125977e+00 -7.403517961502075195e-01 -4.338781833648681641e+00 -3.683165550231933594e+00 -6.635826587677001953e+00 4.574775695800781250e+00 -2.389345645904541016e+00 1.267572307586669922e+01 1.123568153381347656e+01 -4.055717468261718750e+00 -4.163664340972900391e+00 2.067424535751342773e+00
0 1.042199969291687012e+00 -5.687119960784912109e+00 -2.190943658351898193e-01 6.367613673210144043e-01 7.404439449310302734e-01 -1.155715942382812500e+00 -4.678173542022705078e+00 5.820650577545166016e+00 -1.822512817382812500e+01 -7.882595062255859375e+00 6.483309864997863770e-01 2.244271278381347656e+00 -3.423330545425415039e+00
0 1.042199969291687012e+00 5.319856166839599609e+00 -3.699165821075439453e+00 1.045738697052001953e+00 -3.560317039489746094e+00 2.770688533782958984e+00 -1.785009145736694336e+00 -2.394591522216796875e+01 1.208448600769042969e+01 2.526503086090087891e+00 -2.410940647125244141e+00 1.763750314712524414e+00 -2.777452468872070312e+00
0 1.042199969291687012e+00 5.567453861236572266e+00 5.474560260772705078e-01 -1.254188865423202515e-01 5.006453394889831543e-01 -2.773259162902832031e+00 -3.791268825531005859e+00 -2.002614593505859375e+01 2.248277902603149414e+00 -5.961863994598388672e+00 6.892529129981994629e-01 -2.401557207107543945e+00 -5.335514068603515625e+00
0 1.042199969291687012e+00 3.645915985107421875e+00 -2.186585903167724609e+00 -3.680964946746826172e+00 -4.470483779907226562e+00 2.812922477722167969e+00 2.041494131088256836e+00 -3.994883537292480469e+00 1.543597602844238281e+01 4.223831653594970703e+00 -4.388094425201416016e+00 3.131183385848999023e+00 2.359586000442504883e+00
0 1.042199969291687012e+00 -4.890274047851562500e+00 -1.695635080337524414e+00 -5.243641138076782227e-01 -3.811281204223632812e+00 5.216763019561767578e-01 -8.596591949462890625e-01 2.040806770324707031e+01 1.019872474670410156e+01 2.841872453689575195e+00 -1.488330602645874023e+00 1.774554371833801270e+00 -7.928500771522521973e-01
0 1.042199969291687012e+00 -8.266176283359527588e-02 -5.768588542938232422e+00 -2.970795929431915283e-01 3.456489086151123047e+00 -1.693523406982421875e+00 1.708632111549377441e+00 -8.196451187133789062e+00 1.103014183044433594e+01 7.472942352294921875e+00 1.967844247817993164e+00 -6.073346734046936035e-01 1.636757612228393555e+00
0 1.042199969291687012e+00 4.795082509517669678e-01 -4.110507011413574219e+00 3.369780063629150391e+00 -3.945779323577880859e+00 -1.648556947708129883e+00 -3.770086288452148438e+00 -1.564105319976806641e+01 6.617105007171630859e+00 -1.433092021942138672e+01 -3.369585275650024414e+00 -1.324265718460083008e+00 -3.417450189590454102e+00
0 1.042199969291687012e+00 -1.609065771102905273e+00 4.425845623016357422e+00 3.372221946716308594e+00 1.109503626823425293e+00 7.436973094940185547e+00 1.844513654708862305e+00 2.354197502136230469e-01 -1.081889152526855469e+01 -8.649063110351562500e-02 6.146463155746459961e-01 5.363543510437011719e+00 2.135394334793090820e+00
0 1.042199969291687012e+00 2.126523494720458984e+00 -2.858265876770019531e+00 -2.792070388793945312e+00 -3.527629375457763672e+00 -1.081576466560363770e+00 -7.258843421936035156e+00 -2.196252059936523438e+01 2.721525669097900391e+00 3.512440204620361328e+00 -8.245393037796020508e-01 -6.980443000793457031e-01 -6.727226257324218750e+00
0 1.042199969291687012e+00 1.360157012939453125e+00 -3.021013736724853516e+00 4.532918453216552734e+00 2.695349693298339844e+00 4.937557220458984375e+00 -1.308752059936523438e+00 9.583909988403320312e+00 1.820603179931640625e+01 8.975577354431152344e+00 3.342367410659790039e+00 4.248636245727539062e+00 -1.498081922531127930e+00
0 1.042199969291687012e+00 -3.616686820983886719e+00 -4.243772029876708984e+00 -2.054533064365386963e-01 9.902179241180419922e-02 -4.739609718322753906e+00 1.250856399536132812e+00 -2.994661331176757812e-01 3.016910076141357422e+00 -2.798051834106445312e+00 1.531441509723663330e-01 -3.566943883895874023e+00 2.183481693267822266e+00
0 1.042199969291687012e+00 1.373942375183105469e+00 4.236918449401855469e+00 -4.346824169158935547e+00 -1.880095601081848145e-01 2.794525623321533203e+00 2.555610418319702148e+00 -6.422101020812988281e+00 3.343364715576171875e+00 1.399786758422851562e+01 -1.250656098127365112e-01 1.839384794235229492e+00 2.496915340423583984e+00
0 1.042199969291687012e+00 -1.444694399833679199e+00 -1.677837371826171875e+00 -2.678245544433593750e+00 1.752590537071228027e+00 7.524797439575195312e+00 -3.123159885406494141e+00 3.306688785552978516e+00 3.000917196273803711e+00 1.247147369384765625e+01 1.948114514350891113e+00 7.556250095367431641e+00 -3.792733907699584961e+00
0 1.042199969291687012e+00 -6.530974507331848145e-01 -2.789416790008544922e+00 4.823577404022216797e+00 4.352915287017822266e+00 -1.986653566360473633e+00 -3.163740158081054688e+00 1.036656475067138672e+01 -8.115914344787597656e+00 -2.075144767761230469e+00 3.509361267089843750e+00 -2.785072088241577148e+00 -2.614441633224487305e+00
0 1.042199969291687012e+00 -2.609786987304687500e+00 2.250683546066284180e+00 4.604617118835449219e+00 3.036030769348144531e+00 -2.066845178604125977e+00 3.668258190155029297e+00 5.666579723358154297e+00 -4.814270973205566406e+00 -6.692708492279052734e+00 1.571042060852050781e+00 -3.632235527038574219e-01 2.726844549179077148e+00
0 1.042199969291687012e+00 -1.824188470840454102e+00 -4.596900463104248047e+00 6.724637150764465332e-01 -5.525650978088378906e+00 -4.866591453552246094e+00 -1.142498731613159180e+00 1.850638198852539062e+01 -3.246674537658691406e+00 -1.468172073364257812e+00 -6.040171623229980469e+00 -4.494319915771484375e+00 -2.761557400226593018e-01
0 1.042199969291687012e+00 1.237787485122680664e+00 5.313378810882568359e+00 2.973575592041015625e+00 1.611196994781494141e+00 -2.032899379730224609e+00 -6.882773637771606445e-01 -3.903196096420288086e+00 -1.557579326629638672e+01 -1.488375091552734375e+01 3.559702634811401367e+00 -2.091276645660400391e-01 -1.785468459129333496e-01
0 1.042199969291687012e+00 -5.014113903045654297e+00 -2.978737831115722656e+00 1.067536354064941406e+00 -9.544893503189086914e-01 4.550317287445068359e+00 8.260886669158935547e-01 -4.791984558105468750e-01 -1.665931320190429688e+01 -8.997268676757812500e+00 -2.545865297317504883e+00 3.197938919067382812e+00 1.913098096847534180e+00
0 1.042199969291687012e+00 1.336030244827270508e+00 5.116235256195068359e+00 -2.340537786483764648e+00 -2.234491825103759766e+00 1.110133647918701172e+00 -3.541096687316894531e+00 -7.206700801849365234e+00 2.487173080444335938e-01 -8.497395515441894531e-01 4.164812564849853516e-01 2.056246757507324219e+00 -2.794109582901000977e+00
0 1.042199969291687012e+00 -7.324081063270568848e-01 -2.657265067100524902e-01 -4.544866830110549927e-02 -5.546941757202148438e+00 5.853720664978027344e+00 -2.512802362442016602e+00 -1.139703941345214844e+01 -9.380308151245117188e+00 -1.233729457855224609e+01 -4.415751934051513672e+00 6.645195007324218750e+00 -2.874910593032836914e+00
0 1.042199969291687012e+00 3.109600543975830078e+00 -3.998003482818603516e+00 5.161429643630981445e-01 -2.483910560607910156e+00 1.928802013397216797e+00 4.811307430267333984e+00 1.478915309906005859e+01 1.184641838073730469e+01 5.544879913330078125e+00 -3.441321134567260742e+00 2.266176700592041016e+00 5.769294261932373047e+00
0 1.042199969291687012e+00 -3.737936019897460938e+00 -1.524167060852050781e+00 3.325716972351074219e+00 -2.984656095504760742e+00 3.748426437377929688e+00 -5.332419872283935547e+00 1.060781478881835938e+00 1.622901320457458496e+00 5.083175659179687500e+00 -1.655191540718078613e+00 3.853166580200195312e+00 -4.905867576599121094e+00
0 1.042199969291687012e+00 -6.111100316047668457e-01 1.537384748458862305e+00 1.352472305297851562e-01 -7.949460983276367188e+00 1.667837381362915039e+00 -2.443182468414306641e+00 -1.256754207611083984e+01 9.025897979736328125e+00 1.289711761474609375e+01 -8.699883460998535156e+00 1.554369330406188965e+00 -1.503565192222595215e+00
0 1.042199969291687012e+00 2.709889888763427734e+00 -4.959677696228027344e+00 -1.454186320304870605e+00 -3.769861906766891479e-02 4.122761249542236328e+00 -5.576922416687011719e+00 -1.441177368164062500e+00 8.246159553527832031e+00 -4.048706054687500000e+00 -3.855935335159301758e-01 3.103538036346435547e+00 -4.355393886566162109e+00
0 1.042199969291687012e+00 -6.247936487197875977e-01 5.562171936035156250e+00 2.135872125625610352e+00 -1.026105523109436035e+00 -3.964324474334716797e+00 2.051904678344726562e+00 1.572548866271972656e+00 -8.391700744628906250e+00 -1.022829055786132812e+01 -2.308758258819580078e+00 -3.635368824005126953e+00 4.393388748168945312e+00
0 1.042199969291687012e+00 2.555026054382324219e+00 2.701314091682434082e-01 -1.023096919059753418e+00 8.313612937927246094e-01 -7.704217910766601562e+00 3.546256542205810547e+00 -2.675031280517578125e+01 3.341695785522460938e+01 1.718233108520507812e+01 1.411926269531250000e+00 -6.760554313659667969e+00 2.836534976959228516e+00
0 1.042199969291687012e+00 -2.178662061691284180e+00 1.335195422172546387e+00 3.038668632507324219e+00 -4.278400897979736328e+00 5.592888832092285156e+00 4.426274299621582031e+00 2.311208724975585938e+01 -2.748889923095703125e+01 -9.301907539367675781e+00 -1.585778951644897461e+00 4.830029010772705078e+00 4.598592281341552734e+00
0 1.042199969291687012e+00 3.723070144653320312e+00 -3.898770809173583984e+00 2.477894544601440430e+00 4.296194553375244141e+00 2.559424400329589844e+00 1.939416170120239258e+00 -7.449168205261230469e+00 1.121894931793212891e+01 -1.001379776000976562e+01 2.793466091156005859e+00 2.521931648254394531e+00 1.766085505485534668e+00
0 1.042199969291687012e+00 -1.330070257186889648e+00 -5.087118148803710938e-01 3.014935016632080078e+00 4.999382495880126953e+00 -7.222658157348632812e+00 9.202998131513595581e-03 1.309587097167968750e+01 9.586133956909179688e+00 8.891973495483398438e+00 3.922853708267211914e+00 -6.186022758483886719e+00 -5.598750710487365723e-01
0 1.042199969291687012e+00 1.970513820648193359e+00 -2.345526218414306641e-01 -5.455912113189697266e+00 1.076616525650024414e+00 4.046267986297607422e+00 -6.871538758277893066e-01 -6.981230735778808594e+00 1.219970464706420898e+00 1.321605873107910156e+01 4.569005370140075684e-01 1.856199741363525391e+00 -1.224257349967956543e+00
0 1.042199969291687012e+00 1.230375289916992188e+00 -3.853326320648193359e+00 -1.341930389404296875e+00 -1.123751521110534668e+00 8.032653808593750000e+00 3.576462715864181519e-02 -4.545350074768066406e+00 1.859399414062500000e+01 -1.626306533813476562e+01 -2.806859254837036133e+00 7.500549793243408203e+00 1.395133376121520996e+00
0 1.042199969291687012e+00 5.203584671020507812e+00 4.826911687850952148e-01 1.770973920822143555e+00 3.695478439331054688e+00 -4.302327156066894531e+00 1.437487363815307617e+00 -3.253341197967529297e+00 4.457011222839355469e+00 -3.536772727966308594e+00 3.421442985534667969e+00 -4.577939033508300781e+00 1.570153474807739258e+00
0 1.042199969291687012e+00 -3.465795993804931641e+00 2.208628654479980469e+00 -3.338757991790771484e+00 1.999198675155639648e+00 -5.654036998748779297e+00 -1.436513900756835938e+00 2.011796951293945312e+01 4.748544692993164062e+00 1.057690238952636719e+01 3.835767030715942383e+00 -4.105792999267578125e+00 -1.537703156471252441e+00
0 1.042199969291687012e+00 -2.191904783248901367e+00 2.623431682586669922e+00 1.989752352237701416e-01 -5.835628509521484375e+00 8.039036989212036133e-01 -5.326967716217041016e+00 1.990608406066894531e+01 -1.007452011108398438e+00 -1.523547554016113281e+01 -5.480925559997558594e+00 1.166773200035095215e+00 -6.606033802032470703e+00
0 1.042199969291687012e+00 -6.025625467300415039e-01 -1.248623609542846680e+00 1.494157075881958008e+00 3.391264438629150391e+00 -2.609461069107055664e+00 7.025935173034667969e+00 -6.046571731567382812e+00 1.636743545532226562e-01 8.662009239196777344e-02 2.811262369155883789e+00 -2.317025899887084961e+00 8.249565124511718750e+00
0 1.042199969291687012e+00 3.260350823402404785e-01 4.673692584037780762e-01 5.917034149169921875e+00 -7.412727475166320801e-01 1.036306738853454590e+00 1.567201137542724609e+00 -6.194058418273925781e+00 2.006859302520751953e+00 -1.460753726959228516e+01 -3.272332251071929932e-01 1.702482581138610840e+00 2.969557762145996094e+00
0 1.042199969291687012e+00 -1.733737945556640625e+00 -3.532845497131347656e+00 -2.950000286102294922e+00 -1.201354026794433594e+00 -5.797593116760253906e+00 -3.276849746704101562e+00 7.445589065551757812e+00 2.458721160888671875e+00 1.534356880187988281e+01 -1.464833736419677734e+00 -4.847761154174804688e+00 -5.651808261871337891e+00
0 1.042199969291687012e+00 5.896866917610168457e-01 -3.939246654510498047e+00 -3.380867004394531250e+00 4.816275596618652344e+00 1.199226498603820801e+00 -2.989141941070556641e+00 -6.518512725830078125e+00 1.761700439453125000e+01 2.222863388061523438e+01 3.029248237609863281e+00 2.058348178863525391e+00 -2.582960128784179688e+00
0 1.042199969291687012e+00 3.149678707122802734e+00 -2.314159393310546875e+00 3.552062988281250000e+00 3.555176258087158203e+00 -6.875410079956054688e+00 -4.266654968261718750e+00 -5.326311111450195312e+00 9.629149436950683594e+00 -8.794840812683105469e+00 1.651639342308044434e+00 -3.994722604751586914e+00 -3.028796434402465820e+00
0 1.042199969291687012e+00 3.274608135223388672e+00 3.196017742156982422e+00 -4.508440017700195312e+00 3.804114818572998047e+00 -5.887941122055053711e-01 -5.122457146644592285e-01 -3.172681808471679688e+00 -1.616601943969726562e+01 4.866072177886962891e+00 1.617871522903442383e+00 -4.227798283100128174e-01 3.980069160461425781e-01
0 1.042199969291687012e+00 -2.262990713119506836e+00 7.641780376434326172e-01 -1.150608062744140625e-01 -7.497517585754394531e+00 4.478609561920166016e-02 1.735249996185302734e+00 7.763049602508544922e-01 -8.558412551879882812e+00 -1.584923934936523438e+01 -9.755013465881347656e+00 6.017010807991027832e-01 3.270914316177368164e+00
0 1.042199969291687012e+00 2.552586555480957031e+00 5.359413146972656250e+00 1.309977293014526367e+00 6.032751083374023438e+00 6.822396516799926758e-01 -3.354419469833374023e+00 3.510009765625000000e+00 -1.968869400024414062e+01 1.033834075927734375e+01 6.231903553009033203e+00 1.179058313369750977e+00 -2.834315061569213867e+00
0 1.042199969291687012e+00 -2.059833049774169922e+00 2.617166757583618164e+00 -4.718721389770507812e+00 5.799801275134086609e-02 -4.302539825439453125e+00 5.202269554138183594e+00 1.154297637939453125e+01 -1.022393035888671875e+01 1.233445167541503906e+01 1.762014746665954590e+00 -1.891679525375366211e+00 5.099459171295166016e+00
0 1.042199969291687012e+00 3.690021038055419922e-01 3.201335072517395020e-01 1.188396573066711426e+00 6.450582742691040039e-01 1.219786047935485840e+00 -8.303583145141601562e+00 -8.664853572845458984e-01 -6.491627216339111328e+00 -1.306465625762939453e+01 -8.689608424901962280e-02 2.257496118545532227e-01 -6.913908481597900391e+00
0 1.042199969291687012e+00 4.398816585540771484e+00 2.390826225280761719e+00 1.623860359191894531e+00 -2.844319045543670654e-01 -6.988397836685180664e-01 5.947575092315673828e+00 -1.054637622833251953e+01 -1.772289848327636719e+01 -4.828421592712402344e+00 5.399964451789855957e-01 -5.819405317306518555e-01 6.514498233795166016e+00
0 1.042199969291687012e+00 4.425130844116210938e+00 -6.389672756195068359e-01 -2.747944116592407227e+00 -3.021667480468750000e+00 -6.462608337402343750e+00 -6.817772984504699707e-01 2.536708831787109375e+00 9.570602416992187500e+00 1.528269195556640625e+01 -2.840797424316406250e+00 -6.207376003265380859e+00 1.019202947616577148e+00
0 1.042199969291687012e+00 -2.015174388885498047e+00 -1.560063838958740234e+00 4.432470798492431641e+00 2.303143024444580078e+00 2.783334493637084961e+00 6.219576835632324219e+00 3.570929527282714844e+00 7.649573326110839844e+00 -1.694512176513671875e+01 7.049003243446350098e-01 1.042599827051162720e-01 5.610021591186523438e+00
0 1.042199969291687012e+00 3.723865032196044922e+00 -3.818367958068847656e+00 -2.798482656478881836e+00 9.119167178869247437e-02 -1.138641834259033203e+00 -6.861900091171264648e-01 -1.526272773742675781e+00 -1.173703002929687500e+01 1.240214824676513672e+01 -1.275186538696289062e-01 5.310329794883728027e-01 -2.791596889495849609e+00
0 1.042199969291687012e+00 -2.801466464996337891e+00 4.384682655334472656e+00 -2.303803265094757080e-01 2.241449356079101562e+00 4.170567989349365234e+00 -4.661626815795898438e+00 2.131686210632324219e+00 -8.538634300231933594e+00 5.266825675964355469e+00 1.383324742317199707e+00 2.513765811920166016e+00 -5.011966705322265625e+00
0 1.042199969291687012e+00 2.041510343551635742e+00 -1.131581425666809082e+00 -3.662734031677246094e+00 3.214415311813354492e-01 4.035793304443359375e+00 6.010169982910156250e+00 1.130608749389648438e+01 2.473422622680664062e+01 8.267494201660156250e+00 2.781305611133575439e-01 5.336340427398681641e+00 5.743799209594726562e+00
0 1.042199969291687012e+00 8.883515596389770508e-01 2.430305004119873047e+00 3.345615863800048828e+00 -5.796974182128906250e+00 4.274487972259521484e+00 1.155049085617065430e+00 1.945934057235717773e+00 -7.060031890869140625e-01 -2.265908813476562500e+01 -6.225952148437500000e+00 4.488785743713378906e+00 1.459220528602600098e+00
0 1.042199969291687012e+00 3.925320148468017578e+00 -7.810488939285278320e-01 1.202264904975891113e+00 4.551090717315673828e+00 1.705565929412841797e+00 -5.815007209777832031e+00 -2.857526016235351562e+01 1.026068210601806641e+01 -2.336546325683593750e+01 3.007625102996826172e+00 2.648537158966064453e+00 -7.968952178955078125e+00
0 1.042199969291687012e+00 7.513494491577148438e-01 4.993432998657226562e+00 9.389175176620483398e-01 -4.028571605682373047e+00 -3.427661895751953125e+00 -4.766170501708984375e+00 -1.068172359466552734e+01 -2.788445854187011719e+01 6.320800781250000000e-01 -4.109367370605468750e+00 -5.416318893432617188e+00 -5.761489391326904297e+00
0 1.042199969291687012e+00 -3.211148262023925781e+00 -2.472972869873046875e+00 7.741566002368927002e-02 5.639615535736083984e+00 -5.307466506958007812e+00 3.613891124725341797e+00 1.468306541442871094e+01 9.967687606811523438e+00 -5.875705242156982422e+00 4.888921737670898438e+00 -3.822197437286376953e+00 3.791068315505981445e+00
0 1.042199969291687012e+00 -2.873117446899414062e+00 7.278303503990173340e-01 -4.616796970367431641e+00 -2.989788293838500977e+00 -2.354369640350341797e+00 1.446138262748718262e+00 5.882650852203369141e+00 -7.913427352905273438e+00 7.232234477996826172e+00 -2.805965662002563477e+00 -1.054665684700012207e+00 2.212257862091064453e+00
0 1.042199969291687012e+00 -1.585993289947509766e+00 -5.510521680116653442e-02 -1.652924537658691406e+00 7.887951850891113281e+00 -8.602489531040191650e-02 3.841596126556396484e+00 -2.384885787963867188e+00 -4.681446552276611328e+00 1.401277065277099609e+01 7.722591400146484375e+00 -1.315503120422363281e+00 5.049641609191894531e+00
0 1.042199969291687012e+00 -4.438533782958984375e+00 5.026861429214477539e-01 -3.260457992553710938e+00 6.177449226379394531e+00 3.348182886838912964e-02 7.480391263961791992e-01 4.487476348876953125e+00 -1.161113262176513672e+00 4.943343639373779297e+00 4.394456386566162109e+00 4.331073164939880371e-01 -4.221837520599365234e-01
0 1.042199969291687012e+00 -4.645517826080322266e+00 3.659371852874755859e+00 -7.667732238769531250e-01 -2.526171922683715820e+00 1.021700501441955566e+00 5.673836231231689453e+00 1.348846626281738281e+01 -9.429847717285156250e+00 2.008479833602905273e+00 -2.512583732604980469e+00 1.636035740375518799e-02 4.645819187164306641e+00
0 1.042199969291687012e+00 1.174525976181030273e+00 -1.525684595108032227e+00 5.787925243377685547e+00 1.923918426036834717e-01 1.248870372772216797e+00 -2.921190261840820312e+00 -1.136713218688964844e+01 9.901620864868164062e+00 -8.907890319824218750e-01 1.372376680374145508e+00 2.210973024368286133e+00 -3.199692964553833008e+00
0 1.042199969291687012e+00 -9.724073410034179688e-01 2.696642398834228516e+00 3.560712337493896484e+00 -8.503042459487915039e-01 -7.619795322418212891e+00 -9.523984193801879883e-01 1.542556881904602051e+00 -2.469077301025390625e+01 -4.142506122589111328e+00 -8.056321144104003906e-01 -8.834426879882812500e+00 -6.352785229682922363e-01
0 1.042199969291687012e+00 1.314833462238311768e-01 3.659073352813720703e+00 -2.616253137588500977e+00 6.563043117523193359e+00 -3.828743457794189453e+00 -2.771183490753173828e+00 1.218501567840576172e+01 -1.749855804443359375e+01 1.682428359985351562e+01 4.899450778961181641e+00 -4.488322734832763672e+00 -2.895571708679199219e+00
0 1.042199969291687012e+00 4.942796230316162109e+00 3.054052829742431641e+00 -2.581825256347656250e+00 -6.077081680297851562e+00 -3.022435903549194336e+00 -1.440792083740234375e+00 -1.495223522186279297e+01 -1.769591140747070312e+01 7.787133216857910156e+00 -6.472695350646972656e+00 -2.561240911483764648e+00 -2.134143352508544922e+00
0 1.042199969291687012e+00 4.220071315765380859e+00 -4.589271545410156250e-01 3.192880630493164062e+00 -5.579222679138183594e+00 -3.158123493194580078e+00 2.732070207595825195e+00 -1.062954425811767578e+01 -3.876346111297607422e+00 1.286017608642578125e+01 -3.945053577423095703e+00 -7.052516460418701172e+00 3.299397945404052734e+00
0 1.042199969291687012e+00 -1.223803162574768066e+00 3.516092300415039062e+00 5.349098682403564453e+00 -1.433449745178222656e+00 -2.799793720245361328e+00 -1.762403607368469238e+00 -1.684553861618041992e+00 -2.505747318267822266e+00 -8.200357437133789062e+00 -3.253711700439453125e+00 -2.406757354736328125e+00 -8.741238117218017578e-01
0 1.042199969291687012e+00 2.720501899719238281e+00 2.310693740844726562e+00 3.008457183837890625e+00 -5.052653312683105469e+00 -5.261518359184265137e-01 4.101569652557373047e-01 -5.131514549255371094e+00 -1.474326419830322266e+01 -2.404600143432617188e+01 -3.044039726257324219e+00 1.151394248008728027e+00 -6.836895942687988281e-01
0 1.042199969291687012e+00 -1.874453544616699219e+00 4.134264945983886719e+00 1.444806575775146484e+00 5.739346981048583984e+00 2.784615993499755859e+00 4.331157684326171875e+00 -4.804706573486328125e+00 -8.965516090393066406e+00 9.003715515136718750e-01 4.111634731292724609e+00 4.027939319610595703e+00 3.470305919647216797e+00
0 1.042199969291687012e+00 3.239471316337585449e-01 -7.544845938682556152e-01 -4.604693412780761719e+00 3.208288669586181641e+00 -2.765945434570312500e+00 -6.648975849151611328e+00 3.999530792236328125e+00 -5.316567420959472656e+00 1.240302371978759766e+01 3.366853475570678711e+00 -1.749109625816345215e+00 -5.825479030609130859e+00
0 1.042199969291687012e+00 -1.634347081184387207e+00 -1.719673395156860352e+00 -7.508389949798583984e-01 7.172153472900390625e+00 4.643382072448730469e+00 -8.469567894935607910e-01 7.289623260498046875e+00 -2.045686721801757812e+01 2.113693237304687500e+00 6.562408924102783203e+00 4.204573631286621094e+00 -6.399152874946594238e-01
0 1.042199969291687012e+00 -5.691843986511230469e+00 1.443868875503540039e+00 -2.764255404472351074e-01 1.615441799163818359e+00 1.625266790390014648e+00 4.742616415023803711e-01 4.916429996490478516e+00 1.280300140380859375e+01 -1.192277145385742188e+01 1.732980966567993164e+00 -5.289422273635864258e-01 5.104017853736877441e-01
0 1.042199969291687012e+00 4.417603969573974609e+00 1.099026679992675781e+00 -3.665919303894042969e+00 3.824485301971435547e+00 2.170360386371612549e-01 4.788149356842041016e+00 1.883681106567382812e+01 1.891036415100097656e+01 2.223381233215332031e+01 1.925160050392150879e+00 1.987972259521484375e-01 4.388217926025390625e+00
0 1.042199969291687012e+00 3.268955707550048828e+00 3.490042209625244141e+00 6.647253632545471191e-01 -6.062738418579101562e+00 -1.225598335266113281e+00 5.009580612182617188e+00 -1.032967567443847656e+01 1.758864212036132812e+01 -1.305333900451660156e+01 -4.117983818054199219e+00 4.796431958675384521e-01 7.628414630889892578e+00
0 1.042199969291687012e+00 5.754998922348022461e-01 -5.928028225898742676e-01 2.760384798049926758e+00 8.377118110656738281e+00 -1.635854482650756836e+00 -3.065098524093627930e-01 -1.213318157196044922e+01 -1.072953343391418457e+00 -3.050620079040527344e+00 7.622470378875732422e+00 -1.639305114746093750e+00 1.626839861273765564e-02
0 1.042199969291687012e+00 -2.859913825988769531e+00 2.972164630889892578e+00 2.670554637908935547e+00 3.059710860252380371e-01 -4.392033576965332031e+00 -6.030710697174072266e+00 -8.581800460815429688e-01 1.320989704132080078e+01 -4.245244026184082031e+00 -6.075026467442512512e-02 -5.405519485473632812e+00 -7.749038696289062500e+00
0 1.042199969291687012e+00 1.576877593994140625e+00 -4.912925243377685547e+00 1.039692759513854980e-01 -1.880492448806762695e+00 -3.072209835052490234e+00 6.603283405303955078e+00 -9.702324867248535156e+00 9.615362167358398438e+00 1.768154716491699219e+01 -2.375412225723266602e+00 -2.323758363723754883e+00 5.530283451080322266e+00
0 1.042199969291687012e+00 3.556852340698242188e+00 3.922792911529541016e+00 2.581109523773193359e+00 -1.782506704330444336e+00 5.325757503509521484e+00 -1.199317812919616699e+00 -2.286192417144775391e+00 7.270250320434570312e-01 -6.877375602722167969e+00 -1.275640964508056641e+00 4.806286811828613281e+00 -2.067532062530517578e+00
0 1.042199969291687012e+00 -2.265135765075683594e+00 -1.976107597351074219e+00 2.299115419387817383e+00 3.376116991043090820e+00 6.597639083862304688e+00 4.622501373291015625e+00 1.259224319458007812e+01 1.007294082641601562e+01 -5.998893737792968750e+00 2.681531667709350586e+00 5.179992675781250000e+00 2.070445775985717773e+00
0 1.042199969291687012e+00 6.031480312347412109e+00 -2.910501956939697266e+00 -6.357769370079040527e-01 -1.260641574859619141e+00 -1.185989856719970703e+00 2.105829715728759766e+00 -1.307520484924316406e+01 1.151697921752929688e+01 4.047838449478149414e-01 -6.998060941696166992e-01 -1.938734292984008789e+00 3.212390899658203125e+00
1 1.042199969291687012e+00 -2.965749263763427734e+00 2.834213733673095703e+00 -1.454616546630859375e+00 -1.943710565567016602e+00 -7.699866294860839844e+00 -3.141852855682373047e+00 -5.878379821777343750e+00 -1.300762176513671875e+01 -1.542340850830078125e+01 -3.016750812530517578e+00 -7.252976894378662109e+00 -1.491401314735412598e+00
1 1.042199969291687012e+00 3.359639167785644531e+00 7.900836467742919922e-01 2.127010107040405273e+00 -1.154882192611694336e+00 -9.127138137817382812e+00 -4.734227955341339111e-01 -1.065514087677001953e+00 1.108980560302734375e+01 -1.863059806823730469e+01 -1.730206012725830078e+00 -9.612393379211425781e+00 -1.527298927307128906e+00
1 1.042199969291687012e+00 1.418119430541992188e+00 -2.018250703811645508e+00 -1.334376811981201172e+00 -1.340476751327514648e+00 9.412417411804199219e+00 1.692276895046234131e-01 -3.288840484619140625e+01 -1.326174926757812500e+01 2.188050842285156250e+01 -1.878990381956100464e-01 8.612189292907714844e+00 8.149390816688537598e-01
1 1.042199969291687012e+00 1.301884531974792480e+00 -3.878191411495208740e-01 -2.185051441192626953e+00 3.008313655853271484e+00 -2.840045928955078125e+00 -7.274108886718750000e+00 8.262321472167968750e+00 3.769579315185546875e+01 -2.001721382141113281e+00 4.545320987701416016e+00 -4.114559173583984375e+00 -8.344527244567871094e+00
1 1.042199969291687012e+00 -1.415963411331176758e+00 1.534285068511962891e+00 6.086191177368164062e+00 1.146399974822998047e+00 1.667816638946533203e+00 -2.698731899261474609e+00 4.646032333374023438e+00 4.121122360229492188e-01 -1.047398662567138672e+01 -8.832615613937377930e-01 2.384424924850463867e+00 -4.391571998596191406e+00
1 1.042199969291687012e+00 -5.586637854576110840e-01 -2.333536624908447266e+00 3.020492553710937500e+00 -3.299775600433349609e+00 7.671065330505371094e+00 5.478309631347656250e+00 6.688070774078369141e+00 2.886595916748046875e+01 2.381200790405273438e+00 -3.314545869827270508e+00 5.747790813446044922e+00 3.636067390441894531e+00
1 1.042199969291687012e+00 3.745294570922851562e+00 2.986423015594482422e+00 4.503057479858398438e+00 4.815892219543457031e+00 1.831745624542236328e+00 2.925265312194824219e+00 1.265919685363769531e+00 -1.226778030395507812e+00 -1.794368267059326172e+00 5.243433952331542969e+00 1.796989679336547852e+00 2.682596921920776367e+00
1 1.042199969291687012e+00 -3.822419643402099609e+00 1.777592778205871582e+00 -2.204196453094482422e-01 -5.326970294117927551e-02 -1.855510473251342773e+00 -8.196538925170898438e+00 -5.799859046936035156e+00 -1.810086965560913086e+00 -1.025054931640625000e+01 -3.018611073493957520e-01 -5.070520639419555664e-01 -7.262619972229003906e+00
1 1.042199969291687012e+00 -2.974504947662353516e+00 -1.644023060798645020e-01 2.263384819030761719e+00 -3.049590349197387695e+00 -6.507526397705078125e+00 4.587318897247314453e+00 -1.886336135864257812e+01 1.188171386718750000e+01 6.245312690734863281e+00 -3.480070829391479492e+00 -6.070154190063476562e+00 6.460657119750976562e+00
1 1.042199969291687012e+00 8.687424659729003906e-01 6.810101270675659180e-01 4.099710941314697266e+00 6.616673946380615234e+00 -3.928718566894531250e+00 4.850861072540283203e+00 -3.738548994064331055e+00 -8.709927797317504883e-01 -5.915612697601318359e+00 5.191299438476562500e+00 -3.709914922714233398e+00 3.221059560775756836e+00
1 1.042199969291687012e+00 -2.996958255767822266e+00 1.538473725318908691e+00 1.407447576522827148e+00 -4.693794548511505127e-01 3.766586780548095703e+00 -6.715392112731933594e+00 -5.838114738464355469e+00 -9.935871124267578125e+00 1.501189613342285156e+01 -2.536668777465820312e-01 2.517101049423217773e+00 -6.178592681884765625e+00
1 1.042199969291687012e+00 3.705076694488525391e+00 -4.450832605361938477e-01 -4.516077995300292969e+00 1.197277903556823730e+00 -3.739378929138183594e+00 5.180679559707641602e-01 -1.401517868041992188e+01 -4.923733711242675781e+00 2.355525970458984375e+00 2.371108055114746094e+00 -2.943029642105102539e+00 3.532761335372924805e-01
1 1.042199969291687012e+00 -3.182128369808197021e-01 -2.878819227218627930e+00 -1.705665111541748047e+00 -3.164492845535278320e+00 -6.398069262504577637e-01 4.267514228820800781e+00 -5.752825260162353516e+00 -4.625520229339599609e+00 -4.929820060729980469e+00 -2.321596860885620117e+00 7.788921594619750977e-01 5.002473354339599609e+00
1 1.042199969291687012e+00 3.474478244781494141e+00 -1.009384155273437500e+00 5.093420028686523438e+00 4.753547191619873047e+00 -1.113507151603698730e+00 1.239307522773742676e-01 -7.510332584381103516e+00 -3.249430656433105469e-01 -2.038515281677246094e+01 4.341350078582763672e+00 -7.693852186203002930e-01 -1.304819226264953613e+00
1 1.042199969291687012e+00 2.967952013015747070e+00 -2.342554092407226562e+00 1.555934667587280273e+00 -7.532476425170898438e+00 1.285712480545043945e+00 -4.946171283721923828e+00 -2.081951141357421875e+01 -3.237829208374023438e-01 1.019252300262451172e+00 -7.772498607635498047e+00 1.109309215098619461e-02 -4.018288612365722656e+00
1 1.042199969291687012e+00 2.830753564834594727e+00 2.155645608901977539e+00 -7.235649228096008301e-01 -6.013804912567138672e+00 -6.247420310974121094e+00 2.931176185607910156e+00 -2.561516952514648438e+01 2.153985023498535156e+00 6.309438705444335938e+00 -6.117266654968261719e+00 -6.516716003417968750e+00 2.023118019104003906e+00
1 1.042199969291687012e+00 2.364278078079223633e+00 2.062375068664550781e+00 1.167052030563354492e+00 -4.617553710937500000e+00 -5.333629131317138672e+00 -5.304527759552001953e+00 1.391553878784179688e+00 -3.209024047851562500e+01 2.842418193817138672e+00 -5.935953617095947266e+00 -4.995996952056884766e+00 -5.073832988739013672e+00
1 1.042199969291687012e+00 2.877213239669799805e+00 -1.266012549400329590e+00 -1.903115987777709961e+00 2.527826070785522461e+00 9.370388984680175781e-01 -8.382319450378417969e+00 5.349701404571533203e+00 -1.464058208465576172e+01 -4.254173278808593750e+01 1.693761706352233887e+00 5.182533860206604004e-01 -6.969943523406982422e+00
1 1.042199969291687012e+00 2.736832857131958008e+00 5.991978049278259277e-01 3.804277420043945312e+00 -6.816467046737670898e-01 -2.634489059448242188e+00 -7.672707557678222656e+00 -1.203407859802246094e+01 -1.747976875305175781e+01 -1.691635894775390625e+01 -2.529093503952026367e+00 -2.566958427429199219e+00 -6.664441108703613281e+00
1 1.042199969291687012e+00 1.310414075851440430e+00 3.587524890899658203e+00 5.747529983520507812e+00 -3.871264934539794922e+00 -1.959671735763549805e+00 2.300662994384765625e+00 2.840878009796142578e+00 1.097569561004638672e+01 -1.432343673706054688e+01 -5.105625152587890625e+00 -1.192760348320007324e+00 2.716217994689941406e+00
1 1.042199969291687012e+00 1.231616735458374023e+00 1.353344202041625977e+00 -1.082252115011215210e-01 2.478322386741638184e-01 7.580738067626953125e-01 9.369729995727539062e+00 1.006500244140625000e+01 3.035642623901367188e+00 -1.292433261871337891e+01 4.890993833541870117e-01 -9.455522298812866211e-01 9.049229621887207031e+00
1 1.042199969291687012e+00 -4.601235985755920410e-01 3.445256233215332031e+00 4.769299626350402832e-01 4.466773033142089844e+00 5.721749305725097656e+00 -5.270083904266357422e+00 5.689620018005371094e+00 -2.214322853088378906e+01 -1.037155818939208984e+01 4.527874946594238281e+00 5.471241474151611328e+00 -4.060872554779052734e+00
1 1.042199969291687012e+00 -1.477657556533813477e+00 -2.765663862228393555e+00 8.729439973831176758e-01 5.713045120239257812e+00 -2.215554475784301758e+00 -4.999173164367675781e+00 2.000611066818237305e+00 1.366652488708496094e+01 -1.960645294189453125e+01 7.801528453826904297e+00 -1.561490595340728760e-01 -3.952104568481445312e+00
1 1.042199969291687012e+00 4.754756927490234375e+00 -2.061260938644409180e+00 2.349642992019653320e+00 -2.206073284149169922e+00 -4.674376964569091797e+00 -1.286221668124198914e-04 -7.028147220611572266e+00 -6.228722095489501953e+00 -1.474296379089355469e+01 -2.531105756759643555e+00 -5.096964359283447266e+00 -1.824368000030517578e+00
1 1.042199969291687012e+00 2.145715236663818359e+00 3.878067493438720703e+00 3.972304821014404297e+00 -6.950005292892456055e-01 1.257561445236206055e+00 1.995510101318359375e+00 -8.971714019775390625e+00 -2.174726486206054688e+00 -1.222058296203613281e+01 -1.833965063095092773e+00 -1.383233070373535156e-02 2.550843715667724609e+00
1 1.042199969291687012e+00 -4.652825832366943359e+00 -1.382623195648193359e+00 -2.501654148101806641e+00 -8.258949518203735352e-01 -3.023250102996826172e-01 2.296765744686126709e-01 1.170713996887207031e+01 8.361580848693847656e+00 -1.599023342132568359e+00 1.934230327606201172e+00 -7.172256708145141602e-01 1.138048648834228516e+00
1 1.042199969291687012e+00 1.806922912597656250e+00 -4.085561275482177734e+00 1.995190143585205078e+00 4.322076320648193359e+00 4.384561061859130859e+00 -1.471324443817138672e+00 9.262992858886718750e+00 2.578227233886718750e+01 -7.683699607849121094e+00 5.134533882141113281e+00 4.435075759887695312e+00 -1.634540081024169922e+00
1 1.042199969291687012e+00 -1.449649453163146973e+00 4.167216420173645020e-01 1.473952293395996094e+00 -9.487410545349121094e+00 -2.401499748229980469e+00 3.549772739410400391e+00 8.506903648376464844e+00 2.104298782348632812e+01 -4.629783630371093750e+00 -6.132581233978271484e+00 -2.751739025115966797e+00 2.337422370910644531e+00
1 1.042199969291687012e+00 4.439381599426269531e+00 -4.223978996276855469e+00 -8.625237941741943359e-01 2.082127571105957031e+00 1.426078915596008301e+00 1.621145248413085938e+00 7.476291656494140625e-01 1.364110374450683594e+01 1.133943915367126465e+00 2.472706794738769531e+00 7.114673256874084473e-01 -5.572260618209838867e-01
1 1.042199969291687012e+00 -1.206107139587402344e+00 -5.410718321800231934e-01 6.004701614379882812e+00 8.780026435852050781e-01 -3.090480566024780273e+00 1.618718385696411133e+00 -8.514673233032226562e+00 -1.027824974060058594e+01 -2.617761802673339844e+01 2.659879684448242188e+00 -3.125844001770019531e+00 2.599943399429321289e+00
1 1.042199969291687012e+00 -6.939548254013061523e-02 3.694812774658203125e+00 2.252769470214843750e+00 6.557550430297851562e+00 -1.632757857441902161e-02 -6.739876747131347656e+00 -2.919347286224365234e+00 -3.737286329269409180e+00 3.532838821411132812e-01 5.122264862060546875e+00 1.069662451744079590e+00 -5.233257293701171875e+00
1 1.042199969291687012e+00 -4.126933097839355469e+00 1.499747633934020996e+00 3.289058685302734375e+00 1.437598586082458496e+00 2.786489129066467285e-01 4.429663658142089844e+00 1.853828430175781250e+01 -1.086820507049560547e+01 -1.523891448974609375e+01 1.508167266845703125e+00 -1.229313492774963379e+00 5.512074947357177734e+00
1 1.042199969291687012e+00 2.480538189411163330e-01 -2.968790531158447266e+00 1.539182901382446289e+00 7.906555175781250000e+00 5.336574316024780273e-01 4.486028194427490234e+00 5.277304649353027344e+00 3.951746702194213867e+00 1.041874885559082031e-01 7.675763130187988281e+00 1.633684396743774414e+00 5.045335769653320312e+00
1 1.042199969291687012e+00 -1.319893360137939453e+00 2.332987546920776367e+00 1.727571725845336914e+00 -5.509928226470947266e+00 7.415196418762207031e+00 8.109625577926635742e-01 1.823210906982421875e+01 -1.300481414794921875e+01 -7.078449726104736328e-01 -3.827222585678100586e+00 7.267672538757324219e+00 2.641189098358154297e+00
1 1.042199969291687012e+00 2.257476001977920532e-01 2.507900714874267578e+00 -1.132918477058410645e+00 -8.787463903427124023e-01 8.554545402526855469e+00 -4.831532478332519531e+00 2.543680429458618164e+00 1.146877384185791016e+01 3.394762277603149414e+00 -1.666801214218139648e+00 7.045007705688476562e+00 -3.820358037948608398e+00
1 1.042199969291687012e+00 4.094878196716308594e+00 1.072436094284057617e+00 -1.566890716552734375e+00 -4.162050485610961914e-01 4.965808868408203125e+00 -6.140045166015625000e+00 4.753129959106445312e+00 -5.261439323425292969e+00 -5.376508712768554688e+00 -7.352545261383056641e-01 4.174986362457275391e+00 -4.661258697509765625e+00
1 1.042199969291687012e+00 2.086028814315795898e+00 2.859934568405151367e-01 5.558818817138671875e+00 -2.031047344207763672e+00 1.424552440643310547e+00 7.110799312591552734e+00 -3.380522727966308594e-01 -1.660170912742614746e+00 -4.613054275512695312e+00 -2.754151821136474609e+00 3.197687864303588867e-01 4.357345581054687500e+00
1 1.042199969291687012e+00 1.472887039184570312e+00 -2.585814952850341797e+00 -4.640846729278564453e+00 8.737682104110717773e-01 3.704387187957763672e+00 -2.405245780944824219e+00 -6.260162353515625000e+00 4.815536499023437500e+00 4.634938716888427734e+00 8.220348358154296875e-01 3.337291955947875977e+00 -2.490913867950439453e+00
1 1.042199969291687012e+00 -1.221411675214767456e-01 -1.147529602050781250e+00 -1.565468072891235352e+00 -4.811373710632324219e+00 -1.521147012710571289e+00 7.865015029907226562e+00 -2.852197265625000000e+01 4.378552246093750000e+01 3.310167312622070312e+01 -3.446741580963134766e+00 -1.328185796737670898e+00 7.877254962921142578e+00
1 1.042199969291687012e+00 1.376191377639770508e+00 -2.341008186340332031e+00 2.861652851104736328e+00 3.533968925476074219e+00 6.885240077972412109e-01 7.571707725524902344e+00 -7.984575271606445312e+00 4.949764251708984375e+00 -2.987195968627929688e+01 3.750988006591796875e+00 2.649739570915699005e-02 8.036468505859375000e+00
1 1.042199969291687012e+00 1.084868192672729492e+00 -4.766985177993774414e-01 -3.619060516357421875e-01 -4.713072478771209717e-01 5.500205039978027344e+00 7.602732658386230469e+00 -3.241760253906250000e+01 2.859873771667480469e+00 -3.405940532684326172e-01 -1.979395866394042969e+00 3.862795352935791016e+00 9.198827743530273438e+00
1 1.042199969291687012e+00 1.798853874206542969e+00 -1.035990238189697266e+00 4.115986824035644531e+00 2.833577394485473633e+00 5.121910095214843750e+00 6.518030643463134766e+00 -3.551936388015747070e+00 1.206429004669189453e+01 -8.662912368774414062e+00 3.343873739242553711e+00 3.657843828201293945e+00 6.362931251525878906e+00
1 1.042199969291687012e+00 1.305022478103637695e+00 -1.313424468040466309e+00 1.307863593101501465e+00 -3.307259559631347656e+00 1.574538946151733398e+00 -7.749048233032226562e+00 -3.487757873535156250e+01 -3.346397018432617188e+01 -3.540439224243164062e+01 -1.067312598228454590e+00 1.133937954902648926e+00 -9.433355331420898438e+00
1 1.042199969291687012e+00 5.663775444030761719e+00 -1.266877651214599609e+00 6.541175842285156250e-01 2.253153085708618164e+00 -1.431920051574707031e+00 3.863097190856933594e+00 -1.001100349426269531e+01 -4.763014316558837891e-01 -4.376098155975341797e+00 9.061725139617919922e-01 -3.516705751419067383e+00 4.689424991607666016e+00
1 1.042199969291687012e+00 -5.839281082153320312e-01 1.046211242675781250e+00 -4.708411693572998047e+00 4.170914739370346069e-02 -7.365910530090332031e+00 2.774820089340209961e+00 -4.286231040954589844e+00 -8.027149200439453125e+00 2.056092453002929688e+01 2.657309770584106445e-01 -6.745265960693359375e+00 4.330855369567871094e+00
1 1.042199969291687012e+00 -3.886412978172302246e-01 -4.962816834449768066e-03 -2.954168796539306641e+00 -7.681183815002441406e+00 4.706599116325378418e-01 4.053808689117431641e+00 1.292160606384277344e+01 -1.129656791687011719e+01 -2.437260437011718750e+01 -6.163262844085693359e+00 3.255340456962585449e-01 4.170366764068603516e+00
1 1.042199969291687012e+00 1.596589088439941406e+00 1.571456193923950195e+00 -2.039315700531005859e+00 8.745622634887695312e+00 3.534527301788330078e+00 -4.002507686614990234e+00 -1.867771148681640625e+01 -2.387865257263183594e+01 1.513005733489990234e+01 6.105307579040527344e+00 2.672484397888183594e+00 -3.622993707656860352e+00
1 1.042199969291687012e+00 -2.828602194786071777e-01 1.145678043365478516e+00 2.703094482421875000e+00 9.295385360717773438e+00 -8.600851893424987793e-01 -1.156607866287231445e+00 -1.200619506835937500e+01 -1.474626827239990234e+01 5.934267997741699219e+00 7.680607318878173828e+00 2.590066194534301758e-01 -4.087281703948974609e+00
1 1.042199969291687012e+00 -2.428612947463989258e+00 -9.851936101913452148e-01 7.424405217170715332e-01 -5.808764696121215820e-01 -6.881273746490478516e+00 -5.782623291015625000e+00 4.147195816040039062e+01 8.838777542114257812e+00 -1.053938579559326172e+01 3.335786238312721252e-02 -6.570493698120117188e+00 -7.899045467376708984e+00
1 1.042199969291687012e+00 1.538507699966430664e+00 9.002127647399902344e-01 2.375670671463012695e+00 2.698934316635131836e+00 8.207905769348144531e+00 -3.020034790039062500e+00 9.410039901733398438e+00 1.074602890014648438e+01 1.226767921447753906e+01 2.392601490020751953e+00 7.140315532684326172e+00 -3.736339509487152100e-01
1 1.042199969291687012e+00 2.022159844636917114e-01 -4.958390712738037109e+00 1.527372717857360840e+00 -3.463740587234497070e+00 1.201861977577209473e+00 -1.334011316299438477e+00 -1.251883125305175781e+01 1.203963851928710938e+01 -9.997017860412597656e+00 -3.927384853363037109e+00 -4.497117400169372559e-01 -1.680515527725219727e+00
1 1.042199969291687012e+00 3.847794532775878906e+00 1.005802154541015625e+00 5.206133365631103516e+00 4.866299629211425781e-01 5.006619453430175781e+00 1.992216467857360840e+00 2.184178352355957031e+00 6.018497467041015625e+00 -6.828930377960205078e+00 1.331070438027381897e-03 7.063883781433105469e+00 7.542648911476135254e-02
1 1.042199969291687012e+00 6.208357214927673340e-02 7.469883561134338379e-01 -1.376969099044799805e+00 5.486132621765136719e+00 -5.621755599975585938e+00 -4.708308219909667969e+00 1.601577758789062500e+01 -1.746591949462890625e+01 5.995607376098632812e-01 6.233880996704101562e+00 -7.923558235168457031e+00 -4.077827453613281250e+00
1 1.042199969291687012e+00 5.903302669525146484e+00 1.104496121406555176e+00 -2.045066118240356445e+00 -4.824249267578125000e+00 2.796476840972900391e+00 1.824167966842651367e+00 -1.875018692016601562e+01 -5.646062850952148438e+00 8.968496322631835938e-02 -2.728109598159790039e+00 1.541422605514526367e+00 2.232931852340698242e+00
1 1.042199969291687012e+00 -1.314955353736877441e+00 3.561057567596435547e+00 -1.221129417419433594e+00 4.647725582122802734e+00 -6.410418510437011719e+00 5.479455590248107910e-01 1.801886367797851562e+01 1.063697910308837891e+01 1.757664108276367188e+01 6.084854602813720703e+00 -4.678259372711181641e+00 9.133059978485107422e-01
1 1.042199969291687012e+00 2.470246315002441406e+00 -7.927039861679077148e-01 2.441597461700439453e+00 2.677347421646118164e+00 -8.547117233276367188e+00 -1.132647752761840820e+00 1.464001655578613281e+01 9.820461273193359375e+00 1.635307693481445312e+01 3.986653089523315430e+00 -8.235713958740234375e+00 -2.590527296066284180e+00
1 1.042199969291687012e+00 5.832293033599853516e+00 -9.823825359344482422e-01 -1.411361694335937500e+00 -2.764371871948242188e+00 -1.473647356033325195e+00 6.493136882781982422e-01 -5.931829929351806641e+00 8.453545570373535156e+00 5.324728965759277344e+00 -3.806989908218383789e+00 3.817320466041564941e-01 8.652691841125488281e-01
1 1.042199969291687012e+00 -1.673775911331176758e+00 3.011665344238281250e+00 -2.892230033874511719e+00 -2.609736442565917969e+00 -3.188971519470214844e+00 -2.360163211822509766e+00 -2.250452995300292969e+00 -3.299302816390991211e+00 -5.742705345153808594e+00 -2.902311563491821289e+00 -3.396154403686523438e+00 -4.107097148895263672e+00
1 1.042199969291687012e+00 4.199194431304931641e+00 -2.382547140121459961e+00 1.274912357330322266e-01 6.755309581756591797e+00 -4.495317935943603516e+00 -1.080258369445800781e+00 -1.082104587554931641e+01 1.027284240722656250e+01 -3.069360494613647461e+00 4.972707271575927734e+00 -5.803359508514404297e+00 -1.624190330505371094e+00
1 1.042199969291687012e+00 3.402843326330184937e-02 -1.940645694732666016e+00 -2.594772167503833771e-02 3.316455841064453125e+00 4.120375156402587891e+00 -7.954677581787109375e+00 1.631661033630371094e+01 -9.129702568054199219e+00 1.559511089324951172e+01 3.780838251113891602e+00 3.713011980056762695e+00 -6.213270187377929688e+00
1 1.042199969291687012e+00 2.946272134780883789e+00 -2.992929220199584961e+00 -1.127276182174682617e+00 2.979867458343505859e+00 -6.680277824401855469e+00 2.507211685180664062e+00 -7.363508224487304688e+00 8.450088500976562500e-01 1.704761886596679688e+01 4.420702457427978516e+00 -4.933973312377929688e+00 4.199673175811767578e+00
1 1.042199969291687012e+00 -2.522683620452880859e+00 -3.301637649536132812e+00 3.668339729309082031e+00 -1.470695972442626953e+00 5.142335891723632812e+00 -2.397674083709716797e+00 6.919538497924804688e+00 9.967758178710937500e+00 -5.566270828247070312e+00 -4.311042651534080505e-02 5.794192790985107422e+00 -2.982513666152954102e+00
1 1.042199969291687012e+00 -1.121297776699066162e-01 2.926466941833496094e+00 -4.430571079254150391e+00 6.938499450683593750e+00 1.026696562767028809e+00 -1.563532829284667969e+00 -7.957090735435485840e-01 -9.498746871948242188e+00 5.689227581024169922e+00 5.134492397308349609e+00 1.531439423561096191e-01 -6.850693821907043457e-01
1 1.042199969291687012e+00 -3.915911674499511719e+00 3.245429515838623047e+00 9.923889636993408203e-01 6.537652015686035156e-01 -4.810756206512451172e+00 -1.356368780136108398e+00 1.495785140991210938e+01 -7.418426513671875000e+00 8.801622390747070312e+00 1.348803043365478516e+00 -4.026754856109619141e+00 -2.459392249584197998e-01
1 1.042199969291687012e+00 -4.861057400703430176e-01 -4.752287864685058594e+00 -1.821487426757812500e+00 5.550871789455413818e-02 -7.130560874938964844e-01 -3.347328186035156250e+00 -2.589790821075439453e+00 1.145154380798339844e+01 -4.777862548828125000e+00 -3.773940801620483398e-01 -1.158455848693847656e+00 -5.125849246978759766e+00
1 1.042199969291687012e+00 3.723612308502197266e+00 9.624499082565307617e-01 3.343094885349273682e-01 -6.158917903900146484e+00 7.652337074279785156e+00 -2.597285747528076172e+00 -4.398736953735351562e+00 -1.309188652038574219e+01 2.145038843154907227e+00 -4.767090320587158203e+00 5.703871726989746094e+00 -4.254342079162597656e+00
1 1.042199969291687012e+00 1.122905492782592773e+00 1.796337127685546875e+00 -5.427429676055908203e+00 1.996243238449096680e+00 -3.471384048461914062e+00 6.625741958618164062e+00 1.661094188690185547e+00 -6.387655258178710938e+00 2.097388839721679688e+01 1.300005197525024414e+00 -1.462988495826721191e+00 4.744764804840087891e+00
1 1.042199969291687012e+00 3.704409599304199219e+00 3.831332206726074219e+00 -1.182831168174743652e+00 4.026216506958007812e+00 2.452547550201416016e+00 -3.489168643951416016e+00 -1.491408157348632812e+01 -9.051170349121093750e+00 -3.618330717086791992e+00 3.346477985382080078e+00 1.028273105621337891e+00 -4.478761196136474609e+00
1 1.042199969291687012e+00 -3.233778476715087891e+00 9.589602947235107422e-01 -1.794582843780517578e+00 1.575629472732543945e+00 6.818353652954101562e+00 7.756572961807250977e-01 3.793954849243164062e+01 1.427703475952148438e+01 3.911498546600341797e+00 2.324516773223876953e+00 8.059362411499023438e+00 -7.274848818778991699e-01
1 1.042199969291687012e+00 4.550323963165283203e+00 1.642990827560424805e+00 3.391758918762207031e+00 3.142740428447723389e-01 -7.394392490386962891e-01 -1.189357519149780273e+00 -8.711591720581054688e+00 -1.487207794189453125e+01 -5.270935058593750000e+00 3.450697064399719238e-01 -5.920944213867187500e-01 -1.808484792709350586e+00
1 1.042199969291687012e+00 3.323763012886047363e-01 4.398163318634033203e+00 -8.506852388381958008e-01 -6.704244613647460938e+00 3.369829654693603516e+00 -2.292574405670166016e+00 6.166262626647949219e+00 -1.170951557159423828e+01 -9.750552177429199219e+00 -7.943538188934326172e+00 1.971349120140075684e+00 -3.239694356918334961e+00
1 1.042199969291687012e+00 -3.095664501190185547e+00 -7.524211406707763672e-01 -1.005093574523925781e+00 -4.816057682037353516e+00 -1.738140821456909180e+00 -8.005549430847167969e+00 -2.065685653686523438e+01 1.502122116088867188e+01 1.843992042541503906e+01 -4.345174789428710938e+00 -2.984379768371582031e+00 -5.834682941436767578e+00
1 1.042199969291687012e+00 2.182171106338500977e+00 1.292613297700881958e-01 8.590096235275268555e-01 5.462190628051757812e+00 7.059885978698730469e+00 2.536622524261474609e+00 2.611923599243164062e+01 1.853273963928222656e+01 -4.764128684997558594e+00 4.286669731140136719e+00 8.344340324401855469e+00 2.119131088256835938e+00
1 1.042199969291687012e+00 1.723247766494750977e+00 3.604063510894775391e+00 2.031878471374511719e+00 3.761379718780517578e+00 -6.216308116912841797e+00 6.382772445678710938e+00 -3.262424230575561523e+00 -7.517310619354248047e+00 -9.084683418273925781e+00 1.924349308013916016e+00 -5.311922073364257812e+00 3.812422752380371094e+00
1 1.042199969291687012e+00 2.114492177963256836e+00 2.062502145767211914e+00 4.731036663055419922e+00 -3.265626907348632812e+00 3.665760993957519531e+00 -1.949367523193359375e+00 -1.964089012145996094e+01 -7.197950839996337891e+00 1.061696147918701172e+01 -2.274966001510620117e+00 2.941853284835815430e+00 -3.144581079483032227e+00
1 1.042199969291687012e+00 -1.202212810516357422e+00 -3.930349349975585938e+00 2.415170192718505859e+00 4.663953185081481934e-01 -3.963002681732177734e+00 6.037806034088134766e+00 -7.625641822814941406e+00 3.170486927032470703e+00 -1.208264160156250000e+01 1.054683208465576172e+00 -2.011137962341308594e+00 3.441139698028564453e+00
1 1.042199969291687012e+00 4.884279370307922363e-01 -1.826525688171386719e+00 -2.976680278778076172e+00 -5.088788032531738281e+00 3.992314338684082031e+00 -6.269001007080078125e+00 2.183873176574707031e+00 -1.968823432922363281e+01 -3.921585464477539062e+01 -4.276310443878173828e+00 6.536434650421142578e+00 -4.255480289459228516e+00
1 1.042199969291687012e+00 -3.146934270858764648e+00 -3.559213161468505859e+00 1.716278076171875000e+00 5.280377864837646484e-01 3.209457635879516602e+00 2.021389484405517578e+00 3.349340915679931641e+00 1.211488342285156250e+01 -1.191056251525878906e+00 -8.370241522789001465e-01 3.284393072128295898e+00 1.899652004241943359e+00
1 1.042199969291687012e+00 -2.835298299789428711e+00 -4.818466901779174805e-01 -2.924884319305419922e+00 4.738583564758300781e+00 4.771537780761718750e+00 5.411649703979492188e+00 -4.369209766387939453e+00 -6.702299118041992188e+00 4.862133979797363281e+00 5.381784915924072266e+00 3.506622314453125000e+00 6.361620426177978516e+00
1 1.042199969291687012e+00 5.368968844413757324e-01 2.116531848907470703e+00 1.411739230155944824e+00 -1.246381998062133789e+00 -4.501022815704345703e+00 7.774673938751220703e+00 3.616531372070312500e+00 2.107228088378906250e+01 4.514104843139648438e+00 -2.315297842025756836e+00 -3.207319259643554688e+00 8.185053825378417969e+00
1 1.042199969291687012e+00 -1.451217651367187500e+00 1.720231533050537109e+00 -1.529415845870971680e+00 8.696542739868164062e+00 3.238703250885009766e+00 1.735179424285888672e+00 -1.778406143188476562e+00 1.683450698852539062e+01 3.623945999145507812e+01 8.252795219421386719e+00 2.253576040267944336e+00 1.734558224678039551e+00
1 1.042199969291687012e+00 3.202305793762207031e+00 2.290655136108398438e+00 -2.634579658508300781e+00 -7.066786766052246094e+00 -2.387323141098022461e+00 -8.540641069412231445e-01 -5.168147087097167969e+00 4.356630325317382812e+00 9.019900321960449219e+00 -6.223734855651855469e+00 -1.698294281959533691e+00 -1.827053666114807129e+00
1 1.042199969291687012e+00 -4.728075504302978516e+00 1.582124233245849609e-01 -1.307777047157287598e+00 -5.695205688476562500e+00 -5.195490121841430664e-01 7.134741544723510742e-01 -4.973132133483886719e+00 -8.091588020324707031e+00 1.945929718017578125e+01 -4.642687320709228516e+00 3.532132506370544434e-01 1.100744128227233887e+00
1 1.042199969291687012e+00 -1.547713130712509155e-01 1.846250772476196289e+00 -2.939601421356201172e+00 -6.622620582580566406e+00 4.799340248107910156e+00 4.910344600677490234e+00 2.442501831054687500e+01 -1.099271106719970703e+01 1.931897354125976562e+01 -5.667112350463867188e+00 5.456934452056884766e+00 3.297753334045410156e+00
1 1.042199969291687012e+00 -1.829513788223266602e+00 1.105923056602478027e+00 -3.111868381500244141e+00 4.986229419708251953e+00 -6.616431474685668945e-01 5.738403320312500000e+00 -7.628556728363037109e+00 -2.257642745971679688e+00 -2.106049728393554688e+01 4.658931732177734375e+00 -4.032273888587951660e-01 6.333212852478027344e+00
1 1.042199969291687012e+00 1.639637231826782227e+00 2.616000175476074219e+00 -3.545609474182128906e+00 -1.000944852828979492e+00 1.827233076095581055e+00 5.269374847412109375e+00 -2.087962913513183594e+01 -1.684774398803710938e+01 1.378175067901611328e+01 -3.320567846298217773e+00 -6.066554784774780273e-01 5.807401657104492188e+00
1 1.042199969291687012e+00 -7.985368371009826660e-02 -1.033468008041381836e+00 4.350381851196289062e+00 2.519529342651367188e+00 -5.146739482879638672e+00 -3.583988666534423828e+00 -3.979761362075805664e+00 1.226347541809082031e+01 8.274765014648437500e+00 2.839421033859252930e+00 -6.813918113708496094e+00 -2.329515457153320312e+00
1 1.042199969291687012e+00 -8.839411735534667969e-01 5.480558395385742188e+00 -1.915156126022338867e+00 3.871543407440185547e+00 -1.151128411293029785e+00 5.616075992584228516e-01 2.589831352233886719e+00 -2.384222412109375000e+01 -5.276192188262939453e+00 2.315922975540161133e+00 -1.293970704078674316e+00 2.015792846679687500e+00
1 1.042199969291687012e+00 -1.111098051071166992e+00 5.250996112823486328e+00 1.806205511093139648e-02 1.880324602127075195e+00 3.325586795806884766e+00 -3.184213042259216309e-01 -3.604060649871826172e+00 -1.331379699707031250e+01 1.221685886383056641e+01 2.427001953125000000e+00 4.057212352752685547e+00 -2.843779027462005615e-01
1 1.042199969291687012e+00 -3.200059652328491211e+00 -2.343324661254882812e+00 -1.845083713531494141e+00 5.386900901794433594e+00 -2.177657604217529297e+00 2.258871793746948242e+00 2.481225013732910156e+01 -1.563103103637695312e+01 -3.663179397583007812e+00 2.917898416519165039e+00 -3.730505228042602539e+00 1.812476158142089844e+00
1 1.042199969291687012e+00 2.585334062576293945e+00 -1.405532598495483398e+00 -1.095268130302429199e-01 8.806473731994628906e+00 -2.194279432296752930e+00 1.206533312797546387e+00 7.950255870819091797e+00 -2.236495494842529297e+00 3.161421203613281250e+01 8.537248611450195312e+00 -2.977828502655029297e+00 3.476396560668945312e+00
1 1.042199969291687012e+00 -2.834478616714477539e+00 1.242336034774780273e-01 4.304389476776123047e+00 -3.176133871078491211e+00 3.701667308807373047e+00 2.973227024078369141e+00 -9.333419799804687500e-02 3.177497148513793945e+00 -8.601761817932128906e+00 -3.208994865417480469e+00 2.784797191619873047e+00 4.055788040161132812e+00
1 1.042199969291687012e+00 1.779490709304809570e+00 3.391144752502441406e+00 -1.662059545516967773e+00 -5.417084693908691406e+00 2.517514705657958984e+00 7.625478744506835938e+00 6.276627063751220703e+00 -1.659954833984375000e+01 -6.174724102020263672e+00 -2.808765649795532227e+00 1.462733149528503418e+00 6.357339382171630859e+00
1 1.042199969291687012e+00 -2.833490371704101562e+00 -2.173516511917114258e+00 -3.926329612731933594e+00 -3.323984861373901367e+00 -4.451276779174804688e+00 9.057785272598266602e-01 -1.982352733612060547e+00 6.278978347778320312e+00 9.920602798461914062e+00 -2.832122325897216797e+00 -4.368869781494140625e+00 9.312763214111328125e-01
1 1.042199969291687012e+00 2.793527126312255859e+00 1.300727128982543945e+00 -4.520027160644531250e+00 1.396363735198974609e+00 3.332021474838256836e+00 4.438669204711914062e+00 -1.516824531555175781e+01 6.777470111846923828e+00 4.758237361907958984e+00 3.603916883468627930e+00 2.612396240234375000e+00 3.186420440673828125e+00
1 1.042199969291687012e+00 3.034204959869384766e+00 4.279843330383300781e+00 -2.982196569442749023e+00 4.445269107818603516e-01 -5.798799544572830200e-02 -4.933683395385742188e+00 -1.383082962036132812e+01 -1.063375663757324219e+01 1.733429527282714844e+01 4.786137044429779053e-01 8.141428232192993164e-01 -4.240262031555175781e+00
1 1.042199969291687012e+00 -4.782032012939453125e+00 2.155744075775146484e+00 -1.964693307876586914e+00 -2.460071563720703125e+00 8.060560226440429688e-01 -4.140574455261230469e+00 3.956107139587402344e+00 -1.352732372283935547e+01 5.576581001281738281e+00 -2.099526882171630859e+00 1.535680890083312988e+00 -4.139903068542480469e+00
1 1.042199969291687012e+00 -6.542689800262451172e-01 -2.571389913558959961e+00 -4.344204425811767578e+00 3.754917144775390625e+00 -1.358984231948852539e+00 -2.002409934997558594e+00 3.352732658386230469e+00 9.096891403198242188e+00 1.425299263000488281e+01 3.092065095901489258e+00 -1.621069669723510742e+00 -1.586863994598388672e+00
1 1.042199969291687012e+00 2.183974266052246094e+00 4.882175445556640625e+00 -4.870124459266662598e-01 6.515195369720458984e+00 5.695878505706787109e+00 -3.592314720153808594e-01 -3.618752717971801758e+00 -9.567337036132812500e+00 -8.232083320617675781e+00 4.495888710021972656e+00 5.212425231933593750e+00 -1.727600336074829102e+00
1 1.042199969291687012e+00 -4.078296184539794922e+00 -1.541262865066528320e+00 1.417267560958862305e+00 4.872599601745605469e+00 3.380423545837402344e+00 2.367389440536499023e+00 1.747944641113281250e+01 2.571327972412109375e+01 6.219357967376708984e+00 4.699416637420654297e+00 1.472401022911071777e+00 -4.189752340316772461e-01
1 1.042199969291687012e+00 -5.043012142181396484e+00 -1.461956948041915894e-01 2.444409370422363281e+00 3.920906066894531250e+00 1.298737168312072754e+00 -3.097407817840576172e+00 2.684991455078125000e+01 -3.048430442810058594e+00 2.479457855224609375e+00 5.268457889556884766e+00 1.627761721611022949e+00 -3.763642311096191406e+00
1 1.042199969291687012e+00 1.414368033409118652e+00 3.286676406860351562e+00 1.914656609296798706e-01 1.150941133499145508e+00 8.124958992004394531e+00 4.483459949493408203e+00 -9.396634101867675781e+00 -1.868731307983398438e+01 -2.848566293716430664e+00 1.733569383621215820e+00 9.116561889648437500e+00 2.775056600570678711e+00
1 1.042199969291687012e+00 4.569122791290283203e+00 -2.348925113677978516e+00 -1.813365221023559570e+00 2.377043664455413818e-01 -4.735603809356689453e+00 -4.698421955108642578e+00 -1.878367996215820312e+01 7.731022834777832031e+00 4.947211742401123047e-01 -1.274834990501403809e+00 -4.047739028930664062e+00 -2.606938600540161133e+00
1 1.042199969291687012e+00 1.628412485122680664e+00 -2.897421836853027344e+00 3.857474327087402344e-01 -5.584501266479492188e+00 -8.023633956909179688e+00 -9.061619043350219727e-01 -9.928077697753906250e+00 1.308567047119140625e+00 -1.977079391479492188e+01 -4.171437740325927734e+00 -6.004069805145263672e+00 -2.282089710235595703e+00
1 1.042199969291687012e+00 4.722940444946289062e+00 2.422912120819091797e+00 -3.557941317558288574e-01 -4.183189392089843750e+00 4.460124969482421875e-01 -4.454262733459472656e+00 4.896183013916015625e-01 -5.203010559082031250e+00 -1.317187666893005371e+00 -3.094026088714599609e+00 -1.316865801811218262e+00 -3.102517843246459961e+00
1 1.042199969291687012e+00 -9.963501691818237305e-01 7.830861210823059082e-01 4.407330989837646484e+00 -1.232492446899414062e+00 -7.117062568664550781e+00 1.860102176666259766e+00 7.781947135925292969e+00 -5.385817050933837891e+00 -1.455609512329101562e+01 -1.964060068130493164e-01 -6.454948425292968750e+00 2.627337932586669922e+00
1 1.042199969291687012e+00 -1.176818311214447021e-01 -3.741580963134765625e+00 -1.056162267923355103e-01 -9.569298744201660156e+00 -6.339577026665210724e-03 -1.140810489654541016e+00 -7.260164737701416016e+00 -6.267609596252441406e+00 1.774604034423828125e+01 -7.428161144256591797e+00 3.970887660980224609e-01 -5.202054381370544434e-01
1 1.042199969291687012e+00 1.379258990287780762e+00 1.968220472335815430e+00 6.652872562408447266e+00 -3.109319448471069336e+00 -2.657128095626831055e+00 -3.465285062789916992e+00 -3.319225311279296875e-01 -2.139111137390136719e+01 -1.369089508056640625e+01 -2.290084600448608398e+00 -1.542796492576599121e+00 -2.102956295013427734e+00
1 1.042199969291687012e+00 -1.918386459350585938e+00 -3.602640628814697266e+00 -9.356135129928588867e-01 -6.467297554016113281e+00 3.959369659423828125e+00 -1.795681715011596680e-01 9.654663085937500000e+00 1.714826011657714844e+01 -5.229695320129394531e+00 -6.679772853851318359e+00 4.336531639099121094e+00 -2.763051688671112061e-01
1 1.042199969291687012e+00 4.058418273925781250e+00 -6.228832602500915527e-01 -8.068177700042724609e-01 -5.064365863800048828e+00 -3.817370414733886719e+00 5.149333477020263672e+00 3.668038558959960938e+01 -3.310849666595458984e+00 3.620260620117187500e+01 -4.248457908630371094e+00 -2.304725408554077148e+00 5.083846092224121094e+00
1 1.042199969291687012e+00 2.875067234039306641e+00 4.336606860160827637e-01 -2.847252368927001953e+00 -2.421758174896240234e+00 6.257682800292968750e+00 -1.558791160583496094e+00 -1.847179031372070312e+01 -1.202070331573486328e+01 7.960646629333496094e+00 -1.239150762557983398e+00 4.863176345825195312e+00 -8.980823159217834473e-01
1 1.042199969291687012e+00 2.744553089141845703e-01 4.094328880310058594e+00 4.185735702514648438e+00 2.651457786560058594e+00 -2.605904102325439453e+00 -3.506624698638916016e+00 -1.071703338623046875e+01 -4.863671302795410156e+00 -2.041951370239257812e+01 3.279199123382568359e+00 -6.507834196090698242e-01 -3.483220100402832031e+00
1 1.042199969291687012e+00 1.210395932197570801e+00 6.625211238861083984e-01 -3.713851451873779297e+00 -2.172883987426757812e+00 6.145068645477294922e+00 3.480587005615234375e+00 -1.248216819763183594e+01 1.189076042175292969e+01 9.057529449462890625e+00 -2.868046522140502930e+00 4.991274356842041016e+00 1.191501498222351074e+00
1 1.042199969291687012e+00 -3.876820087432861328e+00 1.349809318780899048e-01 5.730834007263183594e-01 -7.048451423645019531e+00 -4.746958732604980469e+00 -1.223312914371490479e-01 4.244801044464111328e+00 -1.021973323822021484e+01 -9.860120773315429688e+00 -6.926037311553955078e+00 -4.964447021484375000e+00 -1.045726060867309570e+00
1 1.042199969291687012e+00 -5.021399497985839844e+00 1.551462173461914062e+00 1.478654146194458008e+00 -6.447169303894042969e+00 -1.919688224792480469e+00 -3.762963771820068359e+00 3.002533340454101562e+01 4.050454139709472656e+00 1.445772647857666016e+00 -6.185977935791015625e+00 -1.544834375381469727e+00 -3.842314243316650391e+00
1 1.042199969291687012e+00 1.616721600294113159e-01 2.273827314376831055e+00 5.054189682006835938e+00 -6.999024391174316406e+00 2.623215198516845703e+00 2.105764865875244141e+00 -1.063924193382263184e+00 -2.913282966613769531e+01 -1.593149280548095703e+01 -7.705540180206298828e+00 6.620745658874511719e-01 1.997906327247619629e+00
1 1.042199969291687012e+00 -8.844010829925537109e-01 4.565100193023681641e+00 -3.805932044982910156e+00 -2.312874555587768555e+00 1.845523357391357422e+00 -1.143354400992393494e-01 -1.053255844116210938e+01 5.703877449035644531e+00 3.812958955764770508e+00 -2.208390474319458008e+00 3.250833034515380859e+00 -1.804973185062408447e-01
1 1.042199969291687012e+00 -2.826026916503906250e+00 4.678518295288085938e+00 -2.122750043869018555e+00 -1.277737140655517578e+00 -2.330192804336547852e+00 3.138193607330322266e+00 1.504287052154541016e+01 -1.846301651000976562e+01 -7.169476032257080078e+00 4.114578366279602051e-01 -3.225206851959228516e+00 5.170731544494628906e+00
