0 1.042199969291687012e+00 -2.047424793243408203e+00 5.525884628295898438e-01 1.966315507888793945e+00 -2.838621854782104492e+00 1.311868190765380859e+00 2.420920610427856445e+00 1.598174095153808594e+00 -1.110102891921997070e+00 -1.738098859786987305e+00 -2.374344825744628906e+00 1.198002457618713379e+00 1.998729348182678223e+00
0 1.042199969291687012e+00 -5.392586588859558105e-01 -1.847974300384521484e+00 -5.295760631561279297e-01 4.034889221191406250e+00 8.929889202117919922e-01 -3.911865949630737305e-01 5.784102439880371094e+00 4.057664394378662109e+00 2.114258766174316406e+00 3.941511392593383789e+00 8.146874904632568359e-01 -2.337550967931747437e-01
0 1.042199969291687012e+00 1.292481422424316406e+00 1.599312067031860352e+00 1.926231145858764648e+00 1.414420485496520996e+00 3.436479091644287109e+00 2.270464897155761719e-01 -2.992166996002197266e+00 -3.993488788604736328e+00 -3.512246370315551758e+00 1.256251454353332520e+00 3.160221576690673828e+00 1.897718608379364014e-01
0 1.042199969291687012e+00 7.956687808036804199e-01 2.385629892349243164e+00 -1.716148853302001953e+00 2.867152690887451172e+00 -7.599455118179321289e-01 2.341731071472167969e+00 -1.770735025405883789e+00 -4.520032882690429688e+00 3.537127733230590820e+00 2.579380989074707031e+00 -9.743840694427490234e-01 2.157349109649658203e+00
0 1.042199969291687012e+00 4.652884006500244141e-01 7.726391553878784180e-01 -3.123534679412841797e+00 -9.791241586208343506e-02 1.691522121429443359e+00 3.445014476776123047e+00 -2.112705230712890625e+00 -2.928526163101196289e+00 6.627555370330810547e+00 -6.923061609268188477e-02 1.449364900588989258e+00 3.451285362243652344e+00
0 1.042199969291687012e+00 -2.358997464179992676e-01 -1.314476728439331055e+00 -3.713304519653320312e+00 -2.133119404315948486e-01 1.575580835342407227e-01 4.167377948760986328e-01 1.782090306282043457e+00 3.569866657257080078e+00 1.107062244415283203e+01 -1.935333013534545898e-01 7.200627028942108154e-02 -2.012355625629425049e-02
0 1.042199969291687012e+00 -8.703821897506713867e-01 -1.137915015220642090e+00 2.569574832916259766e+00 2.281094193458557129e-01 -2.372821569442749023e+00 2.928178310394287109e+00 2.016111850738525391e+00 3.811999082565307617e+00 -3.926327943801879883e+00 2.833624184131622314e-01 -1.894349217414855957e+00 2.855813503265380859e+00
0 1.042199969291687012e+00 -1.612395524978637695e+00 -4.302225112915039062e-01 -1.048063158988952637e+00 -1.526247024536132812e+00 3.722738265991210938e+00 5.469743013381958008e-01 1.508064627647399902e+00 7.446889877319335938e+00 1.545767664909362793e+00 -1.489931464195251465e+00 3.573732376098632812e+00 3.636255860328674316e-01
0 1.042199969291687012e+00 -3.272027969360351562e+00 -6.946889162063598633e-01 -1.912665843963623047e+00 1.286548495292663574e+00 -3.799158096313476562e+00 1.532555818557739258e-01 8.566408157348632812e+00 2.238011598587036133e+00 7.358833789825439453e+00 1.115913867950439453e+00 -3.113072872161865234e+00 1.445156484842300415e-01
0 1.042199969291687012e+00 -2.804563045501708984e+00 2.062627077102661133e+00 6.183439493179321289e-01 1.924288988113403320e+00 -5.170758962631225586e-01 -2.406652450561523438e+00 6.313592910766601562e+00 -4.897264480590820312e+00 -1.627761840820312500e+00 1.923238873481750488e+00 -8.700410723686218262e-01 -2.151229858398437500e+00
0 1.042199969291687012e+00 2.188904047012329102e+00 -1.856899023056030273e+00 1.148047685623168945e+00 2.660666227340698242e+00 -2.341541290283203125e+00 -9.552564620971679688e-01 -5.197861194610595703e-01 3.506207466125488281e-01 -4.730949401855468750e-01 2.442280530929565430e+00 -2.219445943832397461e+00 -8.866671323776245117e-01
0 1.042199969291687012e+00 4.365704655647277832e-01 -2.677006721496582031e+00 -1.988130569458007812e+00 -2.658037185668945312e+00 -1.058431148529052734e+00 2.504702568054199219e+00 -2.326940536499023438e+00 8.599492073059082031e+00 4.780790328979492188e+00 -2.294330835342407227e+00 -1.207119464874267578e+00 2.429654359817504883e+00
0 1.042199969291687012e+00 1.187613964080810547e+00 -5.686380863189697266e-01 2.593479156494140625e+00 -3.243077993392944336e-01 -4.433938264846801758e-01 -3.489390373229980469e+00 -2.082088470458984375e+00 2.768911838531494141e+00 -4.266925811767578125e+00 -7.237041592597961426e-01 -6.573590636253356934e-01 -3.265516281127929688e+00
0 1.042199969291687012e+00 1.460307359695434570e+00 -1.449998140335083008e+00 -6.901668906211853027e-01 1.785480499267578125e+00 1.915873765945434570e+00 -2.679864168167114258e+00 -3.558828353881835938e+00 3.927013397216796875e+00 1.300929546356201172e+00 1.747832536697387695e+00 2.173182010650634766e+00 -2.664539575576782227e+00
0 1.042199969291687012e+00 2.348357915878295898e+00 1.809288263320922852e+00 -1.494177877902984619e-01 -1.083119630813598633e+00 -3.390362262725830078e+00 1.749369502067565918e-01 -5.256361961364746094e+00 -1.946159839630126953e+00 2.940250158309936523e+00 -9.998206496238708496e-01 -3.048722267150878906e+00 6.948921084403991699e-02
0 1.042199969291687012e+00 -2.511151075363159180e+00 1.309384226799011230e+00 -1.394593000411987305e+00 -8.361833095550537109e-01 2.475221395492553711e+00 -2.676693439483642578e+00 3.043594837188720703e+00 -6.688327789306640625e+00 3.595264434814453125e+00 -1.077892780303955078e+00 2.307281732559204102e+00 -2.488149881362915039e+00
0 1.042199969291687012e+00 -1.190433144569396973e+00 -2.713064908981323242e+00 1.185285806655883789e+00 1.943796634674072266e+00 1.641283273696899414e+00 2.321531772613525391e+00 3.755366325378417969e+00 9.821451187133789062e+00 -5.022644519805908203e+00 1.850170373916625977e+00 1.463104367256164551e+00 2.337156772613525391e+00
0 1.042199969291687012e+00 -1.565747380256652832e+00 -1.959804296493530273e+00 -2.207887887954711914e+00 -1.589992284774780273e+00 -2.137933731079101562e+00 -2.577755928039550781e+00 3.385569095611572266e+00 2.331514358520507812e+00 2.857920885086059570e+00 -1.515928149223327637e+00 -2.031403064727783203e+00 -2.561868667602539062e+00
0 1.042199969291687012e+00 1.783848524093627930e+00 6.519619375467300415e-02 6.891694664955139160e-01 -3.441528081893920898e+00 1.409078598022460938e+00 -1.483270764350891113e+00 -6.370934486389160156e+00 -5.591149926185607910e-01 -2.609477996826171875e+00 -2.995452165603637695e+00 1.234282016754150391e+00 -1.339828848838806152e+00
0 1.042199969291687012e+00 -1.355318903923034668e+00 9.655814170837402344e-01 1.859413981437683105e-01 -3.691087245941162109e+00 -1.583897829055786133e+00 -1.160775572061538696e-01 3.627335548400878906e+00 1.399684667587280273e+00 -2.605553269386291504e-01 -3.405774116516113281e+00 -1.429969191551208496e+00 -3.857116997241973877e-01
1 1.042199969291687012e+00 3.844892978668212891e-01 -1.404459238052368164e+00 1.048284769058227539e+00 -7.807778120040893555e-01 3.040864706039428711e+00 -2.210880517959594727e+00 -8.985919952392578125e+00 3.764408111572265625e+00 -4.897798061370849609e+00 -7.695146799087524414e-01 3.052762508392333984e+00 -2.246326923370361328e+00
1 1.042199969291687012e+00 -1.398659706115722656e+00 -7.888894081115722656e-01 7.406452894210815430e-01 4.025029659271240234e+00 -1.642425656318664551e-01 1.291587710380554199e+00 1.199200916290283203e+01 -2.627238273620605469e+00 1.796944379806518555e+00 3.669425725936889648e+00 -2.847991883754730225e-01 1.315320849418640137e+00
1 1.042199969291687012e+00 -2.531232833862304688e+00 -1.964011669158935547e+00 -2.901160418987274170e-01 2.296480178833007812e+00 -1.821314543485641479e-02 -3.253156185150146484e+00 3.023484468460083008e+00 1.920235157012939453e+00 -1.588134050369262695e+00 2.493780374526977539e+00 3.330576419830322266e-02 -3.328520298004150391e+00
1 1.042199969291687012e+00 -9.862627089023590088e-02 3.713666200637817383e-01 1.473207592964172363e+00 7.204297184944152832e-02 -4.386872768402099609e+00 -5.522493273019790649e-02 5.930993556976318359e-01 -1.489458322525024414e+00 -5.289469718933105469e+00 -9.418493509292602539e-02 -3.812334775924682617e+00 1.816193163394927979e-01
1 1.042199969291687012e+00 5.374254584312438965e-01 -2.724277257919311523e+00 2.401553392410278320e+00 4.877395629882812500e-01 -6.398679018020629883e-01 -1.974094510078430176e+00 -1.540717840194702148e+00 8.594290733337402344e+00 -7.746199131011962891e+00 1.501542031764984131e-01 -6.225388646125793457e-01 -1.493593573570251465e+00
1 1.042199969291687012e+00 -3.101246356964111328e+00 -2.660742960870265961e-03 1.398116946220397949e-01 -7.542741298675537109e-01 4.031302928924560547e+00 7.196289300918579102e-01 6.618409156799316406e+00 1.805363535881042480e+00 1.250193119049072266e+00 -5.791919231414794922e-01 3.565290451049804688e+00 6.704987287521362305e-01
1 1.042199969291687012e+00 1.424965709447860718e-01 -1.245011538267135620e-01 -2.367346584796905518e-01 1.323306679725646973e+00 1.980243444442749023e+00 3.264258861541748047e+00 -3.481789827346801758e-01 3.195675134658813477e+00 6.151682138442993164e-02 1.324111104011535645e+00 1.925457835197448730e+00 3.370688676834106445e+00
1 1.042199969291687012e+00 -3.778372406959533691e-01 8.398891687393188477e-01 3.225924730300903320e+00 -2.917244732379913330e-01 -1.543735980987548828e+00 2.867103815078735352e+00 -1.022925376892089844e-01 -1.991576075553894043e+00 -2.678190708160400391e+00 -3.312438130378723145e-01 -1.500533223152160645e+00 2.826474428176879883e+00
1 1.042199969291687012e+00 1.515112161636352539e+00 5.121980905532836914e-01 -1.347277760505676270e+00 -2.862554550170898438e+00 -2.409724473953247070e+00 9.779586791992187500e-01 -7.063567638397216797e+00 -2.721671104431152344e+00 1.628788590431213379e+00 -2.712918043136596680e+00 -2.350338459014892578e+00 1.062817096710205078e+00
1 1.042199969291687012e+00 -1.565489411354064941e+00 7.940042018890380859e-02 -2.876046180725097656e+00 -1.653423309326171875e-01 -2.718911886215209961e+00 -2.461411952972412109e+00 5.048006057739257812e+00 2.332557439804077148e+00 2.423495769500732422e+00 -3.056878745555877686e-01 -2.848730802536010742e+00 -2.410626649856567383e+00
1 1.042199969291687012e+00 4.450073838233947754e-01 1.719807744026184082e+00 1.304732114076614380e-01 2.722749948501586914e+00 -2.365790843963623047e+00 -6.809277534484863281e-01 -3.454263687133789062e+00 -5.505501747131347656e+00 -1.767536878585815430e+00 3.128768205642700195e+00 -2.401883125305175781e+00 -6.983778476715087891e-01
1 1.042199969291687012e+00 3.339694067835807800e-02 -7.135976552963256836e-01 -1.932881951332092285e+00 1.675164222717285156e+00 -2.322580814361572266e+00 2.841255187988281250e+00 -3.243049621582031250e+00 -3.582180261611938477e+00 -4.614441394805908203e-01 1.495347261428833008e+00 -2.117773771286010742e+00 2.665246009826660156e+00
1 1.042199969291687012e+00 -1.271905064582824707e+00 -3.533304929733276367e+00 -7.822146415710449219e-01 -1.845149993896484375e+00 9.149806499481201172e-01 2.950382232666015625e+00 3.730731964111328125e+00 6.058365821838378906e+00 8.172760605812072754e-01 -1.551977872848510742e+00 6.303970813751220703e-01 2.860286474227905273e+00
1 1.042199969291687012e+00 -2.818056344985961914e+00 -1.402625799179077148e+00 1.742190361022949219e+00 -3.151452541351318359e+00 -1.661423563957214355e+00 -1.548481822013854980e+00 3.866559982299804688e+00 1.407132744789123535e+00 -2.540935993194580078e+00 -2.955340385437011719e+00 -1.259070634841918945e+00 -1.226136684417724609e+00
1 1.042199969291687012e+00 -5.360177755355834961e-01 1.049421191215515137e+00 -1.479771375656127930e+00 -1.519020557403564453e+00 3.272425532341003418e-01 -3.743248462677001953e+00 8.446790695190429688e+00 -6.745740890502929688e+00 2.563800096511840820e+00 -1.643740296363830566e+00 5.199506282806396484e-01 -3.613105535507202148e+00
1 1.042199969291687012e+00 -1.244622707366943359e+00 2.211871862411499023e+00 -2.772984504699707031e+00 1.164930462837219238e-01 2.146833837032318115e-01 4.821314811706542969e-01 4.862543106079101562e+00 -6.546417236328125000e+00 5.131244182586669922e+00 4.312294721603393555e-02 1.827352643013000488e-01 5.238915681838989258e-01
1 1.042199969291687012e+00 1.760586738586425781e+00 -1.010570883750915527e+00 -2.654512405395507812e+00 -3.449689626693725586e+00 1.732104063034057617e+00 -6.495347023010253906e-01 -6.296833992004394531e+00 1.440176963806152344e+00 4.514758586883544922e+00 -3.025328159332275391e+00 1.402036428451538086e+00 -7.572947740554809570e-01
1 1.042199969291687012e+00 6.718242168426513672e-01 -3.132004499435424805e+00 1.998664438724517822e-01 2.548079252243041992e+00 2.615159034729003906e+00 2.055274248123168945e-01 -9.010859131813049316e-01 4.934611320495605469e+00 -5.330969691276550293e-01 2.177001953125000000e+00 2.596673727035522461e+00 3.736121058464050293e-01
1 1.042199969291687012e+00 -8.246811628341674805e-01 2.198523521423339844e+00 1.605389237403869629e+00 -2.843632936477661133e+00 1.088711738586425781e+00 1.660650253295898438e+00 1.642073512077331543e+00 -3.660703659057617188e+00 -6.346803665161132812e+00 -2.926316499710083008e+00 1.079525470733642578e+00 1.420069217681884766e+00
1 1.042199969291687012e+00 -1.124975800514221191e+00 2.703184843063354492e+00 -6.631373167037963867e-01 2.551942586898803711e+00 2.035363674163818359e+00 -1.388963937759399414e+00 2.619474172592163086e+00 -3.775062799453735352e+00 5.208252906799316406e+00 2.413732767105102539e+00 2.209869146347045898e+00 -1.496541500091552734e+00
