0 1.042199969291687012e+00 -1.273616313934326172e+00 -8.945242166519165039e-01 -6.364085078239440918e-01 -2.725000143051147461e+00 -1.155207633972167969e+00 2.375830411911010742e-01 3.907705307006835938e+00 3.679263114929199219e+00 1.881265640258789062e+00 -2.655939340591430664e+00 -1.140534400939941406e+00 2.253863215446472168e-01
0 1.042199969291687012e+00 9.512679576873779297e-01 -3.924301862716674805e-01 -9.181495904922485352e-01 -1.827184081077575684e+00 1.594747543334960938e+00 -1.486583352088928223e+00 -1.579018831253051758e+00 -1.304584980010986328e+00 2.265925884246826172e+00 -1.762936711311340332e+00 1.547939062118530273e+00 -1.572786331176757812e+00
0 1.042199969291687012e+00 -4.562358856201171875e-01 9.342133402824401855e-01 -7.286239862442016602e-01 1.038877129554748535e+00 2.764141321182250977e+00 3.337806165218353271e-01 1.397984623908996582e-01 -1.677967905998229980e+00 1.121990203857421875e+00 1.057630419731140137e+00 2.593854904174804688e+00 2.452215552330017090e-01
0 1.042199969291687012e+00 -2.316616773605346680e+00 -1.824088335037231445e+00 -2.167483806610107422e+00 1.197023630142211914e+00 1.759200841188430786e-01 -2.378879070281982422e+00 4.854332923889160156e+00 5.006941795349121094e+00 3.820659637451171875e+00 1.182579278945922852e+00 2.724381685256958008e-01 -2.286218881607055664e+00
0 1.042199969291687012e+00 -1.198182463645935059e+00 1.239461183547973633e+00 1.154610276222229004e+00 -7.797449827194213867e-02 -2.498287200927734375e+00 -1.720096826553344727e+00 2.637370109558105469e+00 -2.806292533874511719e+00 -2.105663299560546875e+00 -1.273534260690212250e-02 -2.169473171234130859e+00 -1.436650514602661133e+00
0 1.042199969291687012e+00 1.489088088274002075e-01 3.833149671554565430e-01 -2.619264841079711914e+00 3.250566720962524414e-01 -1.835596799850463867e+00 1.986329555511474609e+00 -8.245568275451660156e-01 -4.535762965679168701e-01 5.127670764923095703e+00 3.387890756130218506e-01 -1.826106786727905273e+00 1.926206827163696289e+00
0 1.042199969291687012e+00 -1.063114777207374573e-01 -4.246248304843902588e-01 8.866505622863769531e-01 2.827020645141601562e+00 -3.879963755607604980e-01 6.511158347129821777e-01 3.767749667167663574e-01 1.980987310409545898e+00 -3.125790119171142578e+00 2.712889671325683594e+00 -4.022213518619537354e-01 5.555946826934814453e-01
0 1.042199969291687012e+00 -1.210776567459106445e+00 -2.113455772399902344e+00 1.035561203956604004e+00 -8.926957845687866211e-01 1.174206733703613281e+00 2.320296525955200195e+00 1.787878751754760742e+00 3.124496221542358398e+00 -2.288469314575195312e+00 -8.602771759033203125e-01 1.124103426933288574e+00 2.343246459960937500e+00
1 1.042199969291687012e+00 -2.852423667907714844e+00 -2.177991390228271484e+00 -1.394621282815933228e-01 2.317829847335815430e+00 -1.389784514904022217e-01 -1.496868610382080078e+00 5.521540164947509766e+00 4.852777004241943359e+00 1.226328492164611816e+00 2.311579704284667969e+00 -1.873778700828552246e-01 -1.645133376121520996e+00
1 1.042199969291687012e+00 4.248834848403930664e-01 -2.124827384948730469e+00 -1.730123311281204224e-01 1.482964038848876953e+00 1.920740365982055664e+00 8.987897634506225586e-01 -1.315594315528869629e+00 5.118448734283447266e+00 -4.477367103099822998e-01 1.643117189407348633e+00 1.960943698883056641e+00 1.052260875701904297e+00
1 1.042199969291687012e+00 -2.679994404315948486e-01 -1.550263166427612305e+00 -2.161772251129150391e+00 -5.070356130599975586e-01 -1.145154237747192383e+00 -2.681087017059326172e+00 8.313775062561035156e-01 3.420594692230224609e+00 5.450082302093505859e+00 -6.143363118171691895e-01 -1.061095237731933594e+00 -2.383121013641357422e+00
1 1.042199969291687012e+00 -2.353821754455566406e+00 -4.119881987571716309e-01 9.042016267776489258e-01 -1.343264698982238770e+00 -2.551008701324462891e+00 4.976851344108581543e-01 4.273713111877441406e+00 1.150157213211059570e+00 -3.605030536651611328e+00 -1.170734167098999023e+00 -2.332324981689453125e+00 4.373419284820556641e-01
1 1.042199969291687012e+00 -3.318289279937744141e+00 -4.741533398628234863e-01 -1.015182852745056152e+00 -6.103494167327880859e-01 7.761571407318115234e-01 2.682063579559326172e+00 6.323107242584228516e+00 4.798381924629211426e-01 3.244727134704589844e+00 -6.228737831115722656e-01 5.302431583404541016e-01 2.761579513549804688e+00
1 1.042199969291687012e+00 -1.187625646591186523e+00 -2.954049110412597656e+00 -9.390535354614257812e-01 -2.816011190414428711e+00 6.576817035675048828e-01 1.322747766971588135e-01 2.481653213500976562e+00 5.022088527679443359e+00 2.177336931228637695e+00 -2.702876806259155273e+00 5.121060609817504883e-01 -6.692439317703247070e-03
1 1.042199969291687012e+00 -1.788360357284545898e+00 1.627251505851745605e-01 -2.203207492828369141e+00 2.055710554122924805e+00 -1.797526597976684570e+00 1.274323821067810059e+00 4.978693962097167969e+00 -9.780770540237426758e-01 3.951669216156005859e+00 1.717053890228271484e+00 -1.726566433906555176e+00 1.257781982421875000e+00
1 1.042199969291687012e+00 -2.379511833190917969e+00 1.165593504905700684e+00 -4.994848966598510742e-01 -4.446207284927368164e-01 2.446155548095703125e+00 -1.250473022460937500e+00 3.974645137786865234e+00 -3.700917720794677734e+00 1.745198130607604980e+00 -5.609300136566162109e-01 2.304072141647338867e+00 -1.474017620086669922e+00
