4.454375 -0.725756
0.734976 -2.820873
3.346316 -0.729207
4.838302 2.533973
2.710267 2.291115
2.384625 0.817759
6.086206 0.629313
19.937918 -0.372153
4.523184 -0.266030
2.516210 0.253538
19.842661 2.274066
8.309368 -1.120913
4.495030 0.954423
0.118490 2.744363
11.350211 -0.639559
18.237385 0.133956
2.336668 -0.102951
8.803626 0.989253
3.631278 0.874770
3.309088 3.023249
12.319932 -2.276629
1.256815 0.001615
1.735678 -1.930014
14.427180 0.230550
0.773198 1.235654
1.597374 0.831177
19.920301 0.931655
6.158607 -2.559241
19.578247 -0.467316
18.528288 1.144439
6.062107 -1.398455
3.504090 -0.871336
3.748229 1.326574
5.975623 -0.640922
1.659417 2.032102
3.520251 2.117948
5.331732 0.339549
1.628006 1.632458
5.347493 0.835478
5.670711 -2.991954
0.640888 0.875361
9.727358 -1.876390
7.500618 1.309783
0.500356 1.700391
9.551373 -1.186742
5.334308 0.950416
2.580431 -1.294715
12.430285 3.370665
3.631391 1.695144
1.124684 1.396420
14.775387 1.243388
6.732973 -1.852641
1.363240 1.410884
18.464544 0.799474
7.420067 2.529843
5.011584 -0.115937
19.240837 -1.910860
6.578492 0.215745
2.777643 -0.078633
1.970849 3.100220
6.818250 0.115805
5.585628 -2.753727
1.230034 1.773088
5.222575 -0.661072
6.733316 -0.655731
4.181998 -2.289026
4.615384 -1.581768
5.205515 2.628508
7.259646 -0.144146
7.578802 2.476906
3.756590 -1.448202
5.855919 -0.986397
3.181530 1.631497
6.866769 -1.104744
10.162599 0.953867
3.646499 2.346933
7.129829 3.021859
11.956852 1.450496
5.646075 1.646349
5.263058 0.347099
13.715986 0.199278
4.697845 -1.881004
5.091193 0.397170
15.185341 -2.248146
7.289106 2.206718
6.278397 1.959079
17.796913 -1.454162
5.392450 -0.111230
6.549874 1.310811
0.431490 -2.839522
5.875966 -1.252224
8.658734 0.984878
4.213314 3.141891
4.219743 -1.696360
7.776885 3.074321
2.991745 -0.344742
3.749720 2.363880
7.048675 0.223945
6.829830 -1.168167
6.777742 -1.661874
6.943323 3.044390
9.479508 -1.092204
2.451156 2.145822
8.447194 -1.194088
9.485899 0.697783
2.214049 -1.123242
8.128004 0.161183
11.345958 -2.889520
0.719927 0.301429
7.262207 -2.317323
12.509519 0.067167
5.999233 3.238357
8.318710 -2.650345
14.157858 -0.386449
6.650463 -2.074137
7.845169 1.211410
16.307489 -1.459930
5.959716 -2.062958
8.250794 0.195521
19.992929 1.921883
2.122728 0.310337
10.078362 2.615584
2.496469 -0.090594
4.022143 -0.715017
8.933944 -2.340526
4.400929 2.660971
5.203497 -1.239329
7.957793 -1.398278
7.415840 2.938688
2.932654 -1.336873
10.191616 2.575401
10.463297 -1.451127
0.627268 -0.596968
9.209306 -2.020994
11.994740 0.195470
19.997002 0.793469
12.245184 2.624035
12.727561 -0.686874
19.274664 2.812425
10.825941 -0.969911
13.868855 1.098206
4.461861 -1.212200
10.220396 -2.060520
16.228001 -2.061057
7.397568 -0.976866
11.398528 -3.557412
18.255058 1.428153
3.008290 0.120377
8.907899 0.435458
1.186363 -0.375598
16.747231 1.135315
10.558199 1.515244
19.379572 0.024526
15.988233 -0.350254
10.509776 -1.182148
1.385458 0.512348
19.154305 -0.814152
10.715928 -0.298313
4.264354 -3.456321
5.848573 -2.502488
9.735713 -0.425348
7.720179 1.867443
15.286785 -0.957648
13.246773 0.534025
7.571639 -1.360212
16.374159 2.186717
12.443690 -1.891748
10.090302 -0.527415
16.874264 -1.215426
13.489785 0.374159
13.978173 2.180545
18.223976 -2.299961
11.164961 -1.483653
17.321701 -1.355850
18.121660 -1.947711
9.382472 0.636186
17.992001 0.261228
1.714393 2.240785
10.124236 -1.855694
0.598593 -2.008921
16.632010 0.709998
15.512949 1.024669
3.552887 2.274902
13.801000 3.013459
14.525932 -0.332678
5.240832 -0.089187
18.006540 -0.562426
12.296152 1.710108
3.928173 2.529257
16.683952 2.271295
13.547315 -0.651791
8.659056 2.368531
15.040873 -1.712246
13.201913 2.489133
5.717670 -0.755096
16.650885 -1.394170
14.844624 1.199143
12.653169 -2.051294
15.239298 1.228101
14.489870 2.508590
14.082277 -1.300826
15.665998 -0.114292
13.181605 0.378201
17.509424 -2.573693
16.451311 -2.033792
10.292222 0.776874
17.184055 0.814345
16.978405 2.146023
13.688276 -1.394168
0.903140 -0.182424
17.647976 -1.507549
12.131300 -1.846716
1.993753 2.790678
17.383766 -3.118779
17.491310 -0.953185
3.105206 1.248617
16.448761 -0.075549
14.820997 -1.385600
5.289052 -2.674762
17.578959 1.212073
17.383375 1.897720
10.373519 1.534184
14.899460 0.011209
13.473716 0.633901
9.548955 -0.826241
14.999605 3.303315
15.487608 -1.112907
11.919058 -0.727935
16.849962 -1.545313
15.419901 -1.611801
14.591795 -1.523439
15.383953 -0.139622
15.569888 1.649560
15.632002 1.078805
15.839023 2.605122
16.101252 0.521348
18.881748 1.303112
17.661366 0.211430
15.744728 0.892524
18.470673 -3.573168
18.768347 0.536540
18.703314 -0.456358
2.366635 -2.099725
17.193357 2.639328
18.562943 0.828286
4.466940 -0.059420
17.430216 1.844182
16.419910 -0.933028
4.875725 -1.330413
16.743427 1.027074
17.991409 3.699856
7.196292 0.230953
16.961439 1.257286
18.663980 -2.612119
8.923199 1.636403
15.119182 -0.844624
19.371101 0.319263
11.626984 -1.484939
15.272836 2.318159
17.551962 2.075479
12.041877 0.137750
15.302729 0.898911
17.241499 -0.735519
15.016727 -2.425642
16.966034 0.064748
18.642879 -2.120712
19.469995 -1.619839
15.309239 -0.306216
18.450514 -1.459833
18.672802 2.786644
14.197583 -1.990760
19.636375 -0.204247
2.276650 1.285666
16.508627 0.101924
19.514280 -0.783423
6.018792 3.628483
17.009285 0.162116
1.416280 -0.874372
6.747708 2.973629
17.589317 0.805801
0.579507 1.885658
8.875996 2.305988
15.160442 0.873689
1.159627 -1.000450
10.980562 1.507466
14.305545 -2.053169
1.244037 -0.323635
12.828514 2.376265
15.760032 -2.053160
18.752529 1.911390
13.456066 1.464152
16.494705 0.053010
18.801584 0.071726
15.159787 -2.472163
16.337688 -0.077775
19.840332 -0.058983
17.962317 2.147820
15.991638 2.068608
0.585275 0.194519
1.902740 2.463756
7.873387 2.312325
18.819908 0.479685
3.320220 -2.977675
2.316777 -3.211931
2.131379 0.751566
4.772125 -0.887309
5.100678 1.441000
19.778595 -2.540974
6.253068 2.310514
6.570445 -1.185509
19.534805 -0.314968
8.116667 1.909679
8.725311 0.837632
3.064426 1.467937
11.050192 -0.733955
7.922807 2.063581
1.575934 1.134665
11.627532 -0.442604
6.129030 -0.921156
1.254622 -1.864222
11.528655 1.581329
5.565826 2.550034
2.204973 -1.591173
16.040659 3.085232
8.310782 -3.020735
2.361263 2.871419
19.680401 -0.829004
7.983876 -0.867402
0.293179 -0.263003
19.458372 -3.643369
7.424029 -0.373040
0.996053 -0.822837
2.272807 0.289130
9.197435 -0.944871
3.539715 2.209605
3.247232 0.893142
7.616847 -0.206765
4.357200 -1.574129
4.206861 -2.208617
6.418778 -0.644282
1.372018 -2.177168
8.281366 -0.478968
7.808786 1.258066
3.954531 -1.928452
7.807116 -3.211348
8.409202 -0.075302
2.845436 -2.089419
12.983177 -0.850024
6.526265 1.628447
3.584251 -0.358140
13.510030 -0.682175
5.295374 -0.346782
2.175018 -1.046293
14.273278 -2.916092
7.763289 0.906637
6.367176 -0.356408
16.162273 -1.089859
6.871941 -0.474125
1.652887 1.746806
0.493816 -1.013223
6.843732 -1.265873
7.344169 -2.718867
3.334865 0.845980
6.498341 -0.273110
5.464013 -2.309724
3.235100 -0.082619
8.581498 0.356231
7.373767 -0.542371
8.949584 2.527753
9.973264 1.814933
6.178595 0.761156
9.347890 0.573598
7.642478 1.719043
3.861998 1.603810
9.762474 2.284239
5.190268 -2.473096
6.148530 1.139680
11.923474 1.174587
7.548667 -2.400875
8.320677 -0.368131
12.429605 0.761485
6.382185 -1.850008
6.756656 -1.064340
13.203734 -1.037085
7.073597 -1.361662
6.726985 1.604395
19.709063 1.548056
8.045964 -0.008067
8.019498 -2.466503
17.352295 0.966858
6.801212 2.289802
9.460544 1.817053
1.095477 0.620302
5.070526 -1.764627
10.415583 -2.356873
4.006782 -0.159799
4.931659 2.152052
7.815480 0.699982
5.692432 -3.147633
6.265168 -0.796523
4.518779 1.785252
7.073542 2.255703
5.080513 -1.967882
7.275913 -2.850547
10.416680 -1.297262
8.725546 -2.067888
9.724605 1.915292
10.600964 2.063811
8.480115 1.477213
12.408268 -0.366280
16.622606 3.050776
9.233396 1.708479
11.596289 -1.157226
18.279129 1.759552
7.008862 -1.850512
9.532293 -1.207796
17.466213 -2.913764
8.659903 0.245187
9.813134 0.969633
18.138920 0.176785
5.417612 1.797245
10.921535 -1.555476
2.187907 2.454481
18.102415 0.035452
10.481380 0.704817
1.163727 3.945242
4.865199 -0.256702
9.691513 1.925325
5.946823 -2.054230
6.357040 1.675656
11.659080 0.601767
4.370933 1.882825
3.954005 -1.028211
8.658104 2.664897
10.789563 -2.171177
4.087533 0.102628
9.029803 -1.016941
12.639617 0.174640
2.563433 -0.088063
8.162721 -2.120059
13.171091 0.640349
6.173172 0.869138
9.603719 -1.374586
15.557000 2.304090
8.427882 1.000378
10.842070 0.738775
19.817326 -2.100535
4.886161 1.203522
9.579489 0.231533
0.857135 2.716935
15.907764 2.512305
11.964247 0.996105
3.238950 1.631254
17.347626 2.349182
10.592560 -1.047548
3.190796 -1.119698
19.686562 -1.064430
14.037766 -2.540034
5.634855 0.682594
18.172653 -1.173003
12.619617 2.269848
9.105080 0.100409
17.913359 -1.067264
11.564944 -0.922112
10.718343 -2.202066
18.930777 -1.458672
12.737685 0.892260
14.175765 2.012305
17.969091 -1.777895
13.175197 -1.274731
15.619496 -0.968978
0.175360 -0.361674
9.180310 0.492438
18.361649 -0.281782
0.654788 -2.276418
13.355636 1.818014
18.159843 1.380823
3.533929 1.443245
11.488198 -3.584899
3.384583 -0.041368
16.786804 1.141159
13.551696 0.054873
2.865937 0.778511
17.933228 -1.386950
14.284661 -1.460961
4.315396 1.730046
18.111635 1.659967
14.996243 2.532372
6.083485 1.040463
15.701265 -1.129635
15.260787 -0.740324
8.224202 0.487482
15.939574 0.916992
14.246737 1.312075
10.830176 -0.698958
18.266994 -2.362154
13.812304 0.862978
12.649341 2.933408
0.211229 -0.001355
14.114864 2.512462
13.883256 -2.233546
17.245737 0.220497
12.249043 1.928045
18.345827 -2.950567
16.019161 0.742543
12.747609 -2.817529
19.576658 0.065088
8.348485 -2.943197
12.824780 0.745799
19.453388 0.378343
18.197392 0.447726
16.777462 -1.101753
1.594534 2.751566
18.475290 -1.154926
15.964009 0.319232
3.471314 -2.564107
18.929268 2.509009
17.715782 1.451703
4.170703 -0.709299
18.052658 -2.662423
16.679312 1.916909
6.913761 2.327081
19.038321 -0.558085
16.390898 -2.095037
10.915586 1.368759
16.976940 -1.126736
16.978920 -2.726790
12.072937 -1.872729
18.109207 1.798223
15.914096 -0.935401
13.040662 -2.056019
16.360500 2.980574
15.420691 -0.737800
17.124779 -1.858117
16.671980 -2.356104
17.329472 -0.342246
17.958828 -1.241088
19.444319 -1.147876
15.157765 0.270037
1.680443 -1.910855
17.762287 2.725188
19.879286 0.322106
1.128277 -1.759599
0.518559 2.183419
19.188574 -0.717485
3.299553 2.216807
18.285688 -0.058801
0.153417 0.865068
5.805429 -2.742722
18.531061 -1.026057
17.983412 -2.385092
8.065708 -0.022533
15.885930 -0.397657
17.992313 2.995688
10.247812 0.842328
16.894230 0.707550
18.802921 3.489477
11.732020 0.410715
16.997902 0.294110
17.274712 0.661606
13.958117 2.899768
16.827526 1.777451
16.906788 0.006468
15.856311 -0.031934
18.364431 1.550466
17.599686 1.150273
18.651001 -0.176790
17.303623 2.143358
16.804493 -0.243826
19.941660 1.902923
4.357610 -1.482650
0.003036 2.516096
0.344719 -1.545372
17.822647 -1.224025
1.224632 -2.580911
3.133245 0.182435
18.478962 -1.255808
1.829858 -0.367396
5.308336 -2.565660
17.745285 -2.258058
19.594984 -0.172516
7.445753 -0.172718
14.705731 0.256824
0.364791 2.636659
9.250279 -2.033265
16.243221 -1.565902
19.780663 2.010392
10.144805 1.496605
16.272615 1.021278
0.399804 -1.500719
12.565911 -2.527032
18.323153 -1.964492
18.336130 -1.147619
15.064826 0.683471
17.435320 -2.171283
18.601877 1.608825
16.897375 0.279760
16.240576 0.652775
0.383709 0.713610
19.898249 -0.367740
10.120199 0.299868
16.477196 0.836750
2.533341 -2.913396
9.043555 2.550799
18.020514 -0.424075
1.807426 1.749305
7.048870 1.088611
2.177817 1.898808
5.142027 -1.372458
8.624405 -3.552252
2.505769 0.823777
6.799180 0.792272
8.908079 1.508784
1.415264 -0.886616
10.093908 2.174844
8.607138 0.117723
19.904860 -2.218474
11.188161 -1.476014
8.842986 1.239714
0.680453 -0.386692
13.026633 1.143537
8.795945 -1.663152
1.760663 -3.096960
14.458665 -0.463571
8.340121 1.661228
2.758298 -1.924617
16.350218 -0.941639
8.468218 -2.073351
18.506214 2.057169
19.272358 1.270541
9.177303 1.408016
19.928671 1.061430
2.370604 1.699371
10.722672 0.447164
3.203836 2.945018
4.166814 -0.971059
9.117221 2.035052
4.571960 -1.714176
6.682721 -0.145198
8.075397 -0.701639
2.309370 2.707843
8.641918 -2.075496
11.435345 -1.552235
2.474004 -0.398103
8.822114 -0.984544
9.785498 1.925391
1.793354 -0.078438
11.804688 -0.495682
6.950626 3.375595
1.751653 -1.522669
13.202304 1.165620
7.610817 -1.250506
4.392870 -0.154517
16.506819 -2.396373
8.483456 -1.469334
1.539382 1.721337
17.889704 0.796520
8.495655 -0.722403
5.758095 -0.814905
0.463601 -2.462194
7.503265 -1.414128
4.308875 -0.068594
2.437125 -2.198107
7.723290 1.671932
5.537932 -2.435264
6.261451 -2.008407
10.879088 -0.396754
6.345370 1.092050
6.247965 0.125185
10.072429 0.693024
7.886968 2.130726
10.031566 2.196380
9.453225 -1.995223
3.201525 -1.853524
9.477305 -1.228753
8.145762 -1.923419
4.793890 0.340556
11.346860 1.200290
8.226411 1.198296
6.578298 -0.490564
12.717713 -0.653928
7.936350 2.089394
8.922315 -1.641508
15.500547 1.142184
8.180708 2.613193
3.419387 -2.265153
18.100388 -0.616991
7.969973 2.588181
8.391789 -1.172191
19.180538 0.880145
8.000413 -3.669066
8.605235 -0.815992
2.501866 -1.669239
9.634827 0.181897
8.872195 1.469038
4.260024 -1.449182
7.817877 0.565407
8.350797 3.401211
4.475736 1.686408
9.860968 1.341811
9.379301 1.251774
8.980683 1.931963
11.922200 1.417743
10.305362 -1.423571
10.078655 -0.617676
9.487316 3.019648
8.112139 -1.513468
11.937395 -1.798123
8.764561 0.614332
8.283268 0.646822
13.840173 0.607057
10.594965 -0.577381
10.811647 3.113870
13.593367 1.081913
10.178731 0.109432
10.628350 -1.616693
17.094368 2.055355
9.817709 3.337695
8.396660 1.887146
18.267313 -1.703923
9.760443 1.825109
10.727364 -0.353023
1.160854 -0.019394
8.157953 -2.081089
10.431039 2.326054
2.013368 1.673209
7.565487 -2.491551
10.093687 -1.228716
7.296947 -1.524537
9.497473 3.339954
10.638696 -0.527567
7.096884 -0.711393
11.238608 1.955374
10.585182 2.057262
8.249236 -0.003435
10.023739 -2.220942
11.423002 -1.234341
11.755846 -1.577601
12.119096 -0.012521
9.519230 -1.036787
13.922262 -0.287237
9.803001 -1.403593
13.696964 -2.547264
15.695808 1.763692
10.065941 -0.418219
11.936742 -1.885054
19.871864 -1.749142
10.035419 -2.581398
10.052451 0.229863
19.326660 1.191262
0.144090 1.761509
10.163738 0.675979
1.871366 0.792548
0.534567 0.922365
9.160433 0.210310
3.541030 0.820549
1.703473 -1.763440
12.077353 1.168705
4.991277 2.045455
19.245274 -2.537355
11.706672 -0.299116
7.654068 0.223333
1.253654 1.915327
11.326804 1.577479
11.183806 0.560188
2.441424 -0.756096
9.892362 -2.267006
12.290696 -0.938896
1.050542 0.454206
10.685646 1.921659
13.180396 1.149881
0.760232 0.371244
12.117535 3.486932
16.411688 0.380928
3.866911 0.055430
11.506005 -3.169635
18.141899 0.864819
3.388962 1.861821
11.185479 1.838848
1.440558 -0.223484
19.294231 2.804606
11.718226 0.265194
2.666034 -0.063014
18.647068 2.403669
13.671968 1.166612
2.682916 1.735381
19.817709 1.271872
12.835595 0.745932
4.165242 -0.149191
18.622448 0.896731
13.614654 2.328680
7.524489 -1.735048
17.085150 1.865587
15.140386 -1.867900
9.563807 2.163057
17.767466 1.630169
13.553672 -2.465815
10.574033 -0.884814
19.499699 2.791064
14.507487 0.103752
11.386099 1.335646
18.864756 1.455909
14.600893 -0.587351
17.593224 -2.157720
17.849304 -1.064934
13.819566 -0.700124
19.177864 1.763941
18.199493 -0.162216
15.310690 -1.402113
0.343252 -0.360957
0.441790 1.191162
13.204756 1.477026
2.294700 3.173121
19.822556 -1.583046
14.716472 1.122166
3.774883 -1.819599
19.514627 -2.159878
15.344912 -0.036730
7.337361 3.103400
18.670151 -2.324944
16.439541 -0.282623
9.048018 0.790632
18.063992 1.756419
19.247051 1.495236
10.383237 0.770412
17.598320 -0.475006
15.295007 2.786665
11.274882 -1.557984
17.865133 2.317485
15.030318 1.652680
16.143389 -1.804727
17.382444 -1.709197
13.728094 -1.274692
17.367773 1.984907
19.663902 -0.292281
16.205477 -1.249882
18.229029 -1.654299
19.411133 -1.079404
16.626190 2.116405
0.123660 2.833530
19.778111 -2.090569
16.916956 0.669385
2.705437 -0.432392
19.950268 1.642121
1.043235 -2.263925
4.026839 -0.562961
19.873949 -1.036179
19.051367 -1.316939
5.269388 -1.998836
18.166437 -1.152772
18.191805 -1.632035
5.969864 0.919031
19.063404 0.635863
1.086533 -1.918077
10.329804 -0.652795
0.075899 1.878248
19.682705 -1.783833
11.175564 -2.351757
18.320198 -0.521656
0.139585 2.063799
12.052075 -0.828455
17.660030 1.900221
18.766747 -1.554845
13.338233 -0.910997
18.250109 -2.558506
0.136431 -0.379640
16.086637 2.311800
18.529665 0.497769
18.349804 0.630937
0.393470 -1.861337
18.686386 -3.129723
19.735413 -0.442075
3.997220 0.406463
3.590515 -1.032593
0.894289 -2.375579
4.913783 2.605042
3.617116 0.591352
2.384628 -3.007768
6.207556 0.787504
19.252956 0.191721
19.747913 2.174168
8.859964 2.814175
2.367632 0.277526
0.321766 1.738127
11.065483 -1.913711
0.879892 -2.684728
1.589803 0.971242
10.812757 -1.717874
1.137871 0.442552
4.117755 -0.007833
14.334255 -1.813150
2.034115 1.684727
1.251292 -1.660655
16.193287 0.883950
18.521391 -1.073988
19.459211 -0.104461
18.621418 -0.596912
1.371721 1.000320
19.834156 -0.062410
18.703949 -2.332882
7.795495 1.358595
19.275387 -0.286307
1.085465 -3.206356
7.646294 1.517447
2.588342 -0.667498
3.507105 2.496011
8.862060 -0.288567
2.496519 2.735065
4.869934 -1.251291
6.923139 -1.905214
2.220562 0.386845
10.165298 1.747630
9.782593 2.974037
1.737939 -1.122850
8.344753 -0.159960
10.681249 1.218136
1.131549 -0.190844
10.147052 -1.417750
10.235969 -0.856975
2.386373 0.885410
13.556092 -2.899149
8.812448 -0.627204
0.852973 -2.417892
16.111176 -0.077471
9.617596 2.191886
0.868647 2.271918
19.375521 0.793257
7.410925 -0.054621
3.750257 -2.163723
0.616262 -1.127729
8.405663 1.979168
2.642812 1.648095
1.781073 -0.790727
10.433674 -1.727794
2.821996 1.260476
2.202225 1.247979
10.648800 0.598593
4.433845 2.382993
5.903698 1.519333
10.703558 -2.167571
5.239933 -1.718651
7.663156 -2.674563
9.863930 -2.541641
4.786003 -1.600197
10.689786 1.714267
8.324409 -1.202465
4.631330 1.520450
13.181490 1.451671
7.066689 0.017495
2.213196 2.865231
14.983325 -0.864790
7.131168 -0.435915
1.073378 2.277063
16.608711 1.586433
9.709763 2.583473
3.711022 0.083585
17.237827 1.361524
9.018727 -0.936210
4.128462 1.882872
19.624153 -3.180642
6.542441 -2.007375
7.574955 0.816004
1.543291 -0.920917
7.794525 1.273888
6.153808 -2.893900
4.417506 0.420268
9.212286 -1.889821
4.276542 -1.404986
4.925490 -2.280623
12.382299 -0.295071
5.217916 -2.324074
6.734231 2.527662
6.447687 -0.168762
9.203886 0.761851
10.904783 2.732252
10.856257 -2.994381
6.801609 2.036759
11.545584 -1.247277
10.548893 0.135342
9.034689 2.548957
13.132031 0.020164
5.610326 0.038309
6.605689 -1.097615
15.005534 0.922187
8.758193 -1.944213
5.116968 -2.573667
17.897274 -0.929552
8.082024 -0.573209
7.559148 1.018719
0.785082 2.229609
8.131309 0.980668
6.446562 2.569908
2.271824 -1.124458
6.538062 3.507226
7.094429 1.060854
5.233199 -0.744302
9.130175 3.647623
6.415684 -0.389829
7.310328 0.169825
11.910063 2.653308
7.911492 0.134936
10.159256 2.208529
8.817510 2.530504
9.876112 0.823632
12.672417 -0.608146
14.192235 -0.741220
9.521962 2.122994
14.351491 0.955933
7.445208 3.154538
7.186686 -1.546840
14.571309 -0.424347
7.263526 -0.516243
9.706962 -2.485285
13.800778 -1.061137
11.252251 -1.120888
9.451468 2.753348
17.793661 -0.338244
8.741622 -2.748215
9.208943 1.207324
0.628846 -0.407367
9.714907 1.166419
9.587342 2.945831
2.679098 1.154417
6.995185 -1.433388
7.710030 0.956993
7.891402 -1.202530
6.097911 2.209368
6.389048 -0.931283
6.903742 1.112960
13.102153 0.848257
10.484009 -0.875170
8.537836 1.925669
10.225344 -0.881325
11.113757 -1.123295
9.838739 0.976947
11.617179 -0.876216
10.365072 -0.193986
12.141126 -1.746747
14.385013 1.360866
11.401566 0.683427
14.600778 -2.261977
10.058992 0.349543
11.458568 -2.409145
15.493128 0.176421
12.932816 -0.518601
9.203625 -1.548679
17.170334 3.708237
8.599520 0.671463
12.241446 0.012552
1.437082 -0.242017
7.612063 1.417987
11.954912 -2.726916
2.876947 1.378920
2.483961 -2.030744
10.073941 1.226288
4.369074 -0.382926
6.785383 -1.980409
10.068005 -2.930820
3.054057 0.058159
8.170039 0.904696
11.968317 -2.292253
7.430788 0.102105
1.572737 -0.294350
11.368224 2.195828
9.219640 0.617922
2.410318 1.028360
9.908210 1.059881
14.596071 -0.830650
0.675692 -0.737614
10.427619 -0.064780
15.154696 -0.933812
8.617296 -1.614409
11.258689 -0.541588
14.423439 -2.744453
9.150468 1.620357
13.975089 2.763158
17.590746 -1.884374
6.910280 -0.235278
11.287962 -3.711738
0.968967 1.444450
1.301418 0.568134
11.666207 2.055776
1.598374 -1.129270
0.907377 1.136189
11.246440 -0.231186
3.526422 0.228966
0.090848 -0.728458
12.807393 -1.545903
9.108322 0.012860
10.972602 4.216581
13.344834 -0.486039
9.735525 0.103773
19.300875 2.062707
12.684835 2.234987
11.019059 -0.956013
0.703506 -0.570068
12.188208 -2.035110
14.493238 0.843230
19.713957 0.709639
13.719263 -0.619407
15.767330 0.363278
18.953342 1.445053
12.754210 -0.890351
17.355124 -2.514234
19.588856 2.527898
14.522627 -0.754523
19.363054 2.050455
9.924000 -3.824748
13.746372 0.042918
0.430137 -0.961544
9.939882 -0.767576
15.764390 -2.930660
0.667421 0.142478
6.248747 3.040910
19.911781 0.776060
0.417445 2.059620
19.294912 -0.190028
16.169464 -0.384469
5.216179 -3.735162
19.854343 -1.708875
17.399551 -2.445485
6.576685 -0.194440
18.876974 -1.469979
14.472111 -3.051837
9.172759 0.879624
18.765562 1.929157
18.054527 -1.397195
11.909887 -1.704106
18.509218 -2.017529
16.455940 2.333303
14.881717 0.486040
19.772560 2.084398
15.696243 -1.216535
16.110191 -2.852128
19.305779 0.344748
18.129869 -2.649405
17.018606 -2.796011
18.876574 0.490243
13.491442 -1.132670
0.822426 0.766433
11.922003 1.857091
15.504381 3.032772
1.193564 1.248804
0.105581 -1.688913
0.815906 1.880525
5.992519 1.304379
10.577094 1.886877
16.896826 0.043870
5.186326 -1.915857
1.495030 4.121976
19.205439 0.552277
6.730771 0.448571
19.454502 2.692162
18.114281 -0.516565
9.815362 0.127392
6.490831 1.401291
19.462147 -0.180727
11.003293 2.447246
19.440041 -0.956419
19.897547 2.110410
13.799375 -1.758148
18.207066 0.414220
16.635105 2.328243
16.976076 -2.017936
10.478964 -0.093410
17.424995 0.399555
18.446266 2.713933
0.027898 -2.126889
18.277601 -0.269516
19.103848 -2.770574
1.696765 2.889062
0.131511 1.251768
5.003057 0.029376
9.150797 -1.077659
17.848333 1.351124
4.571502 2.108171
6.646240 0.670887
0.747801 -2.408823
6.372077 -1.710875
6.942039 -0.476625
3.310065 -2.482903
11.724499 -0.587258
8.049879 -2.051467
18.750837 -2.169912
9.643884 2.233261
1.613551 -1.608820
0.852283 -2.477342
12.668370 0.102136
5.429329 -0.567405
0.649458 -2.940911
13.173085 0.532921
2.866114 1.036177
2.596416 -0.822253
13.817369 1.849390
2.325845 -1.164281
1.678617 0.302077
18.150194 0.170110
10.363439 0.396325
18.280464 1.274812
3.098140 1.372015
9.301514 -2.242871
1.576533 -1.301494
3.272377 0.054850
10.238246 -1.758956
1.184208 -1.017150
4.984007 1.578163
10.281522 0.315151
2.690104 2.410738
6.060093 -0.674025
11.499719 1.044331
1.676898 2.525317
6.996900 -0.811068
12.981434 -0.334981
1.112042 1.761225
8.123549 2.449023
9.888968 3.091352
3.761213 -0.854544
12.324330 -1.063485
9.905424 2.793352
2.981265 0.762458
15.363837 -1.682005
13.597666 0.302360
0.800205 -0.079641
15.373792 -0.334962
11.171470 1.625478
4.324739 1.130347
15.844417 -1.827699
9.765769 -3.386710
2.519274 -0.057114
0.552388 -0.276642
9.100707 -0.916512
4.354206 -0.184434
1.555039 -2.071957
12.990927 0.053991
2.940192 0.098946
3.752809 1.366262
12.115147 -1.596622
3.329592 0.940525
1.929630 -2.010103
10.041126 2.974117
3.441376 0.632869
7.740208 -2.122115
13.380252 1.012683
2.364973 1.805891
11.653987 1.484309
11.596996 1.660257
4.666295 0.365107
11.629500 -3.429761
7.153649 3.293273
5.301813 0.775359
14.754709 1.886257
8.095076 -3.413320
3.735565 -1.043792
14.730209 0.265384
11.965364 -2.387630
2.080395 1.319095
15.641229 -0.835235
8.715347 0.046316
6.796931 2.373605
18.818605 2.105032
9.857263 -1.780798
6.106447 -2.317575
1.424302 0.461698
8.991887 -1.088018
5.353798 -1.280095
3.327576 2.004573
13.571538 1.583500
2.859770 2.046692
6.124959 1.142991
12.550121 0.139583
4.750196 -2.089676
8.537075 -1.051159
7.583910 2.743775
5.884869 1.406950
8.003347 -1.775528
9.702340 -0.221213
5.578507 -0.360448
12.342536 -3.042297
10.160177 -0.767781
7.054207 -0.967580
13.558129 -2.355523
9.226645 1.890545
4.955600 -0.596662
15.900271 2.876307
9.426779 -0.623628
6.901670 -2.034345
17.143030 3.036822
9.755274 -0.299086
7.559137 -0.596054
0.100381 -2.461362
10.776628 1.069659
7.353202 -2.846134
4.537289 -2.358182
7.913492 0.166648
7.344743 1.658456
6.387193 -2.605543
10.335979 0.947877
7.633118 2.179409
8.082450 -0.011257
11.768961 -1.394127
5.827065 0.086266
9.967080 0.126318
7.933501 -0.170846
8.054127 0.938722
10.704538 2.808387
12.043398 -1.303480
7.451314 -2.598952
13.647046 -0.600576
9.653757 -0.002915
9.721337 1.867108
14.809937 -2.939842
8.903084 1.489187
5.925397 -0.207514
14.431559 2.866572
9.571043 -1.992906
8.905543 -1.576727
16.571678 -0.682129
11.452136 2.667513
8.516027 -0.201219
19.469898 -1.553684
9.632215 -0.628921
7.824795 1.179052
2.000297 -1.871560
12.312584 -1.971791
7.059422 -1.226147
2.703722 2.205655
8.782369 -2.273525
8.555981 1.095817
7.602796 2.689859
17.427320 0.577005
10.381287 -0.518743
7.134409 0.735074
13.556490 -0.554405
9.341166 -2.934774
10.256193 -0.720139
15.681631 1.970977
10.057971 2.449655
13.199225 -1.304799
17.903366 0.848834
10.109630 1.441693
15.629358 1.612032
11.270603 1.580102
9.719721 -0.023158
15.799821 -2.765893
14.716518 -0.223451
9.941126 0.750162
16.435898 0.446370
11.512503 3.251606
10.692183 -1.284070
0.334666 0.508852
9.432693 0.914670
13.220574 3.198493
3.009408 1.610784
8.349543 -0.568700
10.261986 -2.089748
3.994279 -3.048580
9.772653 3.125792
12.343941 -0.289369
6.254066 0.613897
10.609375 -0.451088
9.207177 -0.389517
7.173632 0.060504
12.113876 0.178700
11.994008 -1.349349
9.136115 2.379621
12.244297 -2.383066
13.760004 -0.139858
11.291290 -0.334960
11.434303 -2.018409
12.267383 1.085945
12.722783 0.116161
11.568844 -2.476540
13.021278 -0.293855
15.874890 0.170748
11.241615 1.755230
11.284582 -0.097521
18.531313 -2.262280
10.663658 -2.362787
12.294983 1.233809
1.491888 1.597970
11.790228 -1.025562
13.651973 -0.171585
1.310459 -1.944374
6.773807 -2.605969
9.898777 -0.349740
5.133986 -1.293738
10.644094 -1.428796
15.064556 -3.542359
6.327922 -0.829198
11.498732 0.323115
13.151469 -1.830926
6.279871 -0.615146
12.417727 -1.539686
13.468963 -0.485266
8.165270 -1.410546
11.574502 -2.906109
15.371271 1.964419
11.901052 -1.847504
10.443819 -1.187959
13.584367 -0.354516
11.704336 2.675581
12.905571 1.209792
14.188026 0.277893
16.355263 1.452859
10.499804 3.548770
13.296015 -0.151413
18.714378 2.021569
11.410108 0.974635
14.572031 -0.038648
19.633400 -2.503651
10.407284 -1.115667
14.598767 2.934462
2.134489 -0.665869
10.386283 -1.573461
15.296024 3.016906
4.138252 0.048555
13.748427 2.170381
16.127539 -0.061335
6.073308 -0.656958
11.394768 0.817368
15.303643 -2.301317
10.038988 0.229757
13.942965 -0.074598
14.500778 -0.062971
8.195240 -0.228845
12.756355 2.685197
16.501387 1.687582
9.616815 0.525330
12.837862 0.594076
16.969954 -0.941653
14.897830 1.534652
11.008020 1.671130
16.615829 1.144560
14.609525 2.323222
9.959705 -0.708484
15.613616 -0.878530
16.769869 -3.677376
11.559838 -0.006038
15.870993 -2.087714
18.004946 1.595829
13.152236 -0.124310
18.335762 1.595214
1.738259 1.900510
11.710927 -3.158266
16.761976 1.053547
3.572114 1.240998
12.457861 1.816039
17.621861 0.070454
5.134978 0.261113
11.962702 1.396039
16.523960 -0.381120
6.594255 -2.365510
9.660053 -0.307944
17.947521 -0.275918
8.846990 2.363435
9.275105 -2.098692
17.774456 -2.785175
10.959781 -0.913949
6.248677 1.821955
19.179214 0.588390
14.089442 1.705313
7.888371 0.287605
19.776445 2.900141
17.643616 -1.670017
10.605663 0.099087
19.284040 -2.563427
19.032799 1.809016
11.840873 -0.779071
18.472393 -3.169754
0.095855 0.214155
11.592357 -1.452491
17.375618 -0.311769
1.632600 1.049381
9.300649 -1.764299
19.738522 2.063224
4.257061 -2.463729
7.704099 0.794937
0.767038 -1.178965
4.119181 -3.233651
8.533741 0.456113
0.831458 1.276064
5.745135 -3.311362
8.358089 -2.089025
18.921301 1.960395
7.483151 -2.162483
9.299245 -2.008771
0.005508 0.693644
8.822333 1.715449
10.294819 1.519372
0.091582 0.168331
11.949194 0.841877
10.798739 1.406951
0.717305 -1.989944
13.477846 -1.271845
10.116092 3.469818
17.804647 -1.966713
0.265072 0.873363
9.685730 -0.078227
19.509630 0.994860
0.632030 1.890441
8.639508 0.039998
1.049880 -0.342593
0.950557 0.893399
10.482954 -2.272312
1.069079 -2.381502
1.588553 -1.346240
11.578565 -0.678753
1.856057 -0.464899
3.361480 -3.305107
11.901607 2.342188
2.150615 -0.011854
5.351884 -2.239599
10.900168 -2.627692
4.257649 2.301379
9.259991 0.640773
10.796740 -0.564161
2.907295 -2.501103
10.645617 0.530666
11.774052 1.513095
1.217098 2.511374
11.877177 0.796301
9.506716 0.926729
19.751434 -2.705588
14.479229 -2.566728
5.446072 2.068646
0.653477 1.472661
17.121241 -2.277171
11.390144 0.192365
0.530598 -0.546820
0.211250 3.133509
11.450979 2.562071
2.562960 -1.267649
19.965073 0.551151
12.217764 -0.581105
4.013842 -1.759419
5.080599 0.384763
11.675379 -2.605432
3.542507 1.717294
7.132782 0.537672
9.085776 -0.840295
4.825640 1.265810
8.640152 -0.740651
8.974609 1.017117
6.494370 -0.881454
11.005761 -2.976175
14.209866 2.450363
2.166687 -0.096381
9.543294 0.280361
11.804065 -0.067668
3.367799 1.559093
14.190413 2.596623
9.868473 2.171922
4.346467 1.130333
14.209165 1.607633
9.951253 1.086418
2.470475 2.746430
18.790907 -2.295487
10.746692 -1.650822
4.240885 -2.448641
0.697529 2.328023
10.570621 -0.493742
4.577886 2.666948
2.677121 -0.008460
10.621799 -2.376635
5.265464 -1.943786
4.325121 -0.879833
9.308838 -2.897912
6.184923 -0.334267
5.374467 0.885792
11.826214 -3.055300
6.767003 -1.728648
8.294086 -1.608432
8.054852 2.485719
5.733468 -1.093896
9.749748 -0.982885
12.689734 2.907768
3.434881 1.338994
10.045146 -1.317280
11.215119 -1.336158
5.408350 -0.146810
13.422785 1.250099
10.527305 -1.956331
6.188783 -1.116461
15.474568 1.438359
10.536785 0.324734
5.399968 -1.563058
17.350355 2.635612
10.067756 1.913650
5.781720 -3.288738
19.563997 -0.168653
9.019091 1.438943
7.211314 1.203408
3.752444 0.845130
10.524255 0.266436
6.542185 3.899835
3.002062 -0.955557
9.661507 1.659713
7.825522 -0.921579
6.030540 1.898729
12.259618 -0.154158
6.172347 2.285702
4.933056 -1.398220
11.995275 -1.328297
8.503048 -0.708968
11.989473 0.301462
10.537468 -2.322287
9.411547 0.995724
10.946422 -0.089444
10.652809 -1.264442
8.062405 -0.189483
14.867358 3.022701
9.038757 1.213112
7.489470 0.882103
15.467993 -2.467038
11.052748 2.177962
6.888287 0.931527
18.574347 2.270915
12.305053 2.225064
9.061881 1.148118
1.280652 0.232030
9.967396 2.562391
11.345951 1.956834
3.178204 -0.736753
8.624533 -1.283574
9.310781 2.210249
5.855093 0.791781
6.576825 0.556893
8.604497 -2.708125
6.300568 -1.335526
10.347451 1.100451
12.096006 -1.026828
8.110735 2.977495
15.015536 1.383162
10.279801 -3.122893
11.269462 0.772431
12.829374 0.562874
11.192648 0.865288
13.480772 -1.531930
11.757255 -0.432138
11.312385 0.751463
14.874602 -2.523408
11.893810 -2.424367
11.290785 -1.408018
16.773935 -1.728956
10.565850 -1.468833
9.023768 1.280904
0.909840 -2.436379
11.312836 -1.799995
10.496031 -1.404773
2.176437 0.001440
12.401894 2.634857
11.849348 -0.973076
1.591179 0.211484
8.856302 0.123729
12.225147 -1.322883
4.482031 1.248371
7.973705 -1.901859
11.105381 0.226843
5.728693 1.999890
8.436200 -1.281671
10.843171 0.171326
8.944744 -2.405823
12.323462 -0.702800
11.775129 2.276250
7.290909 -2.352690
11.675726 2.119842
12.024547 -1.897523
11.032097 0.975926
10.295220 0.872210
12.864875 -2.669739
14.086972 -1.099573
6.831573 -0.635394
11.178707 1.746880
16.235029 2.192919
10.395449 -0.364505
12.549360 0.491462
17.142576 -1.266704
11.809051 -1.576213
12.697670 2.185547
19.790760 -1.440937
12.965384 -2.474779
13.279030 1.852545
2.687626 -1.792978
5.980610 2.267882
11.233892 -1.206335
6.433349 -0.926438
12.351213 -0.031262
13.549097 1.215788
4.596075 1.772828
10.510681 0.947736
13.955262 0.291719
7.903399 -2.737923
12.954081 -2.644978
14.329918 -2.012173
9.660929 -0.355718
11.948123 -3.281989
14.125886 -0.894444
13.072097 0.016944
9.345625 1.221736
15.792974 2.991802
14.972623 -1.191988
14.609970 2.390703
14.731152 -0.407350
17.241941 -2.047140
11.180676 -0.154123
14.281294 0.424873
17.237392 0.858241
13.094761 -1.005727
14.016208 -2.313633
0.086111 0.984654
12.924673 -1.209480
15.637479 1.487152
19.522209 -2.260142
11.986097 -0.705985
14.890780 0.684279
3.035145 1.447793
11.973215 1.786749
15.294717 2.052709
5.005965 -1.650186
10.233902 -2.116659
16.028120 -3.058763
8.536045 0.589244
11.719971 -1.561883
17.411190 -4.043539
8.116178 0.913965
7.667933 0.252413
18.270981 0.721202
11.862839 2.141630
13.075780 -0.030084
14.586414 -2.386388
14.679580 -0.439951
13.737556 0.566255
15.757362 3.226470
16.013649 -0.703869
10.007172 -1.199901
15.218331 2.482937
18.793827 2.109094
13.307175 -2.605213
16.163866 -0.667299
17.676208 -1.597594
14.736967 -0.375957
17.457113 -3.478361
1.741457 1.124557
13.017995 -3.420341
17.034538 -2.507654
0.438090 0.370685
11.381904 -2.613693
18.289967 -0.155994
6.383597 1.915173
10.392533 -0.711942
19.267387 -2.408013
7.597404 -1.104153
11.023102 -0.181659
17.306286 2.354055
10.095084 2.043597
10.048203 -0.407416
16.125042 -1.462469
11.246149 -2.945198
8.059263 -0.157643
18.658606 0.169953
14.011549 -2.535331
5.789768 0.064563
0.615297 -1.470767
15.239716 -1.332400
8.355783 -2.674127
17.228449 0.646754
16.370409 1.133043
11.375100 0.036192
16.621298 3.006943
19.814999 -0.044950
11.256155 2.387351
19.165405 0.996748
1.652890 -1.960940
7.651450 1.235876
19.154167 1.049658
5.464850 0.071334
9.645800 -1.925363
19.177500 1.575235
5.962992 0.104248
9.892371 1.286296
17.401814 -1.660568
6.915893 -1.930398
8.059635 0.480644
0.790049 -1.368361
7.567276 2.656863
7.191776 -0.546565
0.058727 -1.521163
12.725802 2.560876
7.567183 1.884329
0.377127 -0.667370
14.730706 -1.374242
10.343355 0.168544
1.262450 -0.981649
15.232426 -0.431609
9.803487 -0.131882
0.259049 2.764478
17.636423 -1.606687
10.019648 -0.022757
1.886421 -0.717344
17.003683 2.666556
12.334889 -0.786596
1.548633 -0.576322
1.515345 3.355829
13.686622 2.207829
1.510495 -0.627802
4.589056 -1.597576
0.038743 1.095533
2.670081 0.691180
7.080641 1.942859
16.254324 -2.938291
1.704230 1.507878
8.879855 -1.113325
14.039190 0.046749
19.746058 1.747407
7.601074 2.209135
14.335850 -3.111995
18.837877 -1.369665
10.206092 -0.267773
12.500870 0.784628
1.536443 2.220647
13.686263 -2.818503
11.515048 1.741830
2.765251 -3.591480
17.537428 0.717795
19.666241 0.684092
19.813105 -1.100932
0.295860 -1.366694
19.455189 1.238165
0.411900 -1.377436
2.182290 1.438178
0.473297 1.502517
2.607939 -1.412488
5.152903 -1.900859
1.428013 -0.733163
4.766608 1.537297
5.084091 0.464723
15.416727 -1.386817
2.009315 -1.606352
5.568208 -2.325490
0.803119 1.073348
0.644567 1.158583
7.803142 -2.705904
0.150247 -1.126242
1.828600 1.361286
8.947475 1.584854
2.082605 0.265271
3.971982 1.182414
11.190280 0.969420
11.702011 0.877713
2.932474 2.053813
12.346767 2.136834
2.143688 2.768385
3.003634 -0.043545
19.950333 -1.719707
13.030806 0.749004
1.287739 1.338924
17.335623 1.362994
10.705566 -3.106847
4.109138 0.719972
18.805845 -0.564382
11.474940 -1.371013
7.287066 0.294126
1.033516 -3.202762
3.132820 -1.675857
2.119792 -0.571735
3.051418 3.231651
12.280511 1.642593
5.078297 -2.871802
3.425217 -3.163079
3.190255 0.832102
2.912287 -0.091910
9.330649 -1.613579
1.406971 -2.823723
3.105720 -1.015056
9.637460 0.648277
13.402277 -2.119490
0.148796 -0.069019
11.310894 -1.542364
0.025038 -2.133424
11.364803 -0.686826
17.981632 0.998728
2.197961 -0.163921
7.131159 1.667532
16.282879 2.466590
2.087808 -0.961027
5.518530 1.920397
17.456028 -1.579235
1.511650 -0.306251
1.792393 1.144525
1.635243 1.787496
1.545950 0.495723
8.306315 0.917273
19.798746 -0.132168
1.206881 -1.130181
9.181133 1.307185
6.825416 -2.439642
11.961979 -1.798750
7.843246 2.054289
6.347106 1.817219
0.747553 -2.457171
8.499851 1.051974
8.665135 2.377848
17.684042 0.031144
9.926960 2.187925
11.622715 -0.269226
17.610514 -0.762810
10.266334 2.779579
13.572306 -1.057589
19.583063 2.053990
9.998256 -1.776342
16.547091 2.626225
2.931850 -2.229595
9.023838 0.689597
16.140266 -1.680452
11.196174 0.870052
7.631587 1.070745
16.799944 -0.609266
1.411933 1.098270
10.130629 1.870774
17.017035 1.164597
11.187366 1.532341
10.145729 1.241211
3.974511 -1.545737
0.873019 0.109489
10.367148 -1.895254
5.373344 0.833017
9.770543 0.795639
10.647928 -3.245766
5.136704 1.121098
11.852949 0.592708
8.898117 4.102391
8.617530 0.509402
1.235490 0.877762
11.317003 1.091953
7.220244 1.817795
13.595866 1.939266
9.583611 0.014497
12.530765 2.512136
16.412247 3.453758
11.220304 -0.727048
11.724588 -0.296939
1.916970 -1.754661
11.787418 -0.733668
17.953369 2.942593
13.522262 -1.672807
11.072495 -0.931141
17.392675 1.619680
0.757440 -1.569029
11.537825 2.919496
19.598059 0.206008
11.214394 -0.657919
13.063353 -0.562051
3.127820 2.352470
11.129143 -1.130925
11.988413 -0.199719
4.672282 -2.664994
11.312117 0.289912
10.852999 1.551493
6.110624 1.213254
12.035388 -3.248340
15.393051 1.262549
8.274218 0.182455
15.897500 2.337935
11.663412 -1.242652
8.490321 0.426542
13.270729 -1.434111
11.098927 0.589356
11.357882 1.967486
15.737829 3.486758
12.478287 0.453091
15.059916 -0.177326
13.261525 -0.911658
12.246633 -1.427497
15.689736 -0.014831
12.189651 2.366965
12.654441 -0.583522
17.900087 0.091186
13.217237 -3.366201
11.732010 0.410255
19.167404 -0.257056
14.748730 -0.061006
13.410619 -3.033430
2.363286 -1.037689
10.249260 0.351335
13.579729 2.165692
4.862075 -2.460280
14.182954 0.929866
12.871144 -1.649063
4.131148 2.382136
12.573775 1.758413
14.665677 -1.148054
6.671170 0.232922
14.968918 -1.416149
16.951740 -1.395700
9.126492 -0.271632
13.250276 0.368095
15.383405 -3.104392
11.198153 -1.185800
10.207412 0.106301
15.052713 -3.574632
13.295680 -0.804511
15.056126 -1.693106
16.665842 -0.753715
17.214504 -0.268867
16.143456 -1.993892
14.319255 1.242362
18.742628 0.034743
15.012957 2.589652
14.031617 -0.190805
0.551983 2.877331
13.538381 2.743002
14.663187 0.928398
1.677861 1.820802
13.777065 -2.452797
14.675423 -1.881688
3.581576 -1.772471
14.903881 2.701130
14.868437 1.038152
6.675641 -0.031351
13.658534 1.663700
16.289343 2.108878
7.997600 -1.796942
14.607499 -3.287693
15.386216 0.227671
9.835966 -0.915480
9.014864 -0.683190
17.013605 0.499765
13.359746 2.842409
13.675830 -0.260706
14.524052 -1.677236
12.937401 1.656489
10.437419 1.321380
17.276430 -1.767740
16.388680 0.819732
11.888000 -0.733506
15.794816 3.509761
16.159716 -0.427200
14.491316 -0.847879
14.988630 2.833672
18.994493 -1.059326
15.832474 0.727854
17.263020 -1.151569
3.838378 1.695019
13.222317 0.014037
16.372082 0.907809
2.255721 -1.653351
13.113548 -0.646367
19.228615 -1.763289
5.771628 0.602248
13.320524 -1.659575
17.768541 -0.354047
6.925683 -2.923769
11.446410 -0.214754
18.760132 1.400420
9.127242 -3.286623
10.803642 -1.864402
17.022364 0.676526
12.852226 2.010868
9.709343 0.655404
17.948206 2.549499
14.851234 0.184465
6.459343 2.087664
19.206434 -0.351261
16.318224 -1.453682
8.781319 2.037553
16.675743 -0.754996
18.337429 1.929051
11.261338 -0.703248
1.022062 1.958088
18.448252 2.727014
12.433716 0.748706
0.216788 -2.901578
2.618107 1.216811
12.325710 -2.887691
18.565544 2.590463
3.411933 -1.558584
11.035893 -0.888544
18.867443 -1.438684
4.795574 -1.261374
11.351542 -1.929662
0.139362 1.592685
6.220946 1.531174
9.862642 -1.683920
0.908933 -2.648980
6.890026 1.707017
11.324597 1.861217
0.567827 0.759337
8.534748 1.044666
9.455450 -2.471502
18.685827 -1.756428
12.670336 -2.506721
12.902192 1.487458
19.384457 1.456545
16.485270 2.369917
11.386605 0.442613
18.895037 0.991456
17.438343 2.041588
13.116000 0.191348
1.381918 4.007115
19.476374 -0.023402
1.286650 -0.205202
19.778112 1.678825
1.505524 1.288052
17.130894 0.646830
19.551748 2.318301
2.926494 -0.670377
18.971882 1.036091
1.181545 -1.524573
7.427750 3.065874
0.529865 -2.252083
18.204401 0.955377
8.166256 -0.274673
0.996953 0.971744
19.679323 0.810347
9.593212 -0.312601
17.215940 0.809828
1.141805 -2.644981
10.816431 0.565222
19.805384 -2.048171
1.433690 1.995883
12.316331 -0.416961
1.857489 -2.660311
5.370742 -2.305123
15.618883 2.342338
3.436777 -0.147013
2.990655 0.069469
17.454153 -2.293282
0.227276 -1.795575
18.110054 1.725233
1.191685 -1.049166
2.404997 0.028992
3.617848 2.810079
1.809856 -0.366487
2.979701 -1.000248
3.739874 -2.401634
4.252650 0.536061
1.988820 0.533260
3.433111 -0.965853
6.300690 2.001669
1.999757 -1.229829
1.351328 -2.815900
9.345515 -0.070903
3.923531 -2.204519
3.869247 0.982964
10.706960 -0.737702
2.739152 1.361266
2.199998 0.689880
11.049010 0.385574
3.115126 1.310424
4.405890 -0.911590
14.591160 -2.406494
1.591626 1.882959
3.535249 -0.591863
17.567860 -2.231384
2.874900 -0.352557
4.298333 -2.712169
18.830894 -1.021651
3.744760 -1.959818
2.365478 0.849568
19.215441 0.468425
2.147216 0.767304
5.109897 -2.403826
2.958228 -1.552292
3.070427 1.180865
5.479108 -2.078673
5.109753 -1.566546
3.199497 -0.120048
3.791381 0.704689
7.740559 -0.495935
1.327452 -1.075881
4.495045 1.689460
8.077833 3.524972
2.698795 0.991195
4.806114 -0.647273
9.572309 2.157947
3.293312 -0.213132
5.346055 1.619834
11.529671 -1.114509
3.300351 0.381261
6.186642 -0.269264
14.626979 2.924911
3.374769 -0.766429
4.573758 -0.407526
16.485889 -1.523872
2.854254 1.092616
6.793838 1.113755
18.558271 0.608112
2.207720 0.321356
5.329368 -2.710555
0.541796 2.355953
2.702386 1.892145
6.887585 1.280000
2.069102 0.612680
1.890781 -3.294426
6.756540 -0.920961
3.860823 1.864994
2.336027 -2.453119
7.831513 -0.694404
7.737240 -1.221219
4.099370 -0.831746
7.919858 -1.152969
8.938107 1.740139
1.582687 -1.669879
6.500885 0.315094
9.055403 -2.476480
1.513235 1.819624
6.873081 2.742506
14.384307 -1.513371
3.102961 1.561188
7.886106 -2.029628
14.843284 0.863006
3.753635 1.449908
7.982765 -1.688578
17.434212 1.047229
3.236443 1.860599
8.718705 -0.992528
19.227386 0.099960
3.016476 -0.235153
7.128001 -1.052050
0.305555 -1.163579
19.926662 2.037938
9.756363 2.547817
0.152994 -0.313018
1.102346 0.330543
8.399824 1.187168
1.659680 2.801743
2.800795 -2.385301
10.401079 -2.151871
6.107128 -1.014609
2.389603 -2.874260
9.918809 -1.360798
8.226757 1.063093
18.025751 -0.967599
10.807560 0.153124
8.877523 -2.267741
19.425819 0.242637
10.707193 -1.333336
11.899059 -1.983939
19.128670 1.082112
11.598319 -1.410880
15.742944 2.709361
3.462226 1.429434
9.766824 0.000578
17.774904 -0.676323
19.209404 0.551150
12.654813 -2.120220
19.130741 0.451660
1.887015 0.357797
10.112269 -1.483433
18.830965 -1.096552
11.156493 0.675026
8.533600 0.715856
2.893059 1.701090
11.093861 0.400322
9.142127 -0.907527
5.404441 3.017629
12.549820 1.622401
8.300409 -0.088684
4.276141 -2.227419
12.450701 -1.285087
9.659240 0.894073
6.896919 1.676615
13.894575 2.323769
12.319532 -0.938964
8.337915 1.674358
14.505043 2.691138
11.205004 -0.001328
9.677804 0.350372
13.078606 2.180059
10.346748 -1.518951
15.610994 2.498449
12.522487 -1.481736
8.308679 -2.736596
15.427800 0.456075
12.629029 -1.830914
10.039408 0.615848
18.980394 -0.462253
13.489851 2.929564
10.515428 -3.004784
0.868297 -0.848865
12.971504 -2.019286
9.857833 0.360461
2.925790 -1.593020
12.519608 1.746934
11.611114 -0.878176
3.486872 1.468725
12.935347 2.899535
10.118545 1.951574
5.046562 -2.379143
12.893051 3.495808
12.012651 0.098060
5.372393 0.202402
13.324462 3.175386
12.510802 -0.752672
10.236933 -0.371599
12.387770 -1.042989
12.871028 -2.697018
14.205907 -0.276469
11.310189 0.064622
14.593742 1.543601
14.864367 -1.859498
13.880754 -0.454398
12.970699 1.742713
17.315670 -2.110680
12.846202 -1.817751
14.371333 -2.991121
18.194057 1.216891
13.775210 2.273408
12.680567 0.388819
0.828906 -2.462880
14.628935 -2.849343
15.927069 -0.010377
0.683125 0.465723
14.861204 0.757231
15.986672 2.574506
3.009146 -1.490053
13.448801 1.546328
16.235428 0.237149
4.194548 1.425448
13.553669 -1.648732
13.169416 -0.495807
6.760095 2.832791
13.288592 -1.353903
18.144835 1.673920
8.733378 -2.317224
12.170307 -1.570111
17.000910 -0.989912
11.506159 0.663368
12.308491 2.821463
17.786671 0.201942
13.419502 1.337314
11.588801 3.089360
18.296309 1.147120
15.416229 -1.111915
9.346578 0.512347
18.487188 1.264271
17.480762 1.421952
14.212492 1.930040
16.977552 2.153666
19.020548 -0.513023
15.228558 -1.081281
0.518445 -2.148003
3.687628 -2.724781
13.985820 0.353853
17.885880 -0.225545
3.423087 -1.711500
12.350368 0.519484
19.359417 -1.888269
7.599350 2.564635
13.032228 -2.698066
19.853872 -0.528251
9.374472 -0.036954
11.779367 0.306245
19.820120 -2.582391
10.713791 0.883932
11.140867 -1.606814
18.433783 1.848508
11.765053 0.138374
10.263532 -1.586732
19.300396 1.849146
16.028231 0.805616
8.376270 -1.756775
19.116777 1.301173
15.969852 -1.348253
12.449911 1.770900
17.532145 -1.340392
18.652430 -0.143359
13.728182 1.485485
18.574213 -0.845063
19.782551 0.997102
11.679522 -1.355117
5.557998 0.309163
1.559617 -2.989064
10.800718 0.007649
0.187829 -0.430888
3.342034 2.997034
12.172247 0.150109
0.496391 2.238326
4.597224 0.213518
13.190804 2.168622
2.964761 -0.441719
8.049463 -1.285677
12.500038 0.718484
1.506290 1.638274
10.149443 -1.746382
10.059174 1.016003
19.332613 -0.100276
10.264397 0.224068
12.259128 -2.474871
19.723795 -0.870708
12.795459 1.071408
11.806279 0.961968
0.103196 -2.641039
14.909574 -0.897818
11.358919 0.515165
0.645221 -1.126214
16.650484 -1.532140
12.579897 1.309661
19.660622 2.632265
18.702175 2.306479
3.653083 2.699210
2.200456 -1.105689
1.149959 0.861509
19.452099 2.202860
19.277689 -1.299380
7.022251 -0.518754
1.779445 0.506635
1.551935 2.458570
6.486506 -0.897243
3.418841 -2.145409
1.622685 1.270265
7.966121 2.603029
4.565303 -2.882264
2.104651 0.762792
10.842494 0.336567
0.139755 3.560339
3.263015 1.041981
11.165871 -0.591569
2.388021 -2.506983
4.368948 0.262713
13.006314 2.325306
2.251194 0.909925
3.092984 3.439657
15.647059 0.192042
5.142660 -0.948115
2.387002 0.913098
17.976727 -0.115033
5.272835 1.053379
1.436741 -2.858679
19.603075 -1.649203
3.858682 2.085549
4.233436 -1.159418
2.768687 -1.710031
4.413929 -0.343121
2.712484 0.721122
4.260413 -1.139108
5.068040 1.989677
1.475708 -0.246071
7.050418 -2.650027
1.809376 1.911486
2.515066 -2.240910
7.932561 -0.625439
4.582203 2.448897
4.226853 -1.025103
8.888631 -0.330428
4.719574 -1.174983
5.545821 1.859105
10.173563 -0.917272
4.003320 -1.160265
5.372255 -2.297712
13.161602 -0.095595
6.167015 -0.562708
3.863677 -3.239794
15.332680 -0.102479
5.139513 2.437585
3.886600 0.788827
16.793009 2.785774
4.651771 -3.199114
3.883912 -0.562916
18.819710 1.069122
4.034832 -1.007830
5.675584 1.041919
1.467913 -3.221533
3.963655 -1.671039
4.108061 0.873668
5.825778 -2.024099
4.940174 -1.819448
3.241251 2.996863
7.288683 -0.256257
3.451288 0.085069
6.003347 0.645705
8.507918 -0.421571
1.723165 1.218680
6.177388 0.829784
11.032204 -0.800896
6.425580 1.338052
5.073575 0.294796
10.612077 -0.092836
4.748659 0.492555
8.067810 -0.946084
15.731384 1.226152
3.853960 -3.160576
6.446351 -0.262163
16.359964 -1.374456
4.225019 1.305336
5.452754 1.078181
17.786840 -1.107861
3.823727 -1.481288
4.009299 0.699755
0.711121 -0.123362
4.496112 2.675575
7.856812 -0.456831
1.167391 -0.676868
1.795213 -1.334020
6.791417 0.715580
5.952918 3.539043
2.771791 -1.546834
5.420257 0.401520
6.983565 -0.478735
5.841208 -3.052131
8.460497 -1.538514
9.104324 0.441263
19.195829 1.445778
9.517555 -1.707502
10.349513 0.073585
0.757489 1.328448
4.971008 -2.740029
9.860362 0.815296
0.819046 -0.927568
5.080956 -1.114226
12.329370 0.697400
5.384821 0.300678
8.813835 0.463363
17.198490 1.741831
5.364954 -0.723249
6.954968 -1.733797
17.242702 -2.216055
4.623698 -1.549753
7.399057 -2.765253
18.979965 -1.309385
3.974124 1.084446
9.639897 -0.016455
2.581551 -2.826597
1.559440 0.150673
8.493508 3.144740
5.015199 1.318591
3.017976 2.085199
8.557518 -1.108717
5.963118 1.120924
0.088740 1.032684
10.166805 2.848353
8.335822 1.986986
19.683212 0.985230
11.253501 -1.161538
9.881954 -2.239065
19.090740 -1.598370
9.141044 -2.256435
12.909706 -0.750978
1.051414 -2.435322
8.601810 3.754334
15.811691 0.045965
4.363695 -0.959352
9.510765 0.250014
14.470352 -1.194908
5.025954 0.943147
9.283231 -1.910410
18.910961 0.957579
3.609399 1.136881
10.391177 -0.566503
19.758234 1.483871
1.872455 1.817363
8.427845 -0.432896
17.677849 1.568269
14.546924 0.851650
11.094408 -2.804077
4.476108 0.260924
0.495243 3.432183
13.225500 -0.304458
7.245662 1.686130
17.334690 -0.388874
12.218884 2.046161
7.379422 2.077055
14.563484 -0.704119
11.468504 1.898739
12.802900 -1.564545
16.067245 0.158024
11.922070 2.698812
13.452506 0.772239
14.876286 -0.167161
11.737134 2.832696
16.386442 -1.899859
18.721199 1.659073
10.841605 -2.213619
19.154364 -0.575867
14.372200 0.637699
13.132555 -3.182495
19.054279 -1.016942
19.435812 1.194587
11.762300 -1.529454
0.832060 0.799504
14.878479 -1.272756
11.404418 2.445392
19.942957 1.784396
16.545294 2.298715
12.904717 1.562185
4.780742 2.077301
19.355042 1.833081
10.140576 2.858789
6.441207 -0.120473
14.123053 -1.365394
11.166488 0.024707
6.718370 2.824103
16.406078 -3.967287
10.541955 0.158028
9.971128 -0.596787
13.242571 1.513504
12.754994 0.367606
12.397112 1.909714
14.188433 -1.683312
13.033909 0.552074
13.985643 0.651198
16.796581 -1.918926
12.062810 -1.447066
16.575748 1.821077
14.535980 1.465508
13.816695 2.413308
15.646670 0.301527
14.534881 0.312829
9.965650 -2.711295
18.757263 -0.408314
16.306347 -1.105592
16.613787 1.893559
1.818731 -1.156548
14.294030 -2.417465
17.632915 2.529542
5.177806 -0.517823
16.660599 0.027044
13.870481 0.137480
6.760571 -2.751614
14.983821 2.585491
18.632521 -1.295357
6.611020 0.621135
14.115612 -1.734069
17.034981 -1.431888
10.717850 1.035462
12.297107 1.470325
15.843935 1.211808
13.553814 -0.315128
15.269380 -1.124951
13.473300 -1.217614
12.585341 2.530687
14.120248 0.863500
15.947809 -0.922699
14.241697 -3.078009
15.344625 1.656333
11.532898 0.892068
18.147299 -2.583501
15.593381 -1.435684
17.413668 -0.153816
0.143077 -1.704357
15.162655 1.829353
19.126854 -0.835921
0.767346 0.267783
15.396261 0.124098
18.905275 2.959651
4.562137 -2.708215
15.044232 3.351581
16.919781 0.456035
7.153989 -0.713255
13.140306 0.268069
1.016595 0.423932
6.347544 0.618323
14.752715 -1.041568
0.321171 -2.371686
5.817467 0.002022
12.680331 -1.235899
18.302418 -0.995633
10.411077 -3.373172
10.889718 1.289248
18.840063 -1.211960
13.802021 0.763119
13.057876 1.000763
18.824894 -3.382222
14.698300 1.122312
13.744334 -0.813945
18.410864 2.937643
17.735212 0.724003
12.305552 -1.718159
17.496828 -0.562196
16.821283 -1.433435
12.980148 0.366567
19.913872 -0.634505
0.789064 -2.285279
13.917394 0.601275
1.498101 2.497363
2.652028 0.344294
13.693678 2.281613
19.613710 -2.348848
4.058274 1.944718
14.790311 -1.369752
1.565621 1.298846
7.462415 -0.686839
15.214251 -1.701007
18.644243 -0.487744
8.408719 2.128769
13.537492 -1.919121
18.402412 -2.096884
12.031482 -1.089495
15.336359 2.579718
0.583140 0.859775
14.347464 2.208297
14.532539 -2.486640
0.020913 2.285308
17.051243 -0.843353
14.393188 1.276455
1.072374 3.192606
0.898188 -1.187374
2.542668 0.241739
0.987300 3.538529
0.069290 -0.024765
6.143614 -2.114105
19.780846 -1.110938
2.477198 0.489498
3.228997 1.065714
0.454667 2.085856
1.959538 2.059773
4.568476 0.778966
0.016413 0.679052
8.267497 -0.040953
4.929999 2.803079
2.167201 -1.455705
8.983911 -0.678307
5.620541 0.704313
3.493587 -2.581552
10.315660 1.448229
3.726397 1.935478
1.324564 2.386108
12.628062 -2.039920
4.069745 3.005195
2.978613 0.703005
15.497565 -0.010451
3.802490 -0.891481
1.508222 -2.514096
16.604662 -0.069743
6.601253 1.191501
3.092243 -2.776976
19.193802 -0.660435
5.316046 -0.213355
1.158478 -1.037222
1.553333 2.374782
5.340667 -1.658492
3.033333 -1.581187
0.593881 0.347307
4.826863 -3.069817
4.798134 1.942381
4.232165 -0.138903
5.628296 1.526191
3.479314 -3.009587
5.541216 -0.358322
6.736095 -1.884917
2.578225 0.491341
6.954434 0.983299
6.265707 1.344549
3.261285 3.478682
8.607642 0.478190
5.219668 -1.230482
4.324709 1.228799
11.961179 -1.430238
4.649960 2.270890
3.736370 0.804402
13.803480 0.680235
6.784620 0.419752
2.743205 -0.738966
17.185249 -2.852243
6.307080 0.582388
4.416542 0.903454
18.011833 -1.066776
5.662011 3.122135
4.793538 0.924557
0.129571 0.835885
5.431332 -2.611629
4.421740 -1.112377
2.052911 1.848125
3.817577 -1.628941
5.992125 -3.445582
3.375754 -0.730343
6.324747 -0.528906
5.174529 3.102482
5.244607 -1.052954
6.242211 -0.360274
5.002311 -1.917773
8.905741 1.417278
6.846692 1.753315
6.760762 0.703027
11.378329 -2.613443
6.868330 0.742964
5.155950 1.120372
12.441221 1.239610
2.407148 -1.225641
6.238064 -0.644061
12.889600 -2.693324
6.036702 0.350979
5.516569 2.517788
16.479696 2.497886
5.788025 1.034261
5.960413 -1.787217
18.688660 -0.996158
4.010211 -3.158176
5.580519 -0.334933
19.608889 0.735047
5.371717 1.510039
6.432893 2.908286
2.321255 -0.024914
3.355179 -1.429441
7.259455 1.357593
4.788920 -3.148747
4.744009 -1.667079
6.062040 0.141195
5.712741 2.487968
7.609704 0.946872
9.193945 2.122126
9.117867 0.664511
5.221721 -1.981555
6.470948 2.488095
8.562578 -1.879480
0.506720 -1.632338
7.535748 -1.585623
10.407969 -2.798294
4.434160 -1.884054
7.278121 1.671053
13.620561 -3.042578
8.542089 0.710963
10.410508 -0.816737
16.319696 2.436623
6.875757 -1.395702
9.894555 0.827928
19.251337 0.637086
6.458702 0.533021
7.903621 0.177333
18.300154 -1.858645
5.606124 -1.967523
8.739955 0.475711
2.438106 -1.759446
2.554270 -3.026370
8.407288 -0.204012
3.133882 0.329604
3.757219 0.658040
9.064506 -0.249491
7.446939 -1.000405
4.448853 -1.248116
9.819211 2.708024
9.215489 -0.645837
1.094505 -2.749547
9.626597 0.283098
10.292627 -0.170344
0.978561 0.297201
8.855612 -0.603205
13.912187 1.412202
5.619913 -0.851066
8.057144 -0.460864
12.145839 2.820367
5.497975 -0.489313
10.708302 -2.572044
17.769455 -0.220629
5.483445 0.911315
11.039830 3.390768
19.744507 -0.054398
0.901436 -2.644876
13.308572 0.850473
0.294346 0.038866
14.193855 -2.724176
11.459299 -2.395987
2.440943 -0.384643
17.648882 0.320735
11.212162 0.223037
5.435912 2.603697
19.869926 -3.469068
11.966167 -1.420469
5.884805 -1.626870
4.101948 0.975701
11.342851 0.556622
5.219088 -1.005300
4.121545 -0.528236
10.868687 -2.675712
7.525740 -1.118747
18.080242 0.837872
11.868135 -2.917669
12.738027 -0.447102
19.259354 1.460633
9.097192 -0.597501
14.877805 -2.923462
2.706632 2.497880
11.134776 1.063833
16.169161 -0.939898
16.010275 0.820117
10.492659 1.875782
15.117089 -1.191296
17.657663 1.860293
12.120056 1.241480
0.149899 0.692689
15.725199 -2.000131
14.868814 1.348565
1.975655 -0.101728
15.467052 1.667561
14.139234 -0.956425
3.912616 -3.248116
18.202387 2.393744
13.027868 -0.778566
5.769044 1.260962
15.959546 -2.476844
11.728810 -1.828478
6.227253 1.924794
14.950726 -1.786330
12.309546 -0.340215
11.091225 -2.110751
16.783136 0.309639
12.965039 0.045234
11.976619 -2.161716
17.447927 0.046558
11.761560 1.084028
14.684133 0.161427
18.423758 -1.363854
14.536817 1.985471
14.389608 -0.141624
16.364494 -1.289044
13.953958 1.640920
15.823202 1.440217
2.466865 -2.395174
12.017293 -0.398536
19.879448 1.921373
17.609217 -0.695321
15.073507 -2.349114
2.084949 -0.003421
15.131911 -0.739643
15.911733 -0.192220
4.915270 2.717700
16.427872 -1.694072
15.974047 0.906168
6.613776 -1.274752
17.447149 -0.150664
15.099222 -0.747862
7.828801 -1.193824
16.816360 3.007309
16.761307 1.326049
8.628401 -0.820282
14.120052 -1.244846
13.861891 1.369584
11.215201 -3.870449
15.620743 -2.426678
16.286272 -0.120905
13.418677 1.717858
13.998466 -1.231552
17.557234 2.573605
16.168560 -2.359814
15.797297 -0.992785
12.337739 1.374103
1.312087 -0.317570
16.412638 -0.258212
15.299749 -3.682040
0.341395 -0.111721
16.890657 -1.481149
18.291975 -2.425913
1.376813 1.138670
15.584835 1.552798
18.691641 0.734041
2.720318 2.742840
16.156055 -1.667992
17.549355 -1.048937
5.626659 -3.096234
15.919970 -0.375897
0.128016 2.310012
7.759543 0.140591
16.038321 -2.378090
16.239237 -1.999591
10.574251 0.022592
13.688194 1.543768
16.539728 -0.310799
12.561724 -0.173921
14.211028 0.200899
17.733246 -1.069091
13.753699 -2.384074
14.719397 1.867960
19.098377 0.172503
15.168385 2.523731
15.539244 -0.749005
18.384729 -0.260597
16.796164 2.172098
14.474414 -1.688073
0.075408 -0.711977
19.052469 -2.037357
1.934559 -2.394608
0.736427 -0.164000
3.332351 0.685919
1.384439 2.411893
2.939569 0.302247
3.330419 1.595638
16.828556 3.150576
0.677403 0.642897
4.616261 -2.332417
3.224125 -0.190277
0.359556 2.424088
6.591066 2.263808
3.780950 3.392353
0.816087 0.650745
9.724379 -0.564348
14.019325 1.205999
19.589207 -1.443621
13.375031 -1.027388
1.419938 1.538588
2.767743 -0.671719
12.505037 -3.319561
17.373974 -2.281874
0.463302 0.928736
14.255005 2.262244
16.236998 -0.418360
0.373672 -0.874373
16.047100 3.705260
3.897112 -0.865420
0.657178 0.835457
18.442038 1.630543
