1.378811 0.509113
2.633288 0.565816
1.588954 -0.488014
23.411482 1.689535
2.804812 0.475215
5.141332 -0.285700
0.028538 -0.429656
2.859071 0.477315
6.976635 1.747407
1.718622 -0.327770
3.061136 0.183861
7.664674 -0.325968
21.931862 1.759003
23.479046 -0.028034
8.324483 -0.972744
0.289444 0.382479
1.934316 -0.924367
10.793077 -0.483618
20.853741 -1.030456
0.998249 0.374019
15.337475 -0.298487
0.911006 2.558900
1.214339 0.607431
18.583132 -0.784923
23.208494 2.040766
1.759631 0.141734
19.858385 0.574694
0.035079 -0.962907
23.089218 -0.362869
23.669281 -0.149459
0.017403 -0.149698
3.926645 0.766863
2.201936 -1.397763
0.793379 0.555499
5.727725 -0.856991
3.038007 -1.060871
21.733358 1.484251
2.230850 -0.669824
6.135309 0.484444
1.505571 -0.378495
4.333346 -0.624405
9.108436 -0.038252
0.487723 -0.361258
3.474796 -0.438972
12.318949 0.981970
1.273876 0.355864
4.767585 -0.090569
13.546611 0.052557
1.939233 -1.293315
3.792304 0.043735
15.327402 1.611237
1.620151 -0.770142
2.547643 0.811156
17.156807 -1.467928
0.625556 0.041634
3.241124 -0.336875
18.879980 -1.219816
23.405514 0.285634
2.666922 -0.398600
21.774044 0.046270
0.530078 0.119089
6.018686 -0.797776
0.987922 0.060523
23.233961 0.668739
7.333925 0.421736
3.161069 0.154816
0.541112 -0.660109
6.316262 -0.532393
6.567631 1.242392
21.806391 0.029401
7.347473 0.240273
8.231050 -0.616591
0.831008 0.552996
6.327567 2.048424
12.233363 -1.128923
23.604616 -0.138197
6.235622 -0.764539
14.116797 0.994060
22.408472 -0.082550
6.223200 -1.396609
15.444223 0.663699
0.143654 -0.839443
6.406973 0.897066
18.569345 -1.107831
22.503632 -0.769586
6.788678 0.220103
21.751801 0.047156
0.207991 0.464308
5.704382 -0.935149
22.612068 0.456835
22.825796 -1.323341
8.996540 0.914071
2.127929 0.483814
1.231974 -0.054331
8.278570 -0.067254
3.456160 1.511366
20.717720 -0.167809
7.251227 -0.642382
6.578701 -0.030692
22.646389 -0.354080
7.521957 -0.160630
6.613064 1.234432
22.930616 0.371548
8.313787 -0.069643
9.361238 0.765016
0.334821 0.510652
8.044948 -0.684523
13.208664 0.555348
23.663397 0.466465
7.990696 -0.403889
15.069291 -0.662317
21.003847 0.241583
8.572818 -1.180779
17.984032 -0.325202
23.702110 -0.559562
7.397501 0.352804
20.375660 -0.162575
23.348200 -1.290028
7.405978 -0.807712
23.463799 -0.671563
22.562666 -0.726614
10.719248 0.488815
3.071653 0.633746
0.324389 0.221398
11.848591 1.095106
2.479681 -0.832396
20.716326 0.142314
9.194847 -0.357033
7.419798 0.109176
21.422270 -0.108044
10.614058 1.185953
10.902657 1.977095
21.969753 -0.243284
8.825215 0.200040
10.843889 -0.208772
21.421930 -0.860137
10.312927 0.042498
12.820189 -0.490922
23.196878 -1.094696
10.218489 -1.350165
15.746666 -0.358618
0.030952 0.622326
11.428740 -0.215210
17.037970 0.467112
0.713202 0.660190
12.151972 2.010934
18.472601 0.601033
21.691515 -0.102415
12.893921 -0.801030
21.610683 0.451469
21.154055 -1.128855
11.938062 0.867553
4.762924 0.059498
3.041542 -0.080938
14.082073 0.777685
3.029682 -1.654383
23.493181 0.224631
11.283589 -1.317735
5.962554 -0.761282
22.623659 0.367865
15.133759 1.026501
8.606703 1.581555
2.343536 0.526673
14.221870 -1.268277
9.695725 -0.683092
21.118258 -0.198375
12.490921 0.655263
11.401664 1.053566
21.423504 -0.189117
13.619876 -0.164235
15.124825 -1.115226
2.338872 -1.182089
11.299623 -0.621907
17.982246 1.144467
1.728248 1.002198
10.888558 -0.373536
19.734205 -1.330672
23.423018 0.193686
11.723579 -0.048827
21.980236 0.476800
21.099052 0.639123
12.142470 -0.377841
2.586077 -0.105149
21.780867 0.093774
13.864996 -0.064688
4.732306 -1.388896
22.351265 -0.550652
16.357529 0.961305
7.301939 0.544309
1.421805 -0.338131
16.544390 0.881555
9.617124 0.756956
21.507536 0.401616
14.558072 0.764021
11.484921 0.399461
1.725991 0.647721
16.078323 -0.876236
12.888703 0.018986
0.029607 -0.140042
16.795244 -0.877469
15.829514 -1.593940
22.162474 -0.502899
14.625747 -0.032463
18.730318 -1.782945
22.826305 -0.012752
15.238182 0.775075
20.660419 -0.331004
0.812945 0.303868
15.392527 -1.459151
21.894560 0.937099
22.434444 -0.475629
18.451235 0.633883
22.785885 0.265050
22.331987 1.271125
18.242624 0.124272
3.921282 1.149235
22.359549 0.196366
15.868385 -0.152458
4.962817 0.724557
1.209748 0.138395
17.734337 -0.086636
8.163803 1.202371
22.436789 1.990614
15.908796 -0.625873
10.462282 0.108808
22.416746 0.136126
16.931486 0.032705
12.406404 -1.397375
23.243252 0.064413
18.634306 1.140964
12.801137 0.936841
2.538860 0.874207
18.072004 -0.512527
18.371584 0.383438
1.962729 -0.859943
16.540611 -1.273483
19.490982 0.837625
1.255642 0.579171
17.239584 0.275963
21.353779 -0.287304
22.352865 -0.191409
20.334671 -0.154133
0.197197 -0.560577
22.623697 0.241656
18.447021 0.924674
1.013536 0.206696
23.185884 0.458939
18.995447 -0.124780
5.358175 -0.130604
22.791065 -1.194179
20.080074 -0.333927
7.124760 -0.561518
2.194331 -1.959876
19.916031 -0.480744
9.820252 0.246258
22.019005 -0.158240
22.763462 0.082412
11.978535 -1.409374
20.894930 0.101150
22.733753 0.811296
15.968739 -0.972084
23.210859 -0.404450
22.256872 0.422591
18.770086 0.080495
3.015298 -1.547308
20.009943 -0.816456
21.686026 -0.442609
1.307692 -0.430447
20.954693 0.149123
21.715302 -0.690702
21.588949 0.515890
20.612991 -0.834161
21.996601 0.458293
22.389460 -0.603493
22.371426 -0.766612
4.419193 -0.201619
22.195036 -1.093916
21.992298 0.947966
6.422898 -0.316072
22.668135 -0.379446
21.517656 -0.844631
8.434773 0.859613
0.017658 -0.698246
22.038395 1.085540
11.948134 0.022549
20.980314 0.426994
22.646650 0.121424
13.669101 0.512640
1.156739 0.769737
22.558203 -0.175572
13.326379 0.115710
21.131996 -0.671636
23.120150 0.864253
18.228529 -0.109164
21.436638 -0.166938
1.286973 -0.996425
18.193403 -0.652029
22.238529 0.866369
22.383692 -2.055961
21.123415 1.633874
2.475682 -0.057122
1.539118 1.863094
0.451246 0.822538
11.182189 1.226039
23.262903 -1.750890
3.688000 -0.136935
10.132583 1.103156
23.155024 -1.068301
7.629290 -0.351435
1.506108 -0.516352
2.726748 -0.359486
5.713855 -0.222800
2.806402 -0.186608
0.893087 0.150972
11.001353 0.041579
11.683188 -0.305576
23.417490 0.164125
14.357978 -0.327205
1.868909 0.101333
22.367254 -1.634445
16.085796 1.621841
23.077105 -1.409498
0.316641 0.588811
18.438356 1.435763
1.933872 0.455399
1.202454 0.496687
20.169350 -0.079788
0.559921 0.216924
1.214332 0.292435
21.437876 1.350052
0.756983 0.172192
4.253228 -0.687383
0.603004 1.067742
10.309923 -0.144362
0.980675 -1.209159
2.530985 0.516773
11.095957 0.088709
23.472595 -0.775867
5.686420 -0.001565
12.103099 -0.213055
0.591005 0.500354
9.129939 0.182974
1.109645 -0.200501
0.521261 -0.317358
11.867601 -0.037864
2.149885 0.368406
2.863476 0.988143
13.497717 0.721139
10.716720 -0.144963
0.597407 0.049531
15.875721 0.809171
10.758482 -1.425505
1.476966 -0.600789
17.671888 -0.136401
11.355769 0.989359
2.111017 -1.640191
19.167625 0.198601
11.025526 -1.291448
23.435759 -0.477185
21.572182 0.087332
10.099179 -0.719932
7.530154 -0.649860
2.302905 -0.872775
9.771833 -0.079997
5.905097 -0.216244
3.400669 0.529287
10.299275 0.353809
5.940082 -0.363417
5.199124 -0.038976
8.899712 -0.320552
5.401673 0.249503
7.330087 -1.747266
9.734368 0.011761
8.676982 0.013475
13.816063 -0.276295
10.867206 -0.065134
3.953021 1.122304
14.853468 0.205677
11.459846 -1.183573
2.507282 -0.084537
16.054598 -0.149524
22.907581 0.500426
5.685625 -0.033975
17.161848 -0.136050
0.439527 -0.702771
5.009697 1.102532
20.537670 1.022473
10.098201 -0.295745
8.881044 1.220723
22.463974 0.176261
9.765572 -0.084173
9.360675 -0.874619
1.152453 -1.264070
9.929420 -1.358581
9.311462 -0.289251
3.226973 1.370013
0.412804 -0.103433
7.824935 -1.553384
5.233806 -1.951850
10.797995 -0.112564
11.515192 0.387651
8.834777 -0.658656
9.926403 -0.619745
10.587525 -0.219288
13.187846 0.781213
10.191957 -0.393217
10.327859 0.247801
14.996243 -0.274931
11.290039 0.899674
9.786279 -0.143202
16.337877 -0.160457
10.162496 -0.263171
8.871551 -1.087234
19.305286 0.839979
23.241301 -0.848512
8.488190 -0.299220
18.749126 0.653057
10.967154 0.451745
12.120322 -1.152111
21.996939 -0.665457
9.919546 -0.830831
11.197487 -0.605629
23.209171 0.044537
9.918571 0.057680
12.979599 0.005083
4.953196 -0.327112
10.634552 -0.396651
11.247330 -0.933563
5.712551 -0.945250
10.644910 1.061387
10.426768 -0.142151
7.434714 -0.015452
10.947775 0.213598
14.458906 -0.506151
11.713665 -0.016209
2.097028 0.213691
12.051715 0.825730
11.819695 0.242162
9.750814 0.094887
12.337523 0.410791
15.422813 1.713321
10.935822 0.286945
13.409689 0.659178
18.654051 -1.356433
1.054195 -0.450800
10.355793 1.133358
21.518450 -0.618048
1.451373 0.950762
11.054608 -0.220976
1.176121 0.599674
0.144632 1.490558
11.703520 -1.494160
0.056364 0.614945
1.538195 -1.761956
11.837538 -0.591153
5.637724 0.072507
0.360327 0.980611
12.778578 0.433939
7.090653 0.474062
0.764946 -0.465361
14.224690 -1.233413
8.352027 1.111380
23.687899 -0.135649
15.309517 0.534841
11.831007 0.734926
23.173532 0.540271
13.300605 -0.293921
14.304931 -0.927138
22.813320 0.169370
15.286705 0.943327
14.976005 -0.097370
3.003237 -0.884560
13.212379 0.293348
17.421412 -0.120044
23.564981 1.336361
13.727237 0.294509
21.288050 -0.468633
2.927985 0.535472
15.315763 0.098068
0.180297 0.794468
1.358563 -1.249872
16.051422 0.086645
1.447316 -1.008927
23.464109 0.502109
15.451161 -1.301562
2.526137 0.448856
0.673544 0.545503
15.556510 -1.374463
5.483292 -0.582481
2.423759 0.631347
15.688553 -0.267688
8.136346 -2.199870
1.680414 -0.515670
15.199211 0.320316
11.330297 -0.685774
2.776062 0.849677
14.867125 -0.382902
14.400209 -0.656102
1.812107 -0.426753
16.894606 0.103599
14.841711 -0.417892
0.250273 -0.878350
15.383578 0.363189
18.636297 0.042139
3.201852 0.421334
14.125441 -0.003749
20.351898 0.263265
0.608249 -0.456168
17.950241 -0.584020
23.081623 -0.920595
2.558772 -0.180613
17.489792 -0.272857
0.752813 -0.496371
0.287507 0.769874
18.868162 -1.579039
3.158338 -0.356493
1.056094 0.250894
18.024591 -0.240419
4.852058 0.083969
0.986186 -0.510803
19.742033 0.254270
8.356775 -1.156534
2.808371 0.040181
17.889631 1.193371
9.284674 -0.270534
0.335349 0.707198
17.000147 0.401336
11.301650 -0.473413
2.275429 -0.075554
16.147167 0.905796
16.637512 0.908293
2.387576 0.898331
15.055204 0.542467
18.405962 -0.247354
2.807034 -1.281075
18.227779 -1.035699
20.462803 1.012826
1.986650 0.616755
19.467730 0.038785
23.544729 1.318169
0.398899 -0.375261
19.667776 -0.467947
1.037644 0.377006
2.614236 -0.830370
18.738605 -0.327587
5.697172 -0.473613
0.816323 -1.045987
19.109440 -0.338982
6.621097 -0.977759
3.103775 -1.234277
21.720497 0.343729
10.256974 0.196242
3.216378 0.042819
19.028452 1.908561
11.271544 -0.343842
1.223951 0.636883
19.142519 -1.453742
11.826782 0.456244
22.477518 -0.401755
21.362965 -0.142730
15.451490 -1.095129
22.219061 -0.381601
17.234516 1.362407
14.472610 0.183043
2.616617 2.634896
20.110838 1.040063
18.809633 0.524431
3.034195 -0.747560
22.049364 0.439940
22.262712 1.370711
1.744214 0.459450
22.302401 1.153398
2.424375 -0.808159
2.793493 -0.357826
20.634687 -0.357323
2.712483 0.516454
0.594547 -1.287956
21.353012 0.717356
7.487780 1.052341
0.058539 -0.274494
22.946037 0.201899
9.084894 -0.203269
1.371236 1.685632
22.663376 1.727775
10.702438 0.870835
22.541016 1.351371
20.365208 0.059402
12.074973 -1.213228
22.331678 0.061963
22.069471 -0.299389
17.185936 -0.259170
3.363361 -0.406965
23.211943 -0.757544
20.156843 0.182573
23.649118 -0.659735
23.708546 0.175032
20.156263 -0.090724
23.256775 -0.749357
21.529615 0.763572
22.630142 -0.328936
11.825315 0.395167
23.395746 0.926896
1.884529 0.314559
10.947601 0.468589
21.565430 0.558440
4.431935 -1.259275
11.386848 0.311505
21.759272 0.219342
6.282748 0.346146
13.158366 0.110509
23.286533 -1.166044
10.155553 0.269258
10.043194 0.896025
0.823247 -1.139505
9.336534 0.755026
12.111258 0.326670
22.903320 -0.352182
12.547708 0.111944
11.240727 0.781607
22.359774 -0.728984
15.786019 0.416873
12.220810 0.040286
0.416019 1.080841
18.579609 -0.289829
12.253960 -0.144154
0.993679 -0.680816
20.532772 0.008529
11.910470 -0.606833
21.992785 -0.025778
22.678125 -0.222844
11.470989 -1.189117
1.240868 0.195842
0.955480 -0.448845
12.562873 -0.088642
3.163897 0.001472
2.908059 -1.841815
10.607859 -0.732822
1.173357 -0.572605
4.591461 -0.430328
9.668631 0.204371
2.864379 -0.231080
7.361856 -0.457635
10.535330 -1.601601
3.296602 1.119979
11.153069 -0.195169
10.761489 0.821071
1.926088 -0.448485
14.292030 -0.036484
12.593437 -0.196609
1.924774 -0.370975
17.573088 0.246999
9.779707 -0.144326
3.188795 -0.694045
16.226627 -0.598818
10.217117 -0.263339
4.926751 1.526544
19.250700 -1.068251
10.383985 1.199831
1.508852 0.571985
20.862732 -0.560369
11.948382 -1.182715
6.682977 -0.788414
23.571894 -0.216956
10.808654 -0.300776
2.714501 -0.889433
3.504288 0.626243
10.396258 0.602841
7.574886 -0.110199
4.228465 0.433287
9.548602 0.351803
4.457056 0.624029
9.941895 -0.286940
9.900870 -1.199953
10.055403 -1.456492
9.493000 0.372469
10.208365 0.465715
7.180178 -1.290479
14.968260 -0.313363
12.524074 -0.273708
4.080045 -0.901817
15.923362 0.871724
10.820022 -0.364592
6.699129 0.192703
16.780966 0.787810
12.873049 -1.062142
5.824959 0.583240
19.497776 0.518808
9.990355 -1.027792
6.861334 -0.727855
23.498564 -0.007639
11.579647 -0.772467
8.530410 0.156328
2.553586 -0.769644
11.266104 -2.158885
9.249816 0.217106
4.650112 0.470208
10.033802 -0.011333
9.092134 0.774962
6.175066 -1.562984
9.548590 -0.330195
8.940757 -0.556214
7.976047 1.062375
9.991897 1.115821
10.749150 -0.510325
11.209254 0.802549
12.802000 -0.476303
7.932326 -1.014024
11.713722 0.615188
11.331936 -0.301593
8.732224 0.727169
14.735703 0.470539
10.972751 -0.287705
8.535474 -0.258041
17.727795 -1.185474
11.219261 0.959426
8.949136 0.866435
20.964306 1.081277
12.096838 -0.148314
8.564302 -0.276269
22.730513 -0.658551
11.229279 -0.169517
9.825636 0.362881
0.091151 0.585621
11.666803 0.514412
12.471986 -0.191009
4.492061 -0.690166
11.335830 -1.438119
13.424515 0.829724
6.089258 0.232356
13.547896 0.738219
12.235917 0.188699
7.671000 0.127772
11.714755 -0.131879
10.798795 -0.787965
10.335787 -0.500991
11.246765 0.909470
12.124854 1.241113
13.978297 -0.604411
11.020289 -1.217435
13.570889 -0.477424
15.444017 0.792196
12.001390 0.089221
14.517281 -0.944772
16.989845 -0.292042
11.703856 -0.534595
12.791038 -0.165423
20.401274 -0.278567
11.059523 0.317857
14.092422 -0.119469
21.780104 -1.383083
0.598469 0.495998
13.106176 -0.535521
0.885987 1.226478
22.767607 -0.180157
12.580324 -0.465418
3.710583 -0.006589
23.375940 -0.609560
9.288282 0.288380
5.887852 0.250638
21.994652 -0.414358
10.553395 -0.229795
6.958105 0.420709
0.431662 1.067195
11.722728 0.449614
11.161049 -0.024117
23.593067 -0.116148
9.846781 -1.778179
10.265119 -0.103516
1.449812 1.022669
10.355453 -0.179694
16.412796 0.339970
0.553148 0.625431
8.760390 0.468556
16.935843 -0.143367
23.381029 0.661866
9.495250 1.049298
20.301201 0.172503
1.745659 -1.830283
11.665056 -0.759234
22.760353 -0.363876
22.040543 0.214896
14.130298 -0.782906
2.628857 -0.659491
23.548241 0.168629
14.628260 0.826384
4.139035 -0.741113
1.488912 -0.200459
14.299781 -0.066950
6.717409 0.069381
23.563507 0.802977
11.124804 0.177302
8.039983 -0.106039
0.675058 -0.548115
13.640738 -0.834593
11.342570 0.194334
0.447833 -0.042206
14.510155 -1.116163
13.399735 0.131508
0.907767 0.108228
15.151044 0.315250
14.975032 -1.022987
2.023717 -0.254485
14.289375 0.838234
16.165243 0.269626
2.609362 -0.329165
15.939496 1.003821
21.391808 -2.142600
1.633943 -0.563607
16.485863 -0.258567
23.167540 -0.788700
1.504572 0.910333
17.467316 -0.558830
2.979080 -0.314467
2.278341 -0.656126
16.347912 1.370202
4.609213 -0.403527
0.631596 -0.911715
16.001522 -0.855349
7.714194 -0.615447
2.565079 0.493382
19.077658 -0.732553
7.674126 -2.155583
2.085549 1.095935
17.413412 1.079836
11.436291 -0.310515
1.362632 -0.404590
17.970142 -0.972254
13.264061 1.202842
0.126811 -0.069590
20.004496 1.392027
15.944165 -0.604909
23.184708 -0.059409
18.389933 0.583748
16.696379 0.879007
2.265534 -0.380106
21.588270 0.195255
20.234426 0.955889
2.675398 -0.883624
17.926876 -0.034023
22.399473 0.039084
0.935181 -0.169485
20.552597 -0.088296
2.606129 0.321604
23.147722 -0.248689
20.573654 -0.241393
4.102170 0.384993
1.904016 -0.669857
20.593481 -1.219245
6.284763 1.216077
2.502226 -1.023465
21.280546 -0.383825
8.031011 -1.340934
2.340275 -0.832799
21.433754 -2.511491
14.267742 -0.351028
22.932714 0.109805
21.895943 -0.810152
13.631186 -0.055010
0.609252 -1.102165
21.622765 -0.031569
14.925431 0.704265
0.520416 0.967190
21.571213 0.347272
17.150763 -0.619164
0.306391 0.158578
21.814209 0.857308
20.477285 0.517016
2.264205 -0.672271
21.141039 -0.411761
0.924666 1.978042
2.005758 0.341411
23.220560 0.140685
0.629576 -0.659587
1.630808 0.552283
0.743814 -0.570622
2.704082 0.506336
0.047433 -1.583780
23.286602 -0.188250
5.370015 0.550673
23.520767 0.312157
23.059320 0.753825
7.241045 -0.989004
23.526878 0.710193
23.528725 -0.468135
10.928032 0.938870
2.445201 0.212971
23.436213 -0.260992
14.607469 1.092046
0.017699 -0.589001
23.000095 -1.402552
16.049885 -0.731670
0.860134 0.455715
23.306276 1.794185
17.627846 -0.429702
23.610134 0.012928
23.207701 0.471100
21.893740 -0.240494
1.456295 1.635927
0.413546 0.247340
22.840887 -0.342385
13.968029 0.345945
1.420176 1.387635
3.551277 -0.374715
12.992664 1.082669
23.288687 0.389393
3.298877 1.415202
12.103126 -0.372918
1.357272 0.506913
3.069988 1.632808
11.100845 0.364702
1.586959 -0.610158
7.949744 0.406120
10.442153 0.308750
2.937712 0.351772
9.219026 -0.974625
9.560769 -0.934606
1.454019 0.898677
11.232939 -1.084454
14.360830 -0.365286
0.943710 -0.166252
18.447235 0.084269
11.497547 -0.005191
3.425131 -1.542844
17.640032 0.499472
10.188951 0.010734
3.395731 0.025734
20.413424 -1.871829
11.381231 0.812096
23.667253 0.029061
23.407040 -0.671849
9.284399 -0.037459
2.716652 0.026404
2.340164 0.448372
9.345462 0.960978
4.153978 1.561743
4.126237 0.047807
8.753105 1.082095
2.782538 -0.103437
5.573162 1.163786
11.452763 0.237257
3.227166 -0.587970
7.133397 -0.990070
11.494773 0.889973
4.291047 0.398858
9.837099 0.261040
9.231587 -0.236988
4.373934 0.770240
13.965285 -0.061768
14.124273 -0.576953
3.820181 -0.016581
14.449327 0.935547
9.900103 0.203116
3.134145 -0.780533
18.432016 -0.927705
11.886104 -1.752180
4.039476 -1.498557
19.371710 1.471197
9.649986 0.126555
1.868276 1.248169
0.591367 0.756623
9.193008 -0.268955
5.622731 0.080674
1.282858 0.274162
11.566751 -0.497772
6.563837 -0.483004
3.324026 -0.413081
12.127674 0.999885
6.213979 0.750465
5.028555 0.424804
8.465104 1.025612
5.953686 0.136620
5.422360 -0.667122
8.944515 1.050272
6.864769 0.135822
11.195078 0.216542
9.412359 1.673580
6.902684 0.608134
13.130061 0.621375
9.436658 -0.489916
5.370841 0.965970
15.540646 0.480547
10.829045 0.318813
4.733619 2.151824
16.622839 0.740606
8.783289 -0.661852
6.920066 -0.594506
16.142763 0.066932
10.677899 -0.304656
5.171175 1.879929
23.193787 0.119732
13.602277 1.434034
10.064730 0.184606
22.689926 0.536396
12.507350 0.220147
8.002326 0.681458
4.188943 -0.042667
11.950345 0.486675
9.514169 -0.134203
6.556307 -0.303767
8.846078 -1.011501
8.218416 0.654302
4.974558 -0.034512
9.680406 0.643311
8.763579 -1.102211
11.539807 -0.992900
11.408140 -0.043855
7.345679 0.257549
13.486388 0.437550
9.888149 -0.209582
8.606812 0.801645
15.999517 -0.113150
9.064487 0.675284
7.826799 -0.409461
17.869982 0.409374
14.431799 0.635557
9.504136 -1.162364
19.140116 0.898184
13.178465 -1.400864
8.112868 -0.342963
21.114273 -0.784072
11.166005 0.686124
10.291876 1.413989
1.846281 -0.207806
10.444460 -0.187395
11.012926 0.532447
3.949869 0.779846
12.009022 -0.637182
11.524579 -0.671294
6.830302 1.144764
12.738790 -0.416104
10.825821 -0.409396
8.486125 -1.509976
11.496671 -0.186931
9.406757 0.136541
8.864120 -1.540406
11.237789 -0.601282
13.857467 0.252984
13.448015 -0.847829
9.597649 0.440120
10.062662 -0.187815
17.183407 -1.613495
9.972244 1.216674
11.629697 -0.550188
19.282967 0.211313
11.530741 0.778024
10.901585 -0.257097
20.242874 -0.058204
9.874229 0.350898
10.672023 0.185460
21.202423 -0.846446
10.013853 -1.836115
13.222451 -1.867026
23.406017 0.048222
9.664726 0.369003
14.988099 -0.145376
1.363136 0.736597
1.119676 -0.558592
9.904531 -0.385657
4.839795 -0.758031
1.066818 0.770358
10.040049 1.129951
6.693604 0.844481
22.875738 0.517471
11.582442 0.356033
9.969479 0.835156
0.866264 -0.660847
10.680780 -0.075224
13.057716 -0.607081
10.141074 -0.320349
13.805717 -0.718949
17.047512 0.323608
9.926815 -0.316830
12.935639 -0.275725
20.602474 -0.182619
11.041989 0.527182
14.582733 0.582299
19.949329 0.430899
11.036700 -0.382916
11.788479 -0.196953
0.791327 1.761382
1.993563 -1.508855
12.518361 -0.791036
2.007637 1.411728
0.231543 -0.358569
13.623431 0.395939
2.549337 0.647763
1.484730 0.805309
15.260742 -0.971051
3.271851 0.710709
1.738083 -1.259540
11.598190 -1.888255
7.701430 -0.190409
1.259861 0.427558
10.951616 -0.734326
9.550175 -0.770177
2.060136 1.429858
13.836108 0.229096
12.787059 -0.276014
1.375407 -0.051422
13.315343 0.189614
14.565719 0.196274
1.563458 -0.137483
12.280438 -0.994546
16.422745 0.793992
12.693346 -0.117761
13.653803 -0.395159
18.582047 -1.996224
0.798559 0.232493
13.135395 -0.036726
22.755629 -0.049236
2.070632 -0.434838
19.152182 0.010955
1.654737 -0.413466
1.706000 -0.688858
14.299596 0.841621
1.700823 -0.285733
1.831005 -1.497437
17.073364 0.249578
6.451972 -1.560469
3.029912 0.437640
16.097595 -0.761788
10.342842 -0.055171
2.671042 0.484860
19.846613 0.529383
13.006034 0.360986
10.704354 -0.787837
16.287825 -0.803796
11.942598 -0.618689
10.898104 -0.103148
20.780457 -0.091372
14.756173 0.005262
1.460774 0.252196
18.145014 0.545582
16.378651 0.262284
1.971183 1.051643
20.273382 -0.470792
16.455074 1.026288
10.527360 0.474741
17.242912 0.492320
2.444483 -0.191334
9.742566 0.758183
0.711422 -1.016388
22.727381 0.970080
11.764756 -0.088833
18.525692 -0.392197
3.233532 1.280198
1.447691 -0.485130
22.368826 1.495767
6.070043 -0.171407
1.556047 0.519098
22.947350 0.068572
7.869967 -0.385371
1.703650 -0.292476
21.142546 -0.571102
11.802831 -0.523554
0.710823 0.306972
20.389217 1.430028
13.219746 -0.570745
1.591700 0.189785
19.456581 0.597188
14.722438 -0.054504
0.989620 0.145789
21.205269 -0.213272
18.799248 -0.562394
11.982724 -0.367115
20.742643 -1.335974
19.925837 1.038203
1.271263 -0.131852
22.123301 0.360903
22.991745 -0.562223
10.953316 0.032240
21.616648 -1.106885
2.548818 0.610507
11.820141 0.042488
20.283085 0.563320
3.638316 0.809359
1.603548 0.385530
0.573578 -0.499130
6.248177 0.190908
1.032382 -0.616780
21.382734 0.035038
9.317203 0.258084
1.162537 0.932576
0.735197 0.708530
9.747450 1.004441
1.714435 1.188973
2.338712 -0.099658
11.771807 0.521854
12.364769 -0.555721
0.025112 -0.018481
16.846451 0.197723
10.769477 1.244575
22.974607 0.871068
17.564234 0.290250
1.568176 0.211782
23.218266 0.638894
21.225084 -1.004283
11.215372 1.696934
21.950678 0.309128
0.789221 -1.084574
9.649343 1.703210
2.798803 1.019557
22.282181 -0.661716
14.695020 1.003233
23.556747 0.031675
4.381508 0.686005
14.115199 -0.059821
1.637993 0.632962
5.761874 -0.243406
13.101602 0.954684
1.470098 -0.426043
7.699543 -1.115613
12.397787 -0.615114
2.707418 0.568373
8.959915 -0.600504
11.054615 -0.807607
3.831891 0.762836
12.956665 1.622167
13.838687 -0.404683
1.812132 1.104885
14.514033 0.011823
15.365754 -0.236471
22.479141 1.125241
18.774775 -0.673914
13.856518 -0.634446
1.560233 -1.320607
21.456429 -0.554335
12.187190 1.077063
2.677790 -1.021415
20.830103 0.818455
10.542307 -0.146756
4.429993 0.132006
2.425598 0.224277
12.376199 0.383482
2.689062 0.053366
4.726710 -1.056898
13.229815 -0.595720
4.415243 1.103445
4.424963 -1.611648
13.603387 0.044143
1.466153 0.380900
9.980871 -0.170265
12.557596 -0.414293
3.139598 -0.261485
10.911065 -1.330477
12.537833 -0.068832
4.857200 -0.039934
14.254252 1.128834
12.439376 1.432326
1.164804 -0.854963
15.444295 0.309509
13.292063 0.650191
4.091170 0.039215
17.962914 0.573746
13.331026 0.514554
4.237477 1.147480
20.958593 0.050790
12.537879 -0.173311
5.037634 1.303729
22.944744 1.388311
13.421357 -0.579872
5.789128 -0.377875
0.902736 1.496075
11.413216 0.910324
4.510659 -0.280842
4.074305 -0.766172
9.586328 1.237015
7.304609 -0.465146
6.640401 -0.083444
10.437518 -1.550887
4.553791 -0.167515
8.096452 -0.116497
9.233001 0.444350
4.935717 -0.968467
12.102158 -0.275416
10.630022 1.040140
5.563813 -1.204255
13.539923 -0.436961
14.042916 0.480215
6.090831 1.429878
17.837452 -0.525022
12.332363 -0.590186
7.239753 1.052396
18.041336 -0.246309
13.718678 -0.521361
7.649739 -0.090267
19.363384 0.098586
9.474131 0.277063
6.821321 0.516615
20.124514 0.456973
12.579814 -0.471814
7.246741 0.757389
1.732787 0.852416
13.522414 0.166204
6.408847 0.016969
3.640521 0.243052
13.534873 -0.982450
5.839684 -0.891782
6.005303 -0.794631
11.055161 -0.382062
7.964317 0.075228
7.777905 -1.570646
11.043425 -0.884191
7.230198 -0.608234
11.550596 -0.571660
12.044990 -0.291755
7.876338 0.683857
16.235516 -1.117696
13.945327 0.119391
7.727318 0.390585
16.514854 -0.075698
13.010122 1.788885
9.066294 0.599176
17.666492 -1.001403
12.954971 -0.627721
6.307394 0.399023
21.561699 -0.436603
14.515939 -1.246155
11.181183 0.104698
21.194023 0.916640
14.546710 -0.672768
13.331447 0.566487
20.948856 -0.806326
12.150470 -0.675837
10.158185 -0.951777
3.297399 1.382767
12.265673 1.584650
10.779367 0.099037
5.101490 -1.173663
13.137852 0.305166
8.737043 -0.211990
8.130056 -0.185314
12.495135 0.286482
5.865733 -0.812942
10.381845 0.382032
12.979487 -0.867217
9.832145 -0.939794
12.089558 0.256421
13.169329 0.584092
9.337519 1.068164
15.690548 -1.423456
11.160989 1.121255
10.257627 -0.546390
18.434252 1.827287
15.027794 -0.143287
11.386991 0.069997
19.248468 -0.737839
11.605630 0.238149
10.340665 -1.617229
22.120998 -1.256986
11.447737 -0.025200
11.969112 -0.949163
2.681508 -0.434731
10.922248 -1.172614
13.552615 0.224511
1.296979 -0.997932
15.004450 0.262083
13.194904 -0.727416
5.849983 -1.058602
14.941209 0.515135
15.572035 0.952812
8.881020 -0.738187
14.500114 1.027760
13.664574 -0.552755
8.689974 -0.163985
12.367882 0.117792
13.110135 -0.296991
11.678680 0.417289
12.882991 0.722620
13.197690 0.051122
14.980044 0.383897
13.844071 0.944211
17.085524 0.718390
17.811590 0.590097
11.934561 -0.363755
11.933079 -0.942896
18.611353 1.236064
14.542527 0.238544
13.811988 -0.125401
19.028685 -0.260212
11.112180 -1.008085
16.213789 -0.210538
0.980430 1.825626
12.786975 0.802638
15.818784 -1.005440
4.770120 -0.922428
14.620928 -0.619149
16.436598 -0.957844
4.691233 -0.439528
11.019760 -0.137509
14.871175 0.861803
7.905868 0.479912
11.830073 -0.393004
16.848589 1.061460
10.374965 1.396326
12.637980 0.528120
15.369943 0.917566
11.405634 0.284151
10.494227 -0.014382
15.571385 1.281818
16.181971 -1.811703
13.858993 -0.377737
14.483813 0.317014
17.120516 0.433255
10.685304 0.347147
15.945485 -1.120091
21.337973 -1.369925
14.224790 0.187189
14.924464 -0.391436
21.892605 0.159290
12.822171 -0.419429
15.973023 -1.029558
23.637484 -1.468174
11.436963 -0.132240
16.633850 1.337769
3.929485 -0.419102
12.020013 1.095852
17.245291 -1.457475
5.618969 -0.364714
12.303183 1.176992
17.869612 -0.123589
8.755491 -0.053660
12.759535 -0.990140
18.472605 -0.576311
10.541938 0.177958
10.927724 -1.547495
19.748138 -1.259740
13.082633 0.373351
10.784824 -0.215771
16.890411 1.476374
14.717069 -0.194209
11.048972 0.843071
18.953758 -0.557774
15.130666 -0.055385
10.418451 -2.407917
19.767761 -0.864658
20.546274 -0.115941
11.127032 0.044035
16.711653 1.141381
22.894705 -0.971131
12.028685 0.455885
19.517950 -0.743460
23.572241 -0.739088
12.852454 -0.469730
20.036968 -0.810881
2.011438 0.781656
12.873240 0.275534
20.614891 -0.588639
5.223258 0.403571
10.043798 -0.662855
19.652945 1.685721
8.456887 -0.925471
14.489545 -0.519334
19.250622 -0.060253
10.794628 -0.155081
12.871503 0.719444
19.049904 -1.592477
12.285604 -0.395643
13.650061 -0.526680
19.126635 0.198276
18.397850 -0.488536
12.489786 -0.283036
20.297508 0.038163
17.805441 -1.505636
13.646152 -0.442661
21.440302 -0.212217
19.355072 -1.134477
10.551307 0.929922
20.410913 -0.011058
23.110367 -0.223377
12.928372 -1.019521
21.973787 0.681205
2.021576 -1.613835
13.506795 0.822402
21.427864 1.167088
3.662370 -0.117663
10.782580 0.045417
19.852936 1.315439
5.626878 -0.789741
10.959419 0.812413
21.244081 -1.627903
7.921368 -0.466112
14.182493 -0.444261
21.414133 0.800884
9.810719 0.508499
13.761589 -0.644252
2.055856 -0.811731
12.563835 0.929408
12.894387 -0.797608
21.907600 -0.246649
16.544466 0.386903
14.093500 -0.962717
20.973566 -0.164974
15.484715 -0.236485
12.094036 -2.165918
21.981091 -0.372253
18.361935 0.147422
14.120666 -0.274704
22.547972 0.407694
22.562967 -0.058328
11.165066 -0.407149
2.967507 0.852800
1.610327 -0.922344
12.540437 -1.824840
0.706891 0.539715
4.731344 -0.538384
9.936399 0.599788
1.290257 0.559724
6.417643 -0.319692
13.180240 -0.630730
3.271756 1.207582
6.503419 1.838720
11.397150 0.145300
1.707074 -0.558374
10.460312 -0.071366
9.340728 0.174138
2.737321 -0.066160
12.791040 1.053449
12.325896 -0.079284
2.893594 1.064346
14.186668 -0.855112
13.668124 0.056651
23.021271 0.649602
18.076296 -1.299625
11.525668 -0.889329
1.595614 -1.057428
22.293217 0.637635
11.289538 0.342901
3.925135 0.730767
21.832199 0.707983
9.692022 -1.148519
3.862102 0.096662
0.577601 -0.001477
11.823840 -0.059471
4.489077 1.292001
0.905270 -0.571432
10.661917 -1.232447
2.997567 -0.310397
5.411958 0.139516
9.887815 0.441247
4.409413 -1.177583
6.158552 -0.418096
11.181909 -0.020609
5.077673 -0.042184
11.512440 0.200426
12.933886 0.278130
3.934191 0.063130
12.646681 2.130357
12.576855 0.095585
6.001915 0.690748
16.647451 0.432191
11.627251 0.837408
5.416578 0.479046
18.138853 1.042624
13.176496 0.230170
2.507776 -0.873329
19.247919 0.982534
9.749703 -0.643456
5.134883 -0.402646
21.301155 0.707341
10.971094 -0.278666
6.120888 0.884267
1.517064 -0.546172
12.490551 0.023423
5.154574 -0.859776
2.528471 -1.292686
10.953244 -0.458253
6.060255 0.177663
6.918552 -0.456391
11.257940 -0.420088
6.309757 -0.374935
8.669456 -0.074601
10.345093 -0.683353
6.115791 0.604979
10.221022 1.209783
12.371090 0.569906
5.995644 -0.266037
12.680467 0.206414
11.460810 -0.470375
5.933200 0.571227
15.174778 0.174274
9.310925 0.522116
5.455971 0.129906
17.555971 -0.415125
11.445180 0.116948
5.428201 -0.326616
20.705414 -1.006280
10.994505 -0.504876
7.001036 -0.350479
21.886225 -0.564749
13.587959 0.999886
7.525035 -1.984027
23.354225 -1.163158
13.550564 1.122440
8.654674 0.209092
2.632272 0.885462
11.362518 0.020117
7.745440 -0.225514
5.825123 -0.126738
12.204508 0.362400
7.594483 0.342154
9.688520 0.564295
9.273719 0.157405
6.696225 -0.404686
8.639250 0.027672
12.913079 -0.657553
7.030188 1.240335
14.704466 -0.265019
12.845790 -0.159606
8.786198 -0.116054
13.721025 -0.768938
10.517394 -1.145530
6.844851 0.279223
18.601837 -0.090065
11.651105 0.727258
7.146424 0.620672
19.969912 0.188438
11.077270 -0.190668
8.118858 -0.238192
0.736812 -0.155755
12.730971 -0.625884
9.091602 0.361638
0.885082 -0.608450
13.590012 -0.099238
10.333508 0.134808
6.589623 0.444073
10.094460 0.686298
13.412369 -0.199845
8.986690 -0.458498
9.746718 0.763193
12.374691 -0.195291
7.151403 -0.153460
11.314736 0.477656
9.037872 -0.211029
10.727015 0.974631
11.115065 0.468369
9.135440 0.786272
12.615552 -0.067188
11.434359 0.595328
11.468721 -0.172876
15.697660 -0.163571
10.543930 0.220218
11.834173 -0.269659
17.327120 -0.327453
12.097231 0.359104
8.871158 -0.561285
19.396214 1.262682
12.707337 0.144598
11.620623 -0.754323
21.542427 -0.069292
11.926280 1.278683
13.001554 -0.189559
23.346741 -0.637105
9.463546 -0.426196
11.673347 -1.250370
2.059143 0.341140
10.333084 0.106186
15.942430 0.544265
5.931515 -0.676541
13.224280 -1.482317
13.686220 0.786820
6.592789 0.818552
8.935263 -0.808362
11.780334 1.323295
9.652535 -0.425494
13.009345 -0.562650
14.186944 0.757887
13.346213 -1.200212
12.014333 0.421598
14.954529 0.082434
14.994499 2.046401
9.898854 0.077607
16.192402 -0.387807
19.620268 0.402841
12.985158 0.821141
10.531905 0.361885
18.980516 -1.145139
12.817579 -0.786592
13.378412 1.152921
21.782988 0.664785
11.188262 0.931313
15.153419 -0.766182
2.694893 0.323004
10.315159 0.658617
13.453977 0.756681
3.160988 -0.542871
13.580740 -0.628863
16.665430 0.638944
6.256008 -0.121351
10.538434 -0.324486
16.980703 -0.951209
8.883722 -0.856505
10.600878 0.716328
15.276191 0.737869
9.960365 -1.429953
9.889841 0.846955
14.735524 0.789729
14.522928 0.800509
9.285681 0.112924
15.871313 0.111262
17.726065 0.772009
9.352261 -0.024327
14.201742 0.728848
19.038570 -0.009065
9.119224 -1.459509
14.858903 -0.169549
21.033060 -0.164784
9.642253 -0.445767
15.357581 -0.172099
22.997229 0.173924
12.087866 -1.134877
18.295696 -0.086842
1.474134 -0.031862
13.129229 1.046369
17.430595 0.752976
3.862667 0.537399
13.997858 -1.097186
18.222519 -0.082702
5.368611 -0.694117
10.940441 0.225780
18.642920 -0.781146
9.882654 0.261300
13.705440 0.100276
16.940376 0.783229
10.098749 0.533336
10.948669 0.215104
18.192434 -1.372877
11.749903 0.596044
12.707453 -0.213068
18.350363 0.444087
15.340031 -2.262121
10.768600 -0.901540
17.348364 2.029212
16.726360 -0.090075
11.002122 0.692275
18.723219 -0.897073
22.041477 -1.916354
10.402872 -1.841051
18.415125 0.308145
0.227702 0.467676
11.013251 0.051608
19.958891 0.775524
1.524342 1.647749
12.210055 0.505057
18.914814 -1.164376
5.067306 0.264672
10.375927 -0.774921
17.972853 1.055538
5.041153 -0.431691
9.370304 -0.066948
22.006985 1.459885
8.991168 0.124368
9.713346 -0.291023
20.015852 0.372691
11.159523 -1.301996
12.158473 -0.416612
21.033998 -0.202485
12.688126 1.688439
10.242019 -0.664517
22.202116 0.331307
13.465569 -0.593819
10.502497 0.914210
20.212624 -1.593749
18.731810 0.520899
12.165442 0.528513
18.965559 1.001160
20.563457 -0.472795
9.852742 -0.763741
22.397482 -0.688707
22.980867 -0.180958
9.997599 0.493676
23.518435 0.962787
1.054451 -0.626211
14.412840 -0.222016
21.964024 1.314901
5.583892 -2.060155
12.572936 -0.585607
22.480799 -1.118204
4.934851 -0.190558
9.572105 -0.362061
22.940094 -0.876616
10.674835 -1.037596
10.538120 -0.339219
0.744454 0.951519
12.796041 -1.272040
12.425899 -0.143096
21.779284 0.178093
14.569552 1.203254
12.359076 0.127472
1.132967 -0.084072
13.470059 -0.006946
10.832013 -0.151931
21.200758 -1.106953
17.095667 0.353873
10.289072 1.272790
0.378719 0.878621
19.282902 -1.110768
10.634332 0.718813
21.616436 -0.278263
21.252008 -0.972753
22.596382 0.208768
0.469312 0.522849
0.883088 -0.116870
23.287174 -0.332207
21.885832 -0.514110
2.788557 -0.126276
15.379497 0.750472
22.045630 1.199095
3.455122 -0.333989
0.544854 1.181254
0.904868 0.297989
7.914874 -0.090484
21.740625 0.045402
0.298233 -0.958406
10.532564 0.063553
15.050229 -0.452737
22.469870 1.426630
14.587700 0.961022
13.389797 0.560289
23.278608 0.027252
15.131591 -0.304441
15.314864 0.283487
0.718197 0.305210
15.014509 -0.319215
12.966408 -1.536663
3.185512 -0.669113
22.742119 0.848244
22.238506 -0.123680
20.998755 -2.004725
19.843531 -0.500962
22.330448 -1.024902
23.474569 0.187524
2.720857 -1.056227
22.820642 -1.180446
0.989045 0.904303
4.397829 0.112881
22.114130 -0.705911
4.033679 -0.703209
6.973256 -0.542963
22.877232 0.296873
3.602875 -0.536799
8.616900 -1.803073
22.011826 -0.016273
4.325473 0.189694
10.103740 1.104590
21.132925 0.323070
1.996299 -0.743832
12.048693 -1.405481
21.743359 -0.500797
2.706772 -0.770938
14.704956 0.462333
22.095753 0.152947
2.083464 -1.014025
16.466301 -0.733628
22.316349 0.141662
0.809448 -0.515268
21.522869 0.004860
21.973425 1.345381
23.108805 -0.645630
23.021008 0.404554
22.112398 -0.274695
3.628916 -0.556117
1.238779 -0.133176
21.877172 0.443815
5.915505 -0.828651
3.943149 0.805103
11.806172 0.773313
4.574295 -0.381483
5.930756 -0.008473
12.389959 -0.487646
4.770526 -0.503020
7.976351 1.463028
21.617075 0.430818
6.037559 0.605818
9.543813 1.322800
21.266102 0.153714
3.800346 -0.039164
13.184490 -0.093366
22.474720 -0.553436
4.343737 1.880037
14.711430 -1.152274
22.055151 0.503407
7.058592 0.352164
18.681208 -0.119876
21.263308 -1.030080
4.217649 0.854476
20.096981 -0.634965
21.076149 -0.349753
8.357419 -0.323236
0.996920 0.009058
23.177778 -0.617374
10.640956 0.224156
1.260455 -0.859367
21.508982 -0.357853
9.157767 0.600518
3.599072 -0.176984
13.200971 -0.981441
8.178061 -0.658741
5.946743 -0.544810
12.498549 0.873096
6.852076 1.112137
7.275553 -0.834437
10.199265 0.725908
8.028358 -0.087860
9.620997 1.254775
22.135920 -0.580264
8.564680 -0.020933
12.590436 -0.884356
21.576328 -0.769514
10.735716 -0.319620
14.942236 -0.362636
21.812628 0.901026
11.647357 0.323016
17.372829 -0.268592
22.578518 0.805107
9.885548 1.093643
21.850920 -1.243755
22.560940 2.243014
9.138296 -1.250822
0.051340 0.246195
22.523104 -0.421754
12.549706 -1.202076
1.325644 -0.242894
13.533072 0.531075
9.533024 -1.252266
4.516490 0.488833
16.209930 0.269041
15.384152 -0.899635
5.493418 -0.326402
15.309995 0.522442
17.523575 -0.033280
9.244751 -1.288901
10.782617 0.591091
12.437935 -1.277900
10.500430 0.736856
21.677610 -0.497814
12.716774 -0.046731
13.486941 -0.185264
12.140055 -1.305398
12.745947 -0.754347
16.893169 -0.312997
22.986115 0.710503
13.152387 0.307243
17.712084 0.016952
22.470226 -0.377734
12.914627 0.751150
19.649633 0.433946
22.805038 -0.125481
13.281011 -0.178558
23.364187 -0.440686
9.587526 -1.233815
15.620147 -0.686740
3.704126 1.011726
11.159664 -0.791047
14.557737 0.943523
4.488537 1.430969
11.413765 -0.592679
12.903209 0.391127
7.901552 0.595966
15.495985 -0.212759
14.482955 0.654155
7.246125 0.247089
11.895697 0.788652
14.081470 0.319459
10.020452 0.274164
14.014050 0.552308
13.951177 -1.125908
11.854043 -0.373639
14.045288 -0.017577
12.685431 0.923385
16.284424 -0.146280
14.227281 0.071962
10.479012 -0.158639
17.242704 0.374724
13.294815 -0.667279
12.093413 -0.361933
19.948784 -1.374973
14.099746 -2.232520
15.842813 0.000913
20.147718 -0.023972
11.446245 -1.026858
14.707825 -1.403754
23.456743 -0.026690
14.816018 -0.281954
14.757788 0.481170
3.769125 -1.065830
13.616952 0.507718
15.247186 2.461681
7.460748 -0.896241
12.407769 -0.429180
15.820715 0.204849
9.021639 0.937057
14.817084 0.302956
15.735735 0.882087
11.205651 -0.327042
11.696780 -0.264037
15.643661 0.390373
13.307514 0.098180
12.716711 -1.309793
16.665134 -0.014848
14.644300 -0.392318
11.001383 0.047899
15.294092 0.293938
18.291225 -0.737331
9.502682 0.242709
17.433067 -0.421420
21.421988 -0.473375
13.488528 1.446549
17.678234 -0.242382
19.850420 -1.710881
13.922352 0.125420
16.793549 -1.265091
22.192621 0.564835
15.210431 0.722591
18.185963 0.416903
3.654511 -0.541290
15.754622 -0.214013
17.720465 -0.430580
5.649752 0.952975
10.926342 -1.120583
18.426928 0.378248
7.175773 0.474989
12.515854 0.339136
17.157093 1.877113
12.113393 -0.474626
11.741929 0.689449
18.051222 1.602300
13.578913 0.370293
10.646934 0.598604
19.316551 0.331607
17.059528 0.240300
9.902042 0.068003
18.011011 -0.896259
18.567995 0.146337
12.289339 1.971802
17.251852 -0.879983
21.435755 -1.112263
12.415222 0.533017
15.391659 0.519687
21.842367 -0.828485
13.843826 -0.417326
19.386093 0.016225
0.343286 0.451202
13.459986 -1.387670
19.402161 0.214208
3.768670 0.123540
12.109927 0.214928
20.065052 -0.170218
6.892047 -0.482729
11.966463 -0.498290
19.653070 0.883330
8.612594 0.558176
13.982522 1.614242
18.712574 0.017360
8.984331 -0.026498
13.755919 0.651401
20.832724 0.613066
11.690719 0.787346
14.478667 0.228269
19.086912 -0.513287
14.850545 1.087157
14.758696 -0.256120
21.995716 1.447525
20.913719 -0.462835
13.831267 0.180349
19.900290 0.352146
20.349133 -0.124471
11.927294 1.380042
20.410383 1.078467
21.879808 0.329488
14.498142 0.557588
0.315962 0.676128
0.285018 -0.552913
14.425912 -0.208825
23.236313 0.040346
2.213551 -0.051731
13.141974 -1.076989
21.866257 0.816227
6.911623 0.432878
11.331739 0.159020
23.630293 0.382201
11.073633 1.060784
10.657767 -0.087980
21.616369 -1.905583
11.665126 -1.189974
12.736292 1.040103
0.898693 0.702224
11.601795 -1.592664
12.776357 0.466843
19.933516 0.793515
14.067549 -0.097127
13.595014 -1.317815
23.365780 -0.359596
20.020117 0.870207
10.170215 2.169914
22.009983 1.127751
19.373455 -0.986585
12.830245 -0.064233
21.103544 0.142339
0.337623 -0.036153
0.322619 0.385620
23.166899 0.517451
1.763616 -0.114582
0.968175 -1.271246
1.208521 0.180316
4.596992 0.558677
23.498777 -0.082454
1.102684 -0.710591
6.209655 -0.651117
22.558516 0.553859
1.636797 0.022910
7.822646 1.376907
22.312458 -0.335488
2.411263 1.040948
10.100608 0.025758
23.433207 -0.312014
23.569929 -0.820873
13.021933 0.138493
0.650600 -0.281569
0.130457 -0.025975
14.571776 0.070069
22.375664 -0.018498
0.314555 0.934903
16.776493 1.920974
1.280226 0.059628
2.986210 -0.480876
20.655016 -0.647744
23.458166 0.631828
1.131851 1.423353
23.073997 -0.997841
21.775404 -1.629841
1.842396 0.233855
2.017063 -0.358694
0.404889 -0.443177
23.346825 0.235977
3.616943 0.072313
23.675861 -0.149086
4.565799 0.461564
5.841392 0.666818
0.101977 0.096161
7.015728 0.376984
8.462706 0.139829
21.648355 -0.983163
5.401218 -1.018299
11.693326 -0.465680
21.992014 -0.892355
0.924830 -2.070685
13.635199 0.666505
22.765726 1.886738
2.542653 -0.070378
13.179586 0.173369
23.298174 -0.115178
2.129976 0.189437
17.893740 0.183374
21.618954 0.522145
2.882773 1.852009
21.598974 0.498001
21.301676 -0.069139
4.217126 -0.556076
23.172029 1.186657
21.030064 0.035719
5.661680 0.487980
1.375494 -0.613407
21.304787 0.392558
10.313125 -2.315773
1.648784 0.859508
22.586849 1.063319
5.799412 0.306770
7.529278 -1.741762
23.016764 0.496358
6.924427 0.884686
10.543756 -0.237476
23.358313 0.885323
5.349791 -1.993017
9.240320 -1.183238
23.102308 0.265219
4.692614 0.914890
12.999934 -0.796815
0.352248 -0.394731
4.866501 -0.441305
15.524507 -1.164292
22.549810 0.775348
3.887730 0.016645
16.678391 -0.939720
21.251312 2.208773
5.205457 0.302548
18.137865 1.052070
21.588209 -0.361277
6.808798 -0.591717
23.512230 0.260626
0.641156 -0.437838
9.250881 -0.000568
0.811738 0.447692
23.328440 -0.126675
9.212352 1.470377
4.020221 -0.527082
22.316389 -0.840683
10.477776 -1.831308
4.852469 0.687234
22.118870 1.483449
10.112616 -0.379544
9.053658 -0.216380
22.640184 -1.382072
11.691436 -1.046497
12.216982 0.293623
23.249449 -0.317496
9.923241 -0.073340
12.142662 0.649585
22.046534 -0.835298
8.654966 0.961463
15.855927 -0.017867
21.891020 0.712795
9.856704 -1.265549
19.234571 0.433260
22.200737 1.129679
11.233426 -0.678042
20.627117 -0.033333
0.249240 -0.646441
10.143656 0.553549
23.012842 0.150614
23.026072 0.476490
14.621432 0.525020
0.996189 -0.595767
0.230584 0.713992
11.368962 0.962630
4.177759 0.178263
22.286116 0.629435
12.918881 0.759253
6.466821 0.156508
22.779312 -0.739132
13.111199 0.398641
8.522608 0.834996
22.822796 1.197186
13.657497 -0.479387
10.298062 0.160557
0.524217 0.106408
12.607502 -0.316904
12.964072 0.402103
22.689558 -0.484594
12.308163 0.201816
15.827437 0.913664
1.065820 -0.503762
13.819481 0.444293
17.662067 -0.943731
0.287222 1.259484
13.749427 0.294128
19.287146 -1.143382
22.163164 0.329594
11.176531 0.269885
23.496862 0.677865
12.768993 0.852604
12.627350 1.577059
1.300620 0.901583
13.290848 -0.995217
12.164621 -0.371248
5.456511 0.147264
12.777061 -1.134036
13.943450 -1.405666
4.804626 1.173561
12.307242 -0.226110
12.276761 0.933187
9.408957 1.975808
10.370936 0.193338
12.592957 -1.105768
12.324044 -1.005400
11.870440 0.804436
10.308303 -0.075431
14.062686 -1.618935
13.229654 -0.390651
11.247734 0.850925
15.158280 2.732020
12.408086 -1.205324
10.906872 -0.471130
17.173849 0.415760
12.986760 0.215436
9.935812 -1.186953
20.774679 -0.408578
12.447959 1.579461
11.182318 0.727930
23.539322 1.115173
12.506306 -0.355809
14.610710 0.051165
1.336554 -0.962226
12.253990 -0.155220
13.469078 -0.354341
3.045196 -0.413969
12.092978 -0.886467
15.109279 -1.115734
6.260574 0.709024
12.664662 -0.296796
13.993695 -0.384776
8.353854 0.188403
13.646692 -0.183415
14.810004 0.335141
9.978272 -0.590734
13.793220 0.051829
15.044410 -1.492462
15.152122 0.725757
12.374378 -1.159990
16.333797 0.177841
16.604202 -0.421523
13.688519 1.400485
12.204516 -0.892643
18.039965 -0.330901
12.933825 0.774008
14.290906 -1.127531
20.234207 -0.161635
13.406736 -0.168577
14.091632 0.150388
23.504961 -1.064341
13.879077 0.773281
17.239109 -0.810166
0.924775 0.654723
12.500978 -0.897773
16.590019 -0.522414
2.221683 0.814344
12.841231 -0.451259
18.341766 -0.322128
6.994122 -0.738353
11.924326 0.322623
16.578571 -0.102602
7.295773 -0.852859
14.220030 -0.182362
17.613064 0.417602
11.775046 -0.464794
13.742780 -1.837942
17.746569 -0.460630
13.679097 -1.399851
12.326271 -0.557035
18.398691 0.339831
17.221558 0.302966
11.724539 1.183440
16.994312 0.194330
18.483179 -0.211380
12.080388 -0.208903
16.002373 -0.917228
20.064699 -0.278784
12.504880 0.496909
17.839127 -0.306306
23.331232 -0.272671
13.718057 -1.022294
18.364969 0.932120
2.363315 0.491562
13.615247 0.018063
23.382984 0.693320
8.095836 -0.154073
12.456117 0.115614
21.915272 -0.700381
8.755023 0.757716
11.008401 0.321429
20.906715 0.621576
9.809563 -0.632661
11.618308 1.153378
19.904947 -0.301517
11.261046 1.470637
13.828512 0.850489
21.866917 0.482677
13.325861 0.217339
12.243381 -0.729228
20.196409 -0.186937
15.905798 -0.666111
11.742484 -0.511357
18.816742 -1.036363
18.840107 1.234254
10.924244 -0.846491
17.619932 0.201458
20.106930 0.666531
13.748678 1.254554
20.721352 0.307131
22.354467 -0.525412
11.236776 0.213271
3.000733 0.356025
23.511961 -1.363276
13.000587 -1.072435
2.910188 -0.353008
1.057498 -0.820792
11.918660 -0.635602
1.515061 -0.587336
6.264986 0.837303
11.077232 -0.915388
22.820267 1.031625
9.429032 -0.772824
12.323068 -1.203350
21.801186 1.856375
10.812983 -1.261593
11.638511 -0.606991
2.317557 0.454849
12.310907 0.547968
13.771587 1.375633
23.672358 -0.563016
13.348433 0.982620
14.267586 1.856317
21.075663 0.470553
17.623480 -0.336872
11.716580 0.272082
22.944998 0.733311
19.937775 -0.061811
12.701177 -1.066144
22.026531 -0.355135
21.075039 0.952941
23.382511 -0.833085
2.384983 0.122407
0.937379 -1.016068
23.597090 -0.357882
1.330535 -0.103573
2.652878 -0.505761
21.895836 0.533130
0.198318 -0.319720
6.276840 -0.686482
0.608913 -1.188825
2.440160 1.021473
8.881572 0.564651
22.884962 0.780267
1.188957 0.069152
11.941703 -0.532524
0.640801 0.115478
1.573863 -1.789661
13.372578 0.306975
23.207811 -1.458289
1.573636 -0.194386
14.907184 -0.550308
0.368084 -0.767693
1.031984 0.311053
16.584137 0.768421
21.840015 -1.303524
3.137568 -0.614004
18.364485 -0.041710
21.901585 1.665105
2.169169 0.016946
23.388519 -0.076290
23.140768 -0.394230
3.767524 -0.247119
23.263445 0.301344
21.195786 -0.527466
4.246031 -1.198643
2.876659 1.079053
21.712166 0.406979
4.086977 -0.042293
5.103925 1.027324
1.913098 -0.528160
4.709878 0.991163
6.388529 -0.243670
0.237163 0.505984
3.678231 -1.794802
10.354746 0.468883
22.552984 -0.480314
3.420725 0.362044
11.661254 0.382235
0.229391 -0.982414
2.909386 -0.898340
16.077801 0.147176
2.820596 0.248733
0.509946 0.334334
18.286085 0.797398
21.184309 -0.420158
2.066909 0.275857
19.982590 -0.155688
22.527206 -2.052793
4.650683 -1.043186
21.674253 -0.203838
22.730795 -0.162578
5.574992 -0.106687
2.241116 -0.035120
20.440819 1.489125
7.519982 0.424648
4.560514 -1.016149
21.867304 -0.125512
5.965082 0.279952
5.760700 0.930864
1.224882 1.156409
6.100017 -1.249609
10.088758 -0.202204
20.609280 -0.935855
7.369210 -1.107804
12.958845 0.189966
21.649384 -0.468621
5.802390 -0.956029
13.702374 -1.418411
20.965240 -0.569532
4.957594 0.176480
15.995100 -0.389498
23.100683 0.928118
4.567848 1.599402
18.603065 0.343872
22.956779 0.206881
3.475808 0.326340
20.137838 0.388179
22.687338 -1.216434
5.344025 -0.052498
0.242771 -0.175202
22.575562 0.443550
7.170883 0.326484
1.366097 -0.224910
22.306530 -1.291491
7.675943 -0.747388
4.756079 -0.786831
20.588003 -0.147636
5.545336 0.237773
7.612430 0.357107
20.796295 0.980012
8.624381 1.405954
9.297865 -1.028914
21.121206 0.210792
7.277566 0.051705
11.199550 -1.342595
1.001594 -1.435562
9.713431 1.150356
14.566831 -0.564577
20.417492 1.444850
7.326447 0.713639
15.146403 0.881198
20.919399 0.140192
9.988441 1.089393
16.582397 0.950582
20.661213 0.811834
6.500644 -0.152996
20.001789 -0.194449
21.535149 0.062424
8.417895 1.141901
22.339054 0.015376
0.660410 -1.409255
9.984022 0.299584
2.676975 -1.100336
2.006477 0.061280
11.078852 -0.182994
3.463397 0.112764
22.832855 -1.017179
8.968472 0.854367
7.628731 0.347927
0.672297 -0.345863
9.436341 0.712324
8.542816 -0.489234
20.240704 0.621328
9.155278 0.966726
11.738647 -0.281821
0.612860 0.326864
11.694317 0.619703
15.007969 1.622043
20.924599 1.137421
9.012110 -0.346480
14.281459 1.185282
22.544188 -0.799924
9.717335 -0.128224
17.434124 0.714575
23.039127 0.692291
11.182564 0.560747
18.915953 -0.284162
2.279004 -0.239266
9.879832 0.126230
23.567947 1.075070
12.947365 -0.133108
10.823822 -0.119706
1.801562 0.435002
13.157756 -1.658725
11.691886 -0.935205
3.450752 1.117787
14.167749 0.255056
13.038359 -1.528410
4.035465 -0.551103
13.091084 0.382771
9.494551 0.679507
9.947814 0.674590
13.193853 -0.145211
11.436801 0.174983
11.235194 -1.490777
11.537088 0.489124
11.058124 1.326162
12.276264 -0.116836
22.956312 0.314601
11.391439 -0.247588
13.935115 0.899160
22.443260 0.695258
14.661223 0.850991
16.782776 0.362095
2.019333 -0.570200
13.195657 -0.130914
19.162373 0.700574
13.821369 1.050254
12.282359 0.420869
23.131447 -0.044096
14.078526 -0.759267
13.512039 0.519637
2.200853 1.875620
13.111936 -0.989795
15.049965 0.576713
3.200763 0.890084
14.162910 -0.873033
14.929630 0.489669
5.693395 0.448245
15.317169 0.421215
16.465136 -0.684206
7.066667 1.064959
13.791212 -0.720317
12.942778 0.013154
10.214965 1.651873
13.701731 2.059800
15.955014 -0.356686
12.965102 0.470666
12.899926 -0.435898
11.888682 1.142460
13.330645 -0.377350
12.954007 0.260334
15.482724 0.290797
18.575155 0.639614
1.346091 -0.255075
14.898537 -0.937269
20.305946 0.520036
22.988705 0.122554
14.938833 -0.445924
22.745480 1.188183
14.217149 1.414353
15.293145 1.090822
1.228506 -0.076113
14.457771 1.235659
16.473167 1.155835
2.675203 -1.324619
13.991304 0.267610
19.949575 -0.940486
6.350218 0.399017
14.668902 0.301407
18.361227 0.577495
7.209806 -0.223598
13.680904 0.062248
16.907425 -0.423625
8.119035 -0.005554
14.382910 0.168647
19.746889 0.345198
13.117423 -1.045847
13.999324 0.194904
17.079023 -1.460497
15.892881 -0.522833
23.188164 1.599366
17.902952 -1.214429
18.617491 -0.641207
23.378658 1.873223
18.384935 0.549656
20.933996 0.161391
13.294253 0.206067
18.890865 0.008413
22.037565 1.198095
14.355044 0.051434
21.909374 1.347562
0.756420 0.754988
14.640067 0.782739
20.434788 0.426212
2.306323 -1.111203
14.978281 -0.195858
20.198067 0.655336
4.479971 -0.501885
13.597637 -0.647449
20.381926 0.102116
8.181526 0.362344
12.914527 0.323413
20.193977 1.175403
10.030457 -1.677562
13.878043 -0.502184
22.801174 0.256248
11.776717 -1.324359
13.816212 -0.549132
19.369226 -0.752571
16.524221 -0.171010
22.852057 0.232862
20.205990 0.879475
17.604595 -0.146540
21.837885 1.906797
0.100832 -1.276865
19.948952 0.449020
12.913060 2.334797
1.364652 -0.352139
23.368891 0.394299
13.238811 0.508055
0.990983 1.177418
1.629112 0.132757
0.996151 -0.563376
21.736311 0.504564
4.281785 0.903528
13.250155 0.795609
23.674488 -0.131898
6.171111 0.209828
11.857524 0.296617
23.431519 -1.062660
7.421841 0.474770
23.078737 -1.009859
0.907118 0.902583
9.428840 -1.762391
14.048790 -1.299556
1.046987 0.298918
16.401260 0.605594
14.726468 0.741395
22.879797 -0.925003
16.463902 1.237564
13.638438 0.612688
2.827381 -0.009815
16.253826 0.190818
12.757424 1.107209
23.689171 0.196349
22.043854 0.654500
12.904239 -0.911975
23.130344 -0.492073
0.363101 -0.771771
0.770955 0.250223
0.923714 -0.520791
0.938181 -0.473203
0.899937 0.806988
2.766734 0.589142
3.544372 -2.051723
2.500643 -0.075654
23.152979 -0.921547
4.454656 -1.029521
2.344339 -1.220878
1.231128 0.239795
8.197659 -1.797932
2.344316 1.187391
2.613316 -0.833676
9.892427 -0.332591
2.466261 0.032592
0.952383 -0.905133
13.067159 -0.163957
3.424091 1.876846
1.455009 -0.700354
14.732992 0.645922
2.566631 0.004481
21.993412 -0.626606
18.058434 -1.153268
1.476637 0.108678
22.994312 -1.209926
19.309788 -0.184926
2.511085 -0.800761
2.016212 -1.173479
22.062014 -1.511280
22.573105 0.840504
2.784482 -1.286142
3.444412 -0.231802
23.204493 -1.722290
4.457896 0.346533
3.869848 0.732456
1.328234 0.019073
4.435674 -0.336306
4.515446 0.144276
0.430134 -0.922092
4.661128 -0.896738
7.662932 -0.134150
1.691059 0.285463
4.533082 0.576077
11.363558 1.036241
0.265425 -0.692872
3.309524 -0.101834
14.314757 0.028719
1.428664 0.348891
1.877466 0.179323
15.078342 -0.007848
0.905575 -0.575625
4.533693 1.062663
17.358097 -0.955663
1.195349 0.168367
4.169179 -1.047115
22.260210 -0.396487
0.978696 1.349880
2.440998 0.129007
23.253262 0.086843
0.655732 1.345715
7.771564 0.268079
1.803964 0.129257
23.528280 -0.032766
6.160439 0.789968
4.783110 -0.021910
1.662393 0.601497
6.420201 -0.688127
4.770228 0.008469
1.930276 -1.063203
6.079266 0.310429
8.160328 -0.520768
23.465857 0.270975
5.193198 -0.832897
11.193795 0.196019
22.728846 0.830005
6.791303 1.436489
12.466313 -1.390114
0.789810 -0.100577
6.615411 0.271918
16.220165 -0.587383
21.202362 -0.002853
6.776545 0.145018
16.828499 1.550144
22.463930 -0.365624
5.851826 1.277847
20.062944 0.693708
20.914795 -0.150059
5.686984 0.724260
21.993551 -0.260558
1.541544 0.450593
8.011929 -0.822168
23.628811 -0.896035
21.217497 0.606246
7.310859 -0.612010
2.657635 1.458894
21.523041 0.729670
8.938229 0.629730
5.699650 0.296537
0.964594 -0.551212
8.107057 0.008354
7.193877 0.396737
1.121723 -0.516681
8.088308 -0.019953
9.856934 0.922220
0.106772 -0.410941
8.317736 -0.499203
11.421161 -0.092315
22.142048 1.069656
7.551903 -0.377686
14.174282 0.434395
22.890619 0.329147
7.521214 -0.694988
16.929693 0.282976
21.944561 -1.156116
8.250659 -0.029945
20.402397 -0.027534
0.189427 -1.389085
8.514118 -1.761299
22.022694 0.210537
2.420419 -0.135200
9.491375 -0.284453
2.117718 0.458067
3.127026 -0.441457
12.342620 -0.915700
4.510085 -0.212289
0.155421 -0.601587
13.217921 0.344719
5.283083 0.606096
2.182875 0.788847
8.588978 -0.802761
5.601954 -1.105956
1.575246 0.337754
9.997595 0.623215
11.444437 -0.402534
2.204178 0.472552
11.802925 -0.565655
13.863976 -0.587755
22.948135 1.252010
9.500485 0.259712
14.071311 0.191630
0.662971 -0.771842
10.041126 -1.688684
18.248451 -0.393555
0.236353 0.140712
12.051721 1.109647
20.273447 1.561558
2.507376 -0.115066
13.056002 0.104096
0.246574 0.807514
0.973656 0.799018
14.767713 1.007250
0.052057 -0.579908
1.370350 0.102482
12.894349 0.706253
3.779104 0.056285
23.264641 0.695744
14.709988 -1.845569
6.674966 0.495522
0.833195 0.452388
12.811283 -0.373986
9.616474 0.411533
22.821716 -0.667047
13.537013 -1.197208
12.204633 -0.030257
3.097713 0.701057
12.934236 -0.412309
15.230033 -0.553213
0.158784 1.005055
13.571779 -0.589534
15.977213 0.519986
22.710629 0.245535
16.394981 1.422757
17.526546 0.843852
1.906420 0.177055
12.716037 -0.535566
21.010530 0.562390
2.237388 1.352770
14.169888 -0.147349
22.261080 1.086811
23.565886 -0.120804
16.396706 0.648760
0.283342 0.806509
0.159511 -0.046368
16.695253 -0.884952
4.046394 0.007263
2.060567 -0.680699
14.168271 0.016522
4.926188 -0.192554
23.297434 0.098697
17.220938 -0.050399
9.351213 0.895727
0.410745 -0.211648
15.084802 -0.296424
9.834903 -0.103481
22.322388 -1.041448
15.117537 -0.082438
13.173146 -0.261050
0.097990 0.299455
16.520540 0.527759
13.628528 -0.094671
0.580343 1.841839
15.352983 -0.132509
16.819216 -0.199683
0.111361 -0.151664
16.505358 0.646697
20.040049 -0.102927
23.229753 0.372582
16.811176 -0.141161
22.076654 -0.716528
0.831937 0.242394
17.918463 -0.021178
1.170561 1.490155
23.254889 -0.345380
17.365751 -0.679704
2.271191 0.559273
23.563852 -1.195573
17.238914 -0.153366
6.105306 0.368926
23.167353 1.656007
18.287846 -0.269120
7.767952 0.513509
1.052672 0.711721
18.431774 -2.485662
9.885326 0.492578
23.059877 0.737484
18.589462 -0.145102
10.927727 0.608418
0.125209 0.195869
18.325708 0.711147
14.685925 -0.136512
0.936145 0.776415
17.056242 0.148277
17.729784 -1.423105
1.089435 0.623606
18.184750 0.206917
19.549212 1.655658
1.294004 -0.237301
18.916836 -0.399097
21.657452 -1.194466
22.648771 0.642269
20.149544 -1.358420
2.149819 0.638483
2.542734 0.384039
18.801228 0.864842
3.705783 0.676538
1.178139 -1.431929
19.872965 0.107115
4.512910 0.274926
23.087477 0.148077
19.651274 2.494834
9.246184 0.542347
0.353515 -0.758378
20.463966 -0.388811
10.746201 0.637230
22.892094 -0.812642
19.972910 1.865921
14.139832 -0.242436
22.422878 1.572121
23.422716 -1.425315
14.802547 0.767407
0.988822 -0.187772
19.314402 -0.627577
17.898994 -1.135480
1.435840 -0.620046
19.912357 0.820684
20.154196 -0.106005
0.267884 0.955584
19.875708 -0.145949
22.923872 1.272754
0.498642 0.480099
21.517229 0.401760
1.003543 -0.252069
2.851717 -0.300817
21.045238 0.380665
4.726750 -0.786233
0.027916 -1.040586
20.985241 -0.904887
5.861645 0.785783
2.549744 -1.279965
23.339436 0.789169
9.355325 0.271243
22.712576 -0.004665
21.796835 1.386096
10.272285 1.224543
2.671463 0.634641
22.776892 -0.407500
12.332610 -0.664565
2.133090 0.337756
0.570794 -0.908802
16.345150 -1.048836
23.571188 -0.194510
19.758543 -0.657923
19.408789 0.381576
23.386278 -0.957830
20.217262 -1.367781
21.206404 0.100413
22.436670 -0.623601
22.118229 -0.010250
1.034554 0.092412
