3.273894 0.566275
0.759826 1.593778
1.906438 -2.520747
3.445277 0.490473
0.046212 0.381237
4.063212 2.236950
3.768974 -0.883754
17.913399 2.184596
5.827456 -0.856875
4.012481 0.381374
2.306218 0.164510
7.016380 3.776374
3.950913 -1.001332
1.656002 0.500719
9.847707 3.157620
5.533552 -1.612444
0.961565 2.393290
10.647672 -0.101390
6.029742 -0.518166
1.554016 -3.642793
12.567859 0.396015
6.159352 1.057651
0.050048 1.029482
15.042033 -0.444411
0.824909 -2.194328
3.602621 0.915216
16.705706 1.136528
17.911856 -1.533582
2.448040 -1.070244
1.125468 -1.821968
6.682909 2.867763
2.309376 3.037132
0.865783 -0.002309
5.687710 0.138993
2.037984 2.137617
2.661605 1.325220
5.631030 -3.724835
1.721496 1.204909
6.455543 -1.008847
6.310643 -2.240009
2.748069 -1.295203
7.790454 -0.500440
6.813012 0.048593
1.424600 2.275215
9.139456 2.476828
8.348725 1.751372
3.627826 -0.382162
11.585798 -1.318748
6.982630 2.072069
2.133138 0.063906
14.295835 -2.375936
6.743843 1.016835
6.699323 -1.491421
14.911886 -2.974894
4.717302 0.511929
2.194232 0.840912
16.906532 0.031776
5.063246 1.272419
5.483010 -0.018659
18.148735 2.047344
6.262741 -0.928572
3.708678 1.419617
18.598015 2.788112
6.180304 3.357410
3.837618 -1.015274
1.686681 -0.502820
7.023882 -0.008012
4.046873 -2.928689
3.454308 -1.518397
8.095107 -2.158271
2.925743 -0.368536
8.141349 0.191982
7.093733 -2.035264
5.817092 -1.512552
8.717812 -1.300665
5.745072 -2.303348
6.023425 0.590166
11.466848 1.036679
5.801925 3.330902
6.832542 -0.118786
13.153531 -0.150722
4.905289 3.008670
6.141384 0.551772
14.780577 1.352276
6.538178 -2.008836
3.209725 0.798704
16.835972 -1.998848
6.263643 1.749058
7.055876 2.916831
18.302425 1.303525
5.222569 -3.031936
8.202982 0.146180
0.559687 0.525279
5.343204 -0.277671
8.822357 -2.760041
5.497912 0.670944
6.623805 -2.364805
7.363754 2.337770
5.453829 1.721074
5.000854 1.953065
10.125379 -1.570323
6.692407 -0.601655
6.134381 1.999686
8.536182 -1.868008
9.778856 -2.908019
5.864919 -0.244222
9.249666 0.764096
11.801095 -1.181018
4.688502 -1.785714
8.302461 0.775168
12.852650 -0.467835
3.571604 -0.873617
8.735093 1.638491
14.425573 -1.785566
2.977258 2.521513
9.567121 -0.836811
16.021389 0.501573
3.468299 2.134588
7.534883 -1.828652
0.486911 2.280174
5.056250 -0.724737
10.116447 -0.399979
1.347219 -0.241281
1.861887 0.548981
10.713145 0.261996
6.965177 -1.808343
3.285700 -0.225509
9.671035 -0.937193
6.155506 -2.821324
15.211471 -2.388819
9.334673 -2.471125
6.223362 0.810632
4.002583 0.027188
11.114355 -1.403638
9.336873 3.363062
3.061672 2.591389
10.798945 2.241082
11.110186 1.114214
1.130713 1.917575
10.176579 -0.404327
12.628644 -0.015773
1.172272 2.630158
9.973279 1.388924
15.876185 -1.564185
3.602193 -1.489349
10.735798 -0.291504
14.617303 0.847178
17.096395 -0.626913
8.906488 -1.787155
1.025821 2.472293
4.374055 1.578344
11.870543 -2.060510
2.089845 2.384956
16.235756 -1.570091
11.256665 -1.683780
3.526314 1.594891
15.191911 -0.954147
10.981876 3.792604
5.257667 -0.040278
15.575653 -1.242434
10.916368 1.345309
7.439640 2.889029
2.029633 -1.084235
11.059229 3.228890
8.819135 -2.291680
14.821036 1.377956
11.196092 1.159968
11.000394 -1.724948
15.604309 0.085328
11.712151 2.688352
14.456879 -0.641627
14.308598 -1.447757
10.948167 -0.272306
15.660967 -1.623188
14.701789 -0.294246
8.346178 3.368223
17.453516 0.194053
15.473458 0.332231
9.688951 -0.952270
0.099702 0.226871
14.455543 -2.971090
11.201211 0.763263
0.162047 2.315690
14.665792 -0.894259
12.134267 -0.313757
3.903046 0.848567
15.048760 0.695456
12.352307 -2.491006
6.428724 0.103040
15.204972 0.264345
12.632562 -2.118482
8.307456 -0.838539
14.072239 -0.898012
12.454355 -2.484386
10.012338 -1.246274
15.283240 -0.138101
13.319118 1.730937
11.651844 -3.019761
15.149937 0.091076
11.854007 2.253312
12.711522 -1.021016
14.197842 -2.788056
13.330313 0.313682
13.400601 -0.335879
14.298402 0.348339
12.841241 -1.234649
15.335427 -1.158493
15.536701 -1.851098
12.574357 -0.325791
18.768545 -0.572170
14.023731 0.607943
13.329878 0.604662
2.602941 2.360607
15.918680 0.115259
14.595455 3.289557
4.416988 0.012878
14.506965 -2.536352
13.534282 -1.977262
5.051455 1.183255
14.759106 -1.295206
13.988503 -0.615813
7.219733 -2.104393
14.942004 1.769593
14.781775 -2.238386
8.925842 -2.132476
13.445396 -2.008082
17.758450 0.919065
11.574607 -1.082055
14.663762 0.244565
15.200499 1.290167
14.058651 3.157316
14.914310 -1.459952
14.648797 0.053062
15.795079 0.356435
13.293031 -0.670644
13.745895 -2.412800
16.888512 2.559183
14.412696 -2.127496
14.842855 -2.193504
18.493637 -1.868392
16.227734 1.915511
17.087811 -2.383761
1.910819 0.096547
14.205320 -1.921729
14.818419 1.595450
3.780839 -0.627048
16.704685 2.605585
15.865067 0.299068
5.550553 1.406604
15.795590 1.483042
16.998386 -3.241407
8.309864 0.145570
14.153149 -3.345709
15.881908 1.429271
7.736269 0.928992
13.844003 0.790178
16.090097 1.961407
10.988087 -0.809751
15.322944 -0.918211
16.117697 -2.438448
12.366231 -2.686594
15.257900 -0.341221
17.019783 -2.815287
14.085614 2.320577
15.187721 -0.630696
16.547453 2.550760
16.025854 1.562060
14.765729 0.275166
18.180939 -3.331618
1.786951 1.590225
13.550756 0.793373
0.819231 -0.375166
1.412080 1.099802
15.617158 -1.910388
18.051949 -1.272904
3.513688 -2.441469
14.809682 -0.172661
0.247171 1.300285
4.718275 0.471468
14.889301 -0.043383
0.788215 -3.606889
7.884092 0.226692
15.358057 -0.842695
18.523628 -2.401701
9.387168 -2.312106
15.246073 0.880696
17.287935 -0.601415
10.929206 -1.034828
16.275736 1.973543
18.660093 0.043827
14.099945 0.925156
18.676132 0.212203
2.218408 1.869233
15.451235 1.770574
16.869535 1.772753
16.789303 1.519849
16.917450 1.983803
18.355165 1.935884
0.533601 0.482644
1.835702 -1.428866
5.928360 -1.483596
18.778082 -1.450366
18.820002 0.276152
5.012708 2.375415
0.109594 2.045610
2.690949 -0.875083
5.531115 -0.167206
0.904666 3.512463
4.438249 1.930287
4.151361 -0.777702
0.373078 -1.847234
7.465550 1.340270
2.625365 0.593454
17.929722 -3.155489
7.951503 -1.393761
7.190796 1.641318
1.230430 -0.307003
10.964315 0.992754
7.174861 0.786274
0.416888 -0.605563
13.449800 1.698252
7.945560 -0.066683
0.746875 2.201794
15.327135 -0.796630
1.200223 0.671043
0.501894 -3.434637
15.512705 1.670926
7.800659 -3.616010
0.846941 -0.081886
0.002381 0.215534
6.676285 2.587622
0.484325 1.558506
1.568381 3.098457
6.341760 -0.372700
2.503883 -0.772398
4.378296 -2.940183
8.054615 2.765298
3.843100 -0.583368
5.168557 -0.032837
7.045405 1.446765
2.773660 0.116099
6.150033 -3.160254
7.624502 2.985128
2.808449 0.138541
10.030461 1.690966
7.917142 2.186396
1.969597 0.201571
12.653523 0.052012
8.714588 1.201079
2.356488 1.872501
14.293656 0.638638
6.280880 0.440072
1.648997 -0.111783
15.980079 3.091193
7.073245 -2.275629
0.306382 -1.246277
17.036575 0.821081
8.090150 0.382478
3.998134 1.239811
0.007828 -2.656391
6.582762 -1.278006
5.335168 -1.898335
0.575287 2.223729
7.079669 -0.712700
5.490087 -3.381000
2.396942 2.048133
7.253357 1.681161
5.685642 2.289000
5.651557 -1.504041
8.295067 -1.199335
5.761689 -1.521573
7.291045 0.021007
7.275551 1.589755
7.707260 2.830754
8.522443 -2.127915
7.256682 -0.727483
4.665390 0.386790
10.561127 -3.376085
7.413835 1.780673
3.737464 -2.977053
13.167717 2.371070
5.337450 -0.276065
7.906042 -1.405233
14.614250 2.286767
6.624771 0.488043
5.331752 -2.239519
17.409576 -1.451171
8.155941 1.581448
5.712298 -2.392813
18.190058 0.259281
6.534654 0.033398
7.158313 -2.838568
1.645749 -1.845202
8.041790 0.493230
5.488021 -3.138736
4.039955 -1.203968
7.263573 -0.180518
8.995382 1.779586
5.842340 2.549016
6.307080 2.434448
8.546383 1.554938
7.340477 0.253036
8.833326 -1.228066
8.491970 3.818100
8.846306 0.782515
6.513690 2.346316
6.808826 -2.592539
10.031989 -0.462471
6.764020 -1.937434
7.671054 -2.578376
11.803288 -0.084269
9.006492 0.510238
7.586367 -1.670327
12.113487 2.611268
7.457184 -0.625941
7.047482 -0.561419
16.927792 -3.018425
5.971006 -0.431888
9.920232 -0.231158
18.564392 1.461030
7.506715 1.652928
10.549703 -1.623200
3.215555 2.128803
6.794208 1.361853
7.101441 2.325061
3.544616 -0.425282
4.503039 -3.508902
10.286249 2.098069
4.878940 1.743524
5.275115 -3.363473
9.716188 0.017411
8.505674 -1.845577
5.029838 2.349257
10.146621 2.314787
10.362354 1.922853
7.858457 -0.083538
8.273273 1.437184
10.471704 2.422925
5.075852 -2.890505
9.810247 0.236573
13.868845 -0.560846
6.813182 -0.868243
8.403301 -1.292817
15.721654 -3.217437
7.329490 0.724109
9.029038 1.198264
17.679184 1.449713
4.422643 -0.604130
7.071974 -0.823493
17.796209 2.950888
15.846558 2.312524
10.041738 0.298216
2.192446 -0.145794
17.586565 1.213586
11.541612 1.077233
2.284298 -0.543563
17.083515 2.204786
11.136920 -1.904654
5.614762 1.120978
3.635777 3.244550
11.749988 0.487262
6.270248 -0.705712
15.902165 -2.657278
11.572020 -1.075244
9.731853 -0.550170
3.173643 -0.815406
12.437270 1.779324
8.066594 3.165537
1.179065 -0.157386
12.992045 1.275035
8.763062 -0.389204
17.039949 1.214019
10.611504 2.300055
14.969385 -1.754857
17.285599 -0.471160
9.893668 1.703914
17.993057 3.305352
16.390806 0.099900
11.212225 -0.499354
0.720040 -2.948801
15.038870 -2.379132
13.756003 3.260282
1.110644 -0.251717
15.965996 0.044730
13.244196 1.219068
2.941747 -2.471337
16.269947 -2.516877
12.708155 -0.354174
4.818191 2.799643
16.754200 -1.261923
12.408191 -0.340435
6.996316 -0.135213
17.109390 2.218078
11.422924 0.947197
8.446176 -2.372735
15.646296 -1.994782
13.417020 -0.157644
9.922252 -0.833990
16.719421 -0.954745
12.836523 -1.785758
13.223829 0.010978
15.881137 2.922967
12.203023 -2.374332
16.246651 0.230365
15.994280 -1.950261
11.161625 1.827742
17.746672 -0.876240
18.222780 -3.115021
13.749533 -2.055087
0.024755 -0.559299
16.847897 -0.674298
15.264575 2.444520
1.405027 0.068795
18.161905 -3.267502
16.550081 -1.938066
4.571037 0.386440
16.186657 1.649157
13.971342 1.567386
6.105664 -1.287836
16.081999 -2.724616
15.377947 1.951506
7.411701 1.658771
16.540762 1.709368
15.448951 -1.953599
9.340038 0.711224
15.375318 -1.562947
15.219784 -1.680228
10.835007 3.354502
16.195580 2.834602
14.511869 -1.418300
12.718934 -0.626656
15.693058 -0.604741
13.616584 0.680749
14.447901 1.816326
15.024445 0.184687
13.651351 -2.118439
17.256264 0.574502
15.293578 0.820323
15.896142 -2.825589
0.853901 2.504609
18.586874 1.965914
16.856258 2.868124
18.009449 -1.364490
16.592974 -0.179409
16.440243 2.648935
3.648978 0.893506
16.553617 0.836260
17.726902 0.033154
5.002679 -3.127292
15.559659 0.803761
18.626980 -0.995471
6.377848 0.320315
14.563984 -1.770131
16.540258 -1.751057
9.395288 -0.726324
16.948254 2.400218
16.264444 -0.045346
11.339415 2.025162
17.014250 3.457927
16.185863 1.488673
13.468966 -0.299388
16.286354 -0.613788
15.523026 2.630424
14.936441 1.363956
15.820159 -0.264963
15.308723 -1.848712
17.250364 2.382404
16.770079 -1.325805
16.341515 -1.514176
18.639277 -1.128318
17.074322 2.053085
1.720914 -1.807964
2.813264 -1.132105
16.628382 -2.954152
0.628452 0.556136
4.276878 -0.760912
17.233395 1.411948
0.390384 -1.197035
6.236825 0.102219
16.582521 -0.157249
18.663984 0.797779
7.953201 -2.549659
16.749271 0.628093
17.340240 0.131194
9.798240 3.334012
18.180689 -0.796377
18.359497 -1.617923
10.855474 2.261743
16.515661 -1.954227
17.640142 0.810383
12.531241 0.576719
17.828138 -0.219433
0.089637 2.394742
12.743871 2.613091
18.375914 2.452507
0.846557 -1.101166
16.794773 -1.142016
1.208912 1.755509
1.526241 -1.516530
17.358273 -2.022189
6.638533 1.293932
17.246328 0.594823
1.153730 0.891789
8.367721 -2.431132
0.773195 1.473411
2.221131 -1.288616
7.107593 1.683902
0.905821 -1.791185
3.480128 -1.360378
7.132393 -1.309866
1.134168 3.200197
5.450735 0.156725
6.018893 -0.425525
0.368583 -1.020095
7.798707 -1.369204
8.914742 -0.959171
1.778197 -2.382535
11.008065 -0.452850
8.996964 2.958034
0.654768 0.506318
13.772720 -0.180913
7.850619 -0.788230
17.859516 3.566092
14.647170 1.606010
8.687380 -0.810810
17.962549 0.324664
16.374775 1.213979
11.378613 -2.215465
2.206034 1.290412
18.482992 0.928367
9.994075 0.564065
3.831561 1.154456
1.828687 -1.296649
9.300415 1.748388
2.312893 -0.513127
2.731889 2.202611
10.504822 1.566008
1.860478 0.008577
6.276337 -2.649093
8.987671 0.723437
3.979477 -1.907005
6.973611 2.766101
8.626864 2.639326
4.686460 -0.031632
8.713490 1.593896
9.342969 2.622891
3.245336 -0.825949
9.780120 0.791889
9.295130 -1.803828
3.854509 -1.155736
13.186162 -1.220551
9.801102 0.970360
1.799174 2.022213
15.555676 -0.042985
7.567700 -2.255255
17.577414 2.567307
18.029783 -1.998668
7.837418 -0.564588
2.480788 3.075129
17.902044 -2.562189
8.098080 1.719175
6.172738 0.661256
1.105766 -2.805720
8.955349 -0.531397
3.827742 0.907454
3.616843 3.402599
9.897926 2.030048
3.512776 -1.905307
5.236277 0.130302
10.146629 3.036367
5.329276 0.154541
7.273142 0.615557
8.465046 -2.325320
6.632166 -0.470518
9.542313 -3.653210
7.898646 4.096489
6.276736 -0.657684
11.189137 -0.081566
7.787885 0.256514
7.042159 -3.166495
13.297531 -1.936822
7.618085 2.102231
5.580320 -0.056652
15.984668 0.837844
9.628004 -1.773673
4.827201 -2.184961
17.330956 -0.236739
9.789526 -1.454224
3.445872 -0.284348
18.751703 -1.304865
7.643844 1.608239
8.678749 2.808049
2.777054 2.569772
8.420003 0.141301
6.973862 3.318420
2.838010 -1.826759
8.973182 -3.054196
5.264639 -0.051993
5.703215 1.857247
9.308007 -0.776367
6.947018 -2.670855
8.044651 -1.109493
10.834909 -0.094154
7.806300 1.440581
8.904650 2.980035
9.676100 0.312871
7.860545 3.193771
10.346472 0.241693
10.677027 -0.521895
8.359921 1.929415
12.198125 -1.653186
9.510672 0.723579
7.286564 0.259066
14.041175 3.295577
8.355678 -0.595706
7.440169 -2.895260
15.406600 -2.052779
6.953627 0.770830
8.546562 3.734843
0.679230 -1.839070
8.491402 -1.523046
11.424947 -0.079468
0.780156 -1.997770
9.462603 -2.939237
8.526334 -0.401895
3.168338 -0.173082
9.230136 -2.353755
8.750907 -0.363425
5.782799 0.664134
8.168411 -2.048820
9.233854 2.077324
7.386661 -1.431970
7.156163 3.257717
9.588739 1.172106
8.783357 1.844375
10.378854 1.010699
9.405098 0.155919
9.635708 0.218002
7.880621 -1.868559
9.045667 -0.686904
12.355677 0.846092
6.365953 2.854408
10.092599 0.142021
16.546238 0.196972
7.724202 -1.657620
10.821914 -1.517489
17.747179 -0.903265
7.077372 -1.719221
10.174459 1.565312
1.535821 1.173370
0.040496 2.860906
12.193803 -1.194713
1.061154 -1.861603
1.984632 2.169831
12.033253 0.483450
1.453495 0.947738
17.974941 -0.673069
12.790175 -0.149599
5.622344 -1.277607
5.112048 1.760086
11.472429 2.375739
7.742662 2.407434
17.841494 -2.700149
11.078424 -0.982206
10.254819 2.556652
4.698435 -2.805901
10.713626 -3.247459
12.160809 -1.450563
3.003112 1.036130
10.045898 -1.818298
12.925244 -1.804157
18.815168 1.069480
10.276554 -2.759255
14.316364 -0.469222
17.593369 -2.468350
11.247400 -0.246228
16.594713 0.472530
18.187927 -0.685824
10.304327 1.977287
0.865864 0.386640
16.791224 1.530984
13.048287 0.810358
1.296913 -1.064976
17.665752 -1.754350
12.868683 -0.073251
3.663724 -0.280791
1.055941 -0.226408
12.455748 -2.624969
6.913048 1.656941
18.395348 1.700771
11.370605 0.496210
7.167351 -2.977235
17.477388 -1.076374
12.842403 3.150611
9.753289 0.731770
16.710356 0.666999
12.169981 -2.166790
11.376613 1.641428
18.585396 -2.032748
12.184465 1.475325
13.734723 2.116716
17.302362 2.909241
12.552341 1.858365
15.071817 0.454151
16.884016 1.453229
13.020814 1.860056
17.589743 0.264995
17.851530 2.376499
11.757003 -0.329859
18.420645 -0.915507
18.412155 -2.917979
15.541551 -2.492480
0.577879 -0.658128
17.347246 -0.235659
14.811234 -1.883127
3.175109 -1.209568
17.915878 1.488822
14.578115 3.392674
4.984140 0.012301
16.564688 -1.677325
13.745101 -0.479053
8.300659 -0.160868
18.179045 -2.003466
14.604120 -2.490563
9.146258 -0.659966
16.978895 2.130065
14.316482 -1.420514
10.902141 0.271911
18.106209 0.002657
13.144906 0.734139
12.005542 1.627474
17.662273 -2.176846
14.301450 1.807906
14.200962 1.475111
18.186977 -0.535622
15.725182 -3.337433
15.635702 0.180949
16.351078 1.463260
14.376135 0.440075
18.694580 -1.333319
17.447308 -2.539510
18.175116 -0.260670
3.283969 -1.154744
16.957081 1.292454
17.306387 -1.955523
6.774044 -2.639407
17.907824 1.686191
14.481150 -1.821075
6.898441 -0.837554
17.706156 -1.222004
16.368397 1.690769
8.183818 1.122731
18.448080 0.234158
16.490889 0.610774
10.172626 -3.433717
18.132982 2.332448
15.152557 -0.226505
12.376354 2.905633
16.723415 1.028049
17.252073 -2.400094
15.142401 -1.659381
18.209095 -0.507636
0.463985 1.837149
14.829044 0.110864
18.427647 1.811532
17.775328 -0.955245
16.133900 -1.143751
17.682428 1.550415
15.065351 0.069642
17.440948 2.935270
1.008425 2.867160
1.745900 0.288134
0.821068 -1.149372
18.619837 1.118820
0.763974 0.968734
3.727168 0.078858
18.432291 -2.405573
18.363497 0.302416
5.118389 -0.889744
18.601133 1.314036
18.178404 2.935378
7.009579 0.822177
18.253979 -2.221464
18.105696 -1.222423
8.811524 -0.901457
2.003459 0.361402
18.382706 2.288363
11.540745 -2.125625
18.814718 -1.166363
17.313955 -3.024785
12.205011 -0.063208
0.912374 3.128491
0.076404 -0.036064
13.558702 -0.069742
5.130534 1.977067
0.255657 2.908026
16.755831 0.974100
2.908517 0.780859
0.568287 3.232730
16.625168 -2.052274
8.622551 2.624014
2.412438 -0.350069
0.977203 0.881107
8.168322 2.400747
2.235149 1.277091
4.279272 0.176322
8.730018 -3.860691
2.333045 -0.354497
6.234956 0.474196
7.451615 -0.858246
1.377083 0.365863
7.262766 -2.164773
8.599866 -1.396429
1.457236 1.512310
9.049088 -1.271905
10.254989 0.489385
1.577318 -1.311993
9.559186 -2.736517
9.730870 -1.789507
2.068947 -1.544121
12.704160 -0.938297
8.757013 -0.548946
1.012744 1.527215
17.028904 1.907387
8.015731 -1.554840
2.418936 0.995589
16.066692 -2.738380
12.980199 -1.060181
3.407301 1.822867
18.149590 -1.032044
11.474653 -1.830561
3.804899 1.980023
0.609029 0.628715
10.760659 0.342009
2.934681 1.985523
3.279452 -0.650575
11.578946 0.478969
3.372494 -1.813670
4.857153 1.058115
10.961026 -0.942307
3.681964 2.523615
6.684644 -0.265653
10.435148 0.518924
4.043661 2.332320
8.675776 1.925733
10.188746 -0.860895
3.427812 0.614371
11.450300 1.033292
10.342753 -2.229742
3.222038 3.528946
14.515977 -0.488917
12.091910 0.726812
2.510866 -1.019481
14.767014 -1.406746
7.170286 2.352838
3.814569 -0.624233
15.084957 2.444820
8.005966 -2.645888
4.150489 0.903740
16.980736 0.593918
8.162694 -2.815810
4.045108 -1.326380
1.795039 1.995146
7.422910 1.510413
2.500034 -2.421763
2.521250 -0.173376
10.675631 2.335294
4.708653 0.984321
3.479769 2.001014
12.373704 -0.154346
4.701382 -3.298843
6.161295 1.205979
10.177246 -2.992982
5.889746 -0.476691
9.236053 -0.061445
9.092803 -0.364405
4.963295 -1.123915
10.522839 -1.344252
7.044788 -2.552923
5.343419 -2.373885
12.525148 2.113792
8.109000 3.103158
5.389440 -0.907134
14.215030 1.781124
8.992363 0.241102
4.140040 -1.702710
15.427712 3.138240
11.087284 2.629649
5.660946 0.551417
18.564852 -1.581320
8.644863 -1.680776
8.114953 3.095545
1.426848 1.445464
9.168335 3.626185
5.408412 1.130908
2.376607 0.064147
10.825575 1.902489
5.104337 2.188822
5.302409 -2.367155
11.209798 -2.111469
6.808292 -2.121140
7.511350 -2.197737
11.863559 2.164981
6.450270 0.300300
9.312026 -1.096206
10.213435 1.968192
6.344820 -2.089799
11.046673 0.814341
9.043675 -0.194692
5.570934 -0.518604
12.464732 1.908223
9.412127 1.401533
6.092000 0.322986
15.886024 -0.490314
9.490737 -0.831630
6.842261 -3.070400
17.534527 2.126812
9.524983 3.152415
5.062198 0.759500
0.545589 -0.379469
9.021154 1.167266
9.966208 1.595134
1.925902 -0.134063
11.415690 -2.802368
8.136135 1.272717
3.073858 0.584077
8.101301 -0.360308
7.562579 2.175863
6.657483 -0.572119
8.381314 -2.167717
10.416731 -2.115928
5.868971 2.451499
11.286867 0.909349
9.536414 0.981945
8.008514 3.079217
12.391263 1.939547
9.349797 0.047996
9.449375 -0.837858
8.067693 -1.381975
8.884268 1.861346
14.282029 2.220332
10.420650 -1.011015
7.581341 -0.492635
15.947771 -2.162839
8.904562 -1.147281
8.455515 -0.734079
16.914019 -2.924567
8.084784 2.051047
7.507859 -0.565147
18.542862 2.877842
9.975339 1.083849
11.605540 -0.734814
18.362291 -2.594216
3.740976 -2.643010
10.307496 -0.137592
2.914928 2.337765
6.532703 -0.065838
8.854371 3.488847
4.114768 0.529230
5.618452 0.791591
11.799422 -2.036586
5.953558 2.212079
4.860825 -0.134222
12.866749 -0.554840
9.166645 -2.973009
6.501667 0.718576
8.618725 0.210390
13.530988 1.397954
4.890425 -2.626915
9.256339 -2.006556
15.764161 0.167498
8.119172 1.711539
9.752371 3.177883
15.943366 -0.723128
0.283581 2.180800
11.713654 1.186488
15.693418 -0.496114
3.944083 -1.186771
9.457544 -0.644621
18.694847 -1.076193
18.382273 -1.350176
13.860603 -2.559348
1.952515 2.003844
5.610642 0.941944
10.468785 -3.019083
3.321630 -0.684314
2.466560 -1.571840
10.923592 1.240298
5.040236 0.339648
0.248420 0.226579
11.271871 0.706585
8.937557 1.509643
4.495277 -2.890506
12.107299 -2.676966
10.931183 0.565637
6.301515 0.211708
11.620121 0.169692
11.383123 3.484246
6.456334 -0.155758
10.477604 -1.805249
12.842280 2.946918
1.754226 0.326861
11.389132 0.069981
14.296160 3.414891
18.574200 0.762544
13.242490 0.673965
16.654785 2.840215
1.138145 -1.969256
10.549271 1.360809
0.509165 -1.488619
6.433372 -3.446411
11.835666 0.410682
2.217046 0.252401
0.537585 2.535857
17.763866 -2.553438
3.231741 -0.578982
18.191309 -1.470769
12.976853 2.171741
8.041918 -3.102125
0.921412 -0.564019
17.122395 -0.099342
8.096664 -1.559282
3.025615 -3.071507
18.476847 1.746157
9.756153 0.784051
0.316546 0.296345
12.446915 2.740664
10.591620 -2.372164
1.519574 3.198398
11.972312 2.345395
12.315841 -2.327505
3.413167 1.799073
11.884766 1.303141
12.900970 1.939332
16.718054 -2.607450
14.060088 0.218329
16.035645 -2.110322
8.830808 -0.233693
14.789554 -3.475213
0.038392 -1.501570
18.090837 1.295028
16.553360 2.481488
2.295121 -0.863898
18.482176 -0.419893
16.327036 2.402284
6.441184 -1.518764
1.276881 2.650306
17.734196 -2.440229
5.846554 0.272730
4.631039 -1.037696
17.429285 -3.600236
7.785797 -0.291924
1.015269 -2.888920
18.135096 0.739917
9.868451 -0.026817
6.016995 -1.006286
16.570332 3.017988
11.745005 -1.611856
18.287525 -0.725394
17.577906 -1.922219
14.075553 0.392669
4.923982 -2.446157
0.121301 2.027744
12.881761 0.043768
1.050594 0.569626
18.417150 -1.521510
17.207111 0.942640
2.239678 2.068758
0.433960 -2.369775
18.695944 1.412792
5.284346 3.403482
17.847210 -1.545764
4.403623 0.494512
1.438593 0.097175
0.504129 -0.031661
2.305766 -2.751966
7.134214 1.969888
18.366961 -0.059698
4.789239 -2.680822
0.611275 -0.427737
0.900659 -1.730561
6.130930 -0.097843
4.839413 2.316669
18.767412 -0.900062
9.217209 2.636606
6.523697 -0.480009
18.393185 -0.612290
9.907675 -2.857104
6.567426 3.272768
18.535570 -0.373389
11.825740 -0.957929
3.068488 -0.011940
18.573359 -2.116023
13.068770 2.322276
10.671712 -0.241999
1.167306 -0.266749
17.078657 -2.879144
0.820680 -0.967707
17.984558 -1.183724
1.081648 0.210386
10.697607 -2.169485
2.166536 -1.190173
1.334092 2.515519
13.054372 1.627348
2.876373 2.011138
3.775012 -1.107212
8.971983 4.088935
0.752042 0.671497
5.738855 1.257134
10.555998 -1.579035
18.609182 1.368660
6.680519 2.616644
9.819275 2.135540
2.515210 -0.532925
7.899226 1.849739
12.143612 -1.369595
1.489308 -1.617578
9.486145 0.218295
11.262680 1.163315
2.910267 -2.993132
12.879112 1.919562
10.764769 1.179494
1.341432 -1.456385
14.066885 -0.581214
11.162080 1.625723
2.718158 -1.799856
16.298115 -1.035399
12.576727 -1.972604
2.354588 -0.912178
1.129974 0.241295
10.962594 -1.812561
5.420229 2.122395
1.683892 -3.328440
15.146704 0.996657
2.375705 1.055817
3.980748 1.254045
12.389606 -0.735785
2.594311 0.373505
6.281013 -2.612948
11.179313 0.606641
0.887627 2.079171
7.963233 0.008868
11.639558 -0.739914
2.728529 -2.882715
8.146617 1.480542
14.543256 0.538941
2.184437 1.067882
11.519135 2.207066
13.189855 0.746189
2.441163 0.652515
13.040102 -3.030896
15.055260 -0.625637
2.532212 -1.968133
13.515893 -1.592427
9.528924 -2.000794
3.032475 1.904869
16.913166 0.944729
13.896334 -0.455783
3.808922 -1.523348
1.224167 2.260457
12.754904 1.751382
5.257590 2.417243
17.412342 -0.271930
12.493770 1.756535
4.730250 -1.389500
4.198631 -2.849405
13.434801 -0.257613
6.373777 -1.355539
4.799169 -3.012238
11.745193 0.175709
6.651193 -1.009880
5.765080 3.291851
11.793633 -2.369547
5.028533 0.967949
7.957396 -2.192033
10.984414 -1.391542
4.752411 0.788716
10.442221 2.917542
10.750885 -2.306600
4.746027 -2.571696
12.515824 1.988153
9.897771 -1.174637
5.244496 0.020301
14.199381 -0.619711
10.837395 -0.478331
4.537859 -0.125776
15.797198 -1.316586
11.130027 -0.232040
5.967773 -3.959182
16.713747 0.615330
10.469231 1.431974
8.398657 1.196354
1.429065 -0.774892
14.714103 -2.928363
8.301095 -0.888283
4.485480 -0.028669
9.721572 2.127768
6.020305 2.554031
4.246814 -0.873198
9.933171 -1.414114
8.477813 -1.490446
7.401247 -3.442113
13.114053 -0.228195
6.237891 -2.817432
7.191287 2.510867
12.076725 -0.482509
6.227639 -2.906699
11.392497 0.873222
11.526657 -1.871997
7.959904 0.978486
10.695263 -1.894066
11.045399 -3.569177
8.109508 0.342498
14.133470 -1.569522
11.078327 -1.055142
7.413289 0.553593
18.074430 2.967277
12.897460 1.216186
6.986434 1.910268
18.374609 1.623845
10.734851 -0.335800
9.719855 -1.344682
2.709922 1.459794
10.363991 1.773727
9.451448 -3.105315
4.607164 -1.115286
8.301577 -1.311244
7.431100 -2.262863
4.667119 1.291216
10.963064 0.978132
11.452662 -0.478987
7.878413 1.968816
12.459687 -2.360199
8.191106 2.031053
7.863851 -1.812936
14.435658 0.037660
9.494547 -1.384589
10.192546 -1.305633
8.396692 -2.717357
10.717554 -2.568374
13.577198 0.304188
9.622976 -2.479991
9.102759 1.016936
13.393131 -1.033424
11.624106 -0.021359
9.097044 -1.176820
15.532914 -2.048729
9.695427 0.863778
8.570674 -4.071170
18.625547 0.130782
10.163544 0.400554
11.579335 1.963919
1.956185 -2.023880
9.393699 2.714872
10.650105 -2.546643
3.543855 0.082360
8.305228 0.837892
9.393234 0.473276
4.362334 -0.612495
6.739144 3.294248
10.433878 -1.530526
7.023867 0.646195
9.536087 0.539047
10.122395 0.826909
8.147959 -2.813266
8.560474 3.088782
9.990529 1.012368
9.728010 0.383380
6.662340 0.824964
10.289237 -1.620559
14.715984 -2.659065
10.740671 -0.606346
10.252969 0.378081
14.335773 1.316208
5.474638 -2.141372
8.527333 2.231401
17.351973 -1.671181
8.339257 -1.106411
9.689281 -2.016009
0.321486 0.121128
7.776054 -2.681260
13.271634 1.076761
1.259894 1.015623
7.970403 0.221907
13.419065 -0.869812
3.679287 -3.067950
8.983459 -1.048362
12.950946 0.509162
5.363968 -1.793931
6.603972 -3.299694
10.459733 -0.654733
5.024496 0.779249
6.269432 0.570229
11.115528 1.546337
9.269642 -1.470516
6.987860 1.812540
9.987481 0.522681
10.625499 0.442203
5.242496 -1.088556
11.704714 2.904749
13.690873 0.656820
5.264386 0.490331
11.299171 1.945740
15.615332 -3.256089
9.920896 1.497947
12.836953 2.234631
15.640927 1.084719
4.702116 -0.990662
11.492823 -0.939457
0.057835 3.156926
8.500983 -0.558674
16.537045 -1.711126
1.599454 -3.519999
9.873964 1.121251
16.154520 2.617986
2.896269 -1.111569
7.948511 -4.193829
15.383226 0.862385
3.131984 -1.310885
6.024840 0.710465
16.842726 4.324845
6.372596 0.111932
6.801761 2.001963
12.391732 0.513739
7.894378 -2.314554
6.043948 -2.156213
14.641747 2.195838
10.600532 2.679880
7.552634 0.721525
15.818069 -3.443313
13.810397 0.185854
8.789384 -2.219156
14.403258 1.062643
14.911152 0.322992
8.126536 -1.569338
13.259161 1.336136
16.278168 -3.049893
10.456462 2.428157
15.091510 1.161274
18.038906 1.034168
11.259359 -2.091981
17.188385 -0.594883
2.261857 0.608010
7.353511 0.389194
17.931028 1.391975
2.897843 2.328039
5.784295 -1.931615
18.647940 -1.424054
6.077339 -0.440725
8.005286 2.342701
16.662804 -0.262017
5.739400 1.947234
5.268928 2.264522
16.879124 0.927317
9.711162 -1.149205
7.154889 -3.223995
15.955282 -0.752131
9.414534 -0.385572
7.767051 0.612499
17.348486 1.006143
12.771144 2.195779
9.902459 -3.217695
18.799299 2.093140
15.314073 0.838144
9.222998 1.809842
16.624115 2.763530
18.330660 1.054233
10.277629 -3.045181
17.793739 -1.294302
0.794595 -0.628931
9.481408 -2.009447
17.997400 -1.866809
2.451965 0.195138
8.816175 2.080952
0.104957 0.542929
3.962204 0.736488
9.404732 -0.170263
17.790501 -1.360146
5.531576 -1.153649
7.616800 0.192851
18.390034 0.050244
6.656291 -1.949668
7.845921 -0.210766
18.764725 2.657527
8.402301 0.795274
8.425090 -1.969977
0.160887 -0.936053
12.063643 -0.014241
10.220680 2.978920
0.163923 1.284781
12.547576 -2.033712
11.638311 -0.576775
0.830692 0.478372
15.660691 1.974849
10.641923 0.172692
18.125147 -2.100607
16.872265 3.440695
8.403319 -0.101226
18.221169 -2.365246
0.868867 0.793814
10.218597 3.233048
0.830610 0.002442
2.843104 -0.100583
10.721611 0.700216
0.228294 0.438532
4.995122 2.331304
9.898599 -0.862353
1.837536 -2.523833
4.455372 1.957021
12.887167 2.608396
0.163096 -3.047666
8.303863 -1.300738
9.245259 -1.679701
0.829813 -1.012163
7.490652 0.904317
10.981632 -1.185304
1.706431 -0.175923
11.197856 -2.415927
11.195465 1.522877
18.431751 3.492671
14.042754 0.938535
13.902961 -0.929959
2.349756 2.753003
15.215411 -1.041006
12.762115 0.977010
1.760465 0.006829
16.992344 1.657456
14.659513 2.835261
2.602611 0.052618
17.054455 1.026473
12.198432 -2.139500
3.851599 1.981588
2.367667 -0.006886
14.055078 0.856997
2.316494 3.676484
2.307606 -1.025765
13.669813 -0.195873
1.682004 2.749302
5.090697 -2.243418
13.761660 -2.938122
0.474978 -0.713600
6.443723 0.953832
13.180928 -0.278029
1.774940 -1.965500
7.828924 3.008065
13.287501 0.224706
2.988469 3.887486
9.367873 -1.242227
11.303246 0.521353
3.067360 -1.017691
9.945685 1.801759
14.637922 -0.475802
0.683827 -2.480986
14.144768 -2.610739
11.264148 -0.899865
3.988299 -0.975593
17.564674 3.765315
16.103491 -1.586913
2.525544 0.773722
18.425425 3.133439
14.176347 -2.144537
4.281645 -2.430242
3.103895 0.230075
10.233338 1.297218
6.923573 3.119264
2.562989 0.250581
13.722180 0.476167
3.659831 -3.130200
5.318204 -0.996109
13.300423 2.981169
3.681843 -0.349235
7.581643 1.975828
12.636440 0.878202
4.681535 -3.212670
9.640080 -0.431540
12.366049 2.278688
4.234577 -1.173977
11.884261 0.964261
11.729983 3.687187
4.402511 -0.623889
14.195377 0.833856
12.448829 -0.959212
5.881835 2.078446
13.277598 1.631030
13.042556 0.531492
5.672899 2.329718
15.534939 -1.149735
13.707275 0.115574
7.203448 0.828603
1.445841 -2.012389
9.682999 0.777625
6.835560 -1.393394
0.557484 -1.448815
14.586270 -0.774229
10.203732 0.595011
3.574856 4.185392
9.789648 0.564043
6.865128 2.017259
6.207402 1.400478
11.261732 -2.120317
8.332455 -0.905341
6.262651 2.204794
13.420145 0.412058
7.785944 -3.086882
9.829256 3.424120
11.278775 2.378695
9.870996 2.328343
11.198028 1.415696
10.661510 2.537545
6.518490 0.645169
12.926571 -0.003223
12.358480 -2.975598
7.755618 0.083804
12.657127 0.141722
11.250725 -1.721027
6.270624 0.271948
14.887918 2.234821
12.336925 3.070435
7.384075 -0.804374
16.341269 0.470336
11.742514 -3.590955
7.067751 0.133896
1.172287 -1.316649
12.736708 3.952008
9.581274 -1.106329
3.502285 -0.835023
10.427979 2.426763
7.662311 2.132573
4.620357 -1.470257
10.528628 -2.142141
10.210629 0.985679
6.470428 -2.238535
11.255106 -0.049123
10.913105 -1.850595
9.677656 2.242105
9.373216 1.200945
9.352563 -0.527025
11.393267 -2.088102
11.880616 -2.780966
9.545705 0.267640
13.106853 0.045977
9.698683 -1.287920
9.082991 -0.403942
15.237185 1.391272
2.250523 -0.267189
11.537634 0.515471
16.352476 -1.007031
10.248037 1.903438
10.155328 1.005826
0.707181 2.699587
12.585126 0.806389
8.901237 -3.335488
1.783938 -0.787332
6.348799 0.120843
12.251028 0.334192
4.151744 -1.282702
8.065867 1.370899
11.641937 0.930849
4.574367 -0.447119
7.488543 2.556721
11.902818 -0.763568
6.276088 1.757071
7.926220 -1.569469
11.090112 -0.283377
8.305716 -1.799839
7.992906 -1.503389
11.703819 2.038224
10.244751 0.638106
8.181030 1.886780
10.704484 -0.736634
11.728373 2.513178
7.141047 -1.306261
12.041594 -2.071759
13.043444 0.752805
0.881085 -0.958493
12.491568 -2.021867
18.250769 -0.678702
6.091192 0.158870
11.867021 -1.605353
17.253595 3.509233
9.564529 2.164651
12.951013 2.547642
0.593396 1.093765
8.438915 -2.169498
11.960598 -3.232475
2.576193 -1.042365
10.169243 0.009521
14.314542 0.387546
5.372625 -3.426441
5.255922 -0.509700
13.423837 -3.128911
7.216279 0.544596
6.644376 0.854695
14.099538 0.244070
8.535791 0.147234
6.527910 -1.579271
12.817805 3.049104
9.963746 -0.827263
7.623152 -3.082379
13.130728 -1.311050
11.517442 -0.666912
6.637980 0.187115
12.846188 1.996367
14.680485 1.713316
7.497900 1.898383
11.505773 0.463629
15.667947 -0.558841
6.610096 -1.872123
11.606197 -1.866805
0.372924 0.554788
9.081680 -2.808132
14.667443 -1.285339
1.871211 1.578285
9.589368 -0.773274
14.502457 -2.684061
3.641852 -1.421152
4.061119 -0.545676
11.938595 -0.507325
4.244248 -0.706402
7.293139 -2.487020
15.021704 1.233158
6.801517 1.569456
8.351376 -1.016253
14.898090 0.082129
8.322967 -3.034615
5.607231 -0.539629
13.269734 -1.531530
12.132052 1.780706
7.673914 1.176115
14.052090 1.745508
13.171855 2.480664
8.596433 0.553353
15.074061 1.281815
16.856558 -3.543338
10.296648 -2.349758
14.690234 -2.290123
16.106213 -2.187270
10.224290 -2.244647
15.956783 1.896153
1.003650 -0.461832
11.162171 -0.133242
16.882566 -1.644902
18.221340 3.417723
8.531166 2.627883
16.955774 -0.128810
4.006181 3.043955
6.700527 -2.108132
16.424534 3.718930
4.285158 -0.424898
7.779550 0.165925
16.603868 0.334730
7.576956 1.614962
5.776491 -1.102316
15.734934 -3.203998
7.931938 -0.045097
7.690559 1.944393
15.558197 1.707251
11.694761 0.810691
6.035322 -1.217090
17.633183 1.025161
13.553002 1.509030
6.864948 0.656775
17.347906 -1.532418
16.101082 -0.379522
4.427782 0.749307
18.582312 2.384822
14.718961 0.061869
10.046256 -2.970915
16.344824 -1.585780
16.695871 -0.065796
9.692021 1.496885
0.674673 -2.818783
1.047441 -0.485255
10.366893 -0.352859
17.667645 2.021609
3.952516 -0.093148
11.438108 0.801900
17.371971 1.230868
5.393111 -3.323085
9.123075 2.987381
17.796461 2.038761
7.485451 0.151352
6.444798 -0.037216
17.556871 1.013924
8.303075 1.973103
8.355458 2.366184
18.785038 -2.245781
10.311849 0.927975
7.661493 2.308164
17.146986 0.893449
10.791794 -1.351213
9.430161 1.342916
17.769190 -0.702326
13.781290 0.746953
12.218567 -1.446033
18.061752 -2.243706
15.499994 -2.009825
9.584357 -1.046630
1.760671 -2.489618
18.431477 -0.491101
11.982314 2.365647
1.852206 0.046596
2.670208 -1.832444
15.836336 -1.057654
2.259523 1.617477
1.489519 2.003789
11.810811 -1.802215
1.607538 -0.563275
4.527579 -0.056775
17.142370 0.577023
0.738652 0.922079
9.385858 2.438278
15.733222 0.967901
1.584540 -1.633639
10.090124 -3.617836
0.982343 2.447478
2.477214 0.865066
11.230590 -1.393272
16.427090 -0.659492
18.702007 -2.082478
10.965012 1.155953
12.728188 -0.964898
0.802823 0.515067
14.291530 3.068695
15.401221 -0.031089
1.233795 0.443508
15.816923 0.211280
16.317738 3.532904
0.976209 0.890674
17.522593 -0.498710
14.212273 -1.663040
2.161359 0.719733
0.146248 -1.297747
2.074445 1.281400
5.570959 1.637600
1.290764 -2.836426
1.528352 2.003970
3.760578 0.501267
5.599205 -2.184481
16.373180 1.603405
1.868093 1.699110
7.489020 -2.032354
1.286596 0.220064
2.144809 2.839706
8.774817 -1.068114
15.808998 -0.001396
0.925257 3.079503
12.515138 -1.617712
1.996550 -0.309047
3.246481 -2.098239
12.810887 -0.212570
16.827457 0.683806
1.627687 2.303835
14.310301 3.070856
12.780084 1.814294
3.778926 1.160118
16.032217 -2.626999
18.388084 1.086860
2.371172 0.108381
18.063313 2.031549
12.722251 1.853924
5.286579 -0.203848
0.511129 1.182418
12.644325 -0.100181
5.829936 1.228642
2.422235 -3.557427
1.485110 1.612600
3.995902 -0.581695
3.373609 2.688390
2.123883 -1.320094
4.035297 0.258313
7.724415 -2.088547
2.093906 -1.864022
3.789271 0.912821
9.854157 -1.049350
2.272716 -0.568705
4.553362 -1.661235
11.614039 -2.582834
12.922875 -1.484819
9.095555 2.028244
11.322453 -3.239379
13.646102 0.596545
3.945841 1.448846
14.132971 2.899601
1.260489 -1.265856
1.990373 2.012298
14.197254 1.092520
1.638586 -0.319595
5.133553 1.714549
18.268034 -0.484965
11.609513 -2.342257
8.972209 2.655167
0.162728 -0.081989
1.358423 -2.195725
9.165358 0.998629
5.725163 0.449801
16.247782 -1.564596
9.544405 -0.667794
4.455318 -3.110755
13.459347 -0.637617
7.875705 -0.764747
6.152794 3.270765
0.960036 -0.318395
9.318108 -1.553991
9.530008 -0.335268
2.505173 -0.141409
6.049339 -0.793752
10.191308 1.826694
13.545499 2.889954
9.338790 -1.837881
13.762735 -1.431290
0.518632 1.242648
8.294340 -1.941243
15.107853 -1.403967
12.854005 -3.720236
7.686957 -0.387501
14.591774 -1.219507
1.748640 -2.584347
7.181321 -1.532803
18.610903 -0.093460
18.166824 -1.266826
9.503152 -0.726484
5.183185 -0.039727
17.697687 -2.595464
9.708024 -1.378855
2.938886 0.623445
11.490387 -0.697406
6.346630 -3.098633
3.901744 -1.507164
17.114170 -0.046240
9.898894 -2.386707
7.006683 2.863534
12.689916 1.896179
10.597306 0.038012
8.201116 0.937887
1.236394 -2.339456
7.718246 0.444901
10.525157 -0.608014
13.319385 2.313228
10.725614 -0.843894
12.258363 1.478492
15.382548 2.406783
9.773017 -1.469565
14.332665 -0.100141
9.363647 -0.217822
10.012881 -0.185944
17.529419 -2.454566
0.472576 1.498707
8.876607 -2.387792
1.838766 0.571720
11.394259 -1.163755
12.337206 1.671998
0.638065 1.994883
11.282128 0.198539
11.191916 1.512901
3.543140 2.331769
9.967210 2.546695
11.281706 -0.151728
5.191113 -0.864510
9.115494 0.538066
11.586714 -3.703907
7.105662 0.074083
9.545548 -1.826527
11.620068 -2.029079
9.161330 -0.904285
9.822771 3.247041
11.217959 0.182034
10.940028 0.677124
10.224957 -0.973797
10.601274 3.231822
12.606550 0.967532
12.513457 -1.342192
10.537647 -2.580936
14.812836 1.425353
4.282827 -0.618014
10.431695 -0.619410
17.181477 -0.576530
11.177099 0.758616
12.004241 1.521040
16.910648 -2.223935
10.310137 -0.133224
13.304906 0.314943
2.296836 1.885709
9.851264 1.861407
12.540033 -1.915191
3.800503 1.326331
11.735389 1.147325
13.705596 3.107442
5.971211 -1.850635
6.798276 -0.020781
13.446087 2.431486
5.735827 0.976154
8.192207 0.889317
13.017568 -3.668815
8.889602 -1.265321
9.266847 -2.167870
13.033854 0.109059
10.652244 -2.166746
8.944803 -0.931823
12.135356 0.654432
12.445534 3.531322
10.163722 0.925473
12.059974 -1.124868
13.700536 -0.998066
11.705526 -1.850010
13.530868 -3.078891
15.949990 0.715106
9.134846 0.653980
11.693048 -0.070698
16.759212 -2.164056
11.185799 -0.258006
14.980190 2.429685
2.266001 2.239870
11.209447 2.341818
13.829495 -2.224992
3.991673 -0.477940
8.203124 -1.622743
14.801346 -0.290504
5.031443 1.000874
9.148536 0.321145
15.416936 -0.229200
6.640919 -3.056788
9.755384 -0.903927
16.194326 -1.011673
8.387175 3.251721
7.911669 -2.902034
14.349287 2.200642
10.066465 1.417010
9.324974 -1.288495
14.567707 -0.325906
11.585191 -2.793103
8.485431 -0.361198
12.588354 0.146856
14.294027 -2.666505
11.795708 -1.677638
15.422318 -1.505172
15.232224 3.236365
7.966503 0.911535
12.741645 2.044971
18.119289 -0.943545
12.787704 -1.192575
16.247355 -1.308119
2.596216 -1.004882
11.425621 2.509234
15.723176 -1.554020
4.025954 -2.264781
10.474261 2.229988
16.801640 0.823380
6.727389 0.715672
11.109117 1.284057
17.582674 -0.616404
8.294073 -1.171471
8.436956 2.012684
17.267197 -1.855473
9.157494 0.601412
10.557202 1.809787
16.140614 -2.527604
11.318245 -2.848661
9.128836 3.097111
15.864666 -0.798022
12.911557 1.850211
8.826723 0.339236
16.323206 3.001587
15.199837 0.196813
11.941720 0.098723
16.704721 1.104981
16.491390 3.124542
11.978840 -1.718892
14.991061 -0.165983
16.992889 -1.467022
12.254840 -0.511598
17.938290 0.495399
0.467698 -2.102554
11.744186 1.429352
0.195035 -3.256063
3.313382 -0.536967
13.321529 1.735388
16.241814 -0.841459
4.411777 -1.755829
12.357965 -3.722097
17.902500 -1.129179
6.758221 -1.101729
9.775980 2.440377
18.745573 -0.002644
8.951610 -2.219035
9.291924 -0.380237
17.370117 1.179097
11.645144 -2.510766
11.388569 -3.315467
18.015791 -0.992766
11.529653 0.721963
10.607147 0.193524
17.147806 -0.671916
15.150853 -1.996666
12.116668 -2.063045
16.809334 -0.069431
14.024815 -1.444503
9.299617 -2.345817
18.556002 1.047284
18.080837 -2.247931
17.242535 -1.751968
0.846637 -3.445404
0.381973 -0.779526
0.480312 0.555124
2.300594 0.015746
2.712626 -1.893050
17.852982 -1.267054
1.832024 -0.364223
5.272660 2.667480
0.333203 -0.952469
2.612715 0.211208
6.835847 2.064138
18.228106 -2.002847
1.089679 1.980095
7.846860 -2.478871
0.155713 -1.365191
1.025067 2.836961
9.767613 -0.417386
17.478329 0.308933
1.415503 -2.253026
11.174587 -0.810488
18.570486 -2.603914
1.938803 0.521079
12.911371 -2.147987
15.514064 -0.196128
18.156273 0.542652
17.252251 3.234705
17.416174 -1.708690
18.292709 1.540744
17.828701 -2.398030
2.912067 -2.732397
3.958243 0.389280
0.775132 -1.093760
2.289015 -0.221265
2.805530 -2.595266
2.046755 0.772557
2.183003 -0.933614
2.157284 3.340044
7.123723 0.313081
2.876003 0.389666
1.028048 -3.281900
8.447185 -1.032469
3.260354 -0.420374
2.900969 1.782465
8.670496 0.772717
3.010250 0.160779
2.639896 0.476449
11.282709 -0.557081
2.183306 2.163192
1.390202 -1.531121
12.479983 0.997568
3.310088 2.185617
2.838073 -0.526674
14.173663 -0.472152
2.450175 2.877135
4.775440 -2.210828
16.534317 -2.356265
1.536723 1.245682
3.055138 -1.417099
18.446989 -1.077757
3.576027 3.095026
6.376322 0.907688
1.959420 0.383381
2.157725 1.229079
6.120222 -0.132893
3.211459 3.518478
2.679915 0.572809
4.964223 3.443772
4.511309 0.493489
3.851529 2.632970
4.838541 0.574388
7.118016 0.021156
3.682414 0.740242
4.962073 0.591913
9.098412 -2.983737
3.946974 2.100602
5.218585 2.514392
11.130530 0.361516
2.899471 0.347376
5.276386 1.090422
13.351317 1.233792
2.062008 -0.998156
4.055969 1.832080
14.849784 1.200496
2.741920 1.252163
6.475465 0.607647
17.083874 -1.824178
3.463733 -0.379768
4.097284 -1.994799
17.900591 -2.730788
1.100923 1.184119
8.242966 -1.490622
3.579768 2.650974
0.984312 2.517351
10.181255 1.253837
4.007077 0.222469
2.196855 -2.116550
5.522381 2.947823
6.270669 0.814269
2.621660 0.099896
7.584992 -2.314230
6.888305 -0.100278
2.055822 -0.690143
5.980781 -2.657959
8.219008 -2.007644
2.832494 -2.222483
7.715958 -0.152694
9.011371 -2.740740
1.758569 1.837930
6.887225 -1.874675
14.120445 -1.376270
16.864332 1.806022
11.043365 1.427713
13.132776 -1.711250
1.235079 -2.841849
8.427526 0.382490
17.169722 -1.814208
3.404640 1.906645
5.784611 2.322151
0.038990 1.719778
0.547572 1.789386
10.840625 -0.050156
2.353489 0.612217
18.217051 -1.681298
11.191748 1.076926
4.062483 0.482993
0.521595 1.915670
10.988341 1.109549
5.655115 1.773141
0.222066 -2.645631
9.536298 0.662861
7.376495 -0.187254
2.012225 0.616517
9.061449 -0.314912
7.927137 2.371117
18.569262 -1.446583
9.472156 1.392919
11.155431 1.782617
17.773914 -2.143724
9.242744 1.701484
13.057496 -0.523170
15.762609 -2.100719
9.903816 -1.599329
16.390522 1.050558
0.208739 -2.048299
8.831172 1.516589
18.643787 3.019060
2.195631 -2.386987
8.950610 0.903338
0.498808 1.002601
13.119899 -1.106620
7.590446 -0.415384
3.260179 2.472797
11.856047 0.174554
10.687396 1.798380
1.668006 -3.314142
12.249866 1.989555
8.334496 0.748248
4.816160 -2.611858
12.599860 -2.541769
9.537142 -0.851560
6.571275 -0.198776
9.949642 -3.131114
13.129196 -0.849202
8.194313 0.934986
13.011377 0.853486
10.809214 -1.489692
10.411802 -1.031025
11.754579 -1.091781
11.762383 0.039329
11.342505 2.222755
11.888169 1.478797
11.545443 3.065867
13.160493 -0.701062
10.792348 -1.002933
8.863575 2.151550
17.163570 -0.446054
11.252488 1.880947
10.446114 -2.374943
17.997097 -0.798110
12.400391 1.142070
13.826163 3.217071
1.312994 -0.775842
11.954456 3.098110
12.666292 -1.552493
2.646715 -1.742055
11.765944 2.466312
10.350561 0.362651
5.085607 2.621483
10.386662 -1.164703
12.710529 1.349677
6.501637 2.009854
8.472328 0.468928
13.513267 1.146460
6.991750 1.805063
10.814127 -0.958994
12.690379 -0.826138
9.829423 -3.104810
10.539668 3.477438
12.891618 1.691929
11.991566 0.899158
9.274167 -1.769239
11.070173 0.096470
15.045036 1.974641
10.570153 1.283173
10.465726 3.173608
16.184626 -1.423813
10.809950 1.873646
14.190507 1.125605
0.655441 2.229121
12.013170 0.845571
16.041758 0.527821
0.956317 0.248433
12.618135 3.257437
14.492146 -0.684434
3.000376 -0.869121
9.862513 -0.150807
16.018812 -0.066254
4.921490 -2.453555
10.637977 2.171618
14.653100 1.876391
7.360867 1.108739
8.969992 -1.687052
15.803025 -0.455284
10.226681 -1.489394
9.760443 -0.302633
14.444695 -0.910914
9.383787 -0.837551
10.970124 0.156752
14.860920 -3.840358
12.600845 -1.095769
9.457199 1.365460
13.780103 0.119388
13.259824 -2.343936
11.070144 -2.517951
13.722390 -0.652356
14.211991 -3.223082
9.807304 -2.353128
13.404225 1.272965
17.471325 -2.219590
12.950693 -0.976950
18.015303 3.084334
2.128291 -1.151658
12.218602 2.382589
17.418728 0.121949
3.880239 -1.045160
11.481640 -0.822757
15.535011 0.273352
5.862838 1.550685
11.907093 -0.013184
15.883249 -2.765110
7.700949 2.470889
10.195850 -1.058136
17.322939 -2.215243
9.990248 -2.531540
12.638026 0.602619
0.537256 0.799394
11.000077 -0.316913
10.656190 2.042148
16.856739 0.861029
12.999237 -1.503426
10.283936 1.519327
15.473530 1.809094
14.185357 -0.524251
13.725755 -2.997907
15.529678 0.670302
16.872906 1.702499
12.448573 -0.750571
18.609257 -2.273032
17.374113 1.985695
11.540639 -2.547524
0.463120 0.254529
1.449551 -3.069245
13.480338 2.534794
0.857657 -0.259421
3.366200 1.361341
12.059307 1.081670
0.879978 1.387601
6.413779 -1.091385
11.605060 2.933513
18.668142 0.697726
9.701818 -2.560472
13.972846 -1.406302
1.180651 -2.952792
9.572759 0.587288
10.096998 -0.938785
0.240843 -1.410268
10.868609 -0.635649
11.917051 1.001160
1.069000 -2.216076
12.650685 -0.455006
12.558204 -0.833028
18.285082 -2.971853
12.966689 -0.237077
14.516201 1.548362
0.801040 0.497433
17.553705 -0.457302
10.966638 -2.632735
0.159684 0.035672
18.599464 -0.528758
0.862589 0.526812
3.633039 -1.482092
1.196757 1.395806
2.347981 -0.370498
1.673741 -0.002956
3.554506 -2.348768
2.672574 0.728292
2.015720 -3.159458
5.251140 -2.065761
4.879875 -0.322848
3.701116 3.628154
8.424589 0.793230
2.096510 -0.557050
1.158636 -1.748826
10.369895 0.503108
4.806964 -1.620438
2.475680 0.063637
11.534204 2.668338
3.645765 -3.088622
0.716322 -1.438735
11.370883 0.359874
2.709727 -2.025871
0.966203 0.098657
14.340627 1.059710
17.027380 -0.313968
2.195904 3.217720
16.371399 -0.467307
0.083429 -0.049719
0.413387 2.590893
18.554829 -1.948522
4.252202 -2.258149
2.958355 2.313445
1.881414 -0.455667
3.233179 2.971649
3.391470 0.651133
3.959798 0.528060
3.182520 -2.556907
3.550849 1.754940
5.950944 -0.518275
6.790971 -0.842954
4.022412 -1.180588
8.845687 1.375052
5.782848 1.736221
2.807471 -0.311464
10.018411 -0.033564
4.059647 2.808888
3.619192 -0.867969
10.248366 1.551328
3.888378 2.498669
3.746306 0.422581
12.541969 -0.887348
3.959193 -1.340978
1.715013 0.005752
12.939026 -2.364788
3.570354 -1.008876
3.497339 1.501855
16.051966 1.058271
2.962996 -1.728168
2.347200 -0.969554
17.464224 -0.093701
4.666491 -0.742429
4.477889 -0.377273
0.867761 -3.505910
3.426625 -1.553840
4.507162 -3.244977
2.430310 -2.866013
4.439736 -0.819844
4.601217 2.314438
4.997485 -0.115247
5.455571 0.642166
5.671123 -0.180657
6.034703 3.221695
5.517698 0.932376
5.318956 -0.915062
7.932858 4.015401
5.490263 2.320342
5.008691 1.598653
9.888507 0.852726
4.042935 1.410492
6.632940 -2.434770
12.190141 1.418432
4.253947 0.591223
4.416018 0.803326
14.552480 -3.374370
2.948533 -1.277517
5.882798 -3.796240
15.145515 0.868943
4.250149 0.437052
5.495663 2.426319
16.476763 -2.467344
3.190780 1.824568
7.661909 1.774971
3.527421 -2.067604
4.097529 0.721188
5.998936 -2.818062
3.786788 1.329393
3.758540 -1.154106
6.248411 0.506827
5.677868 2.468500
3.899142 1.438265
6.586217 1.428224
7.979073 0.781942
4.467189 3.712108
6.574209 -0.594625
9.818674 -0.166618
3.148843 -0.564253
7.657110 1.559222
10.849496 0.694699
2.156715 -0.341510
6.534672 -1.288783
12.176142 -2.333420
1.057637 -2.773875
6.427164 -2.230136
16.461126 0.194143
3.256972 3.111517
8.327081 1.622686
17.388941 0.076217
2.058603 1.052051
7.651217 -0.917894
1.879503 -1.822478
2.086640 1.535786
9.524597 1.447618
2.427971 1.230160
2.712688 1.524331
9.317490 -2.104682
4.229333 -2.633567
3.666636 0.826169
8.117310 0.791454
5.328066 -1.444417
2.092885 -0.585313
7.188190 1.804795
4.988184 2.749546
2.913134 -0.139507
9.672066 -2.397034
9.616918 0.413907
2.063486 -0.748255
9.321281 2.474951
11.277461 -3.498947
1.840022 -1.699276
9.341250 1.936393
14.255460 0.078549
0.849723 1.894301
8.255949 0.762670
12.825871 1.634914
2.277296 -1.077417
10.047763 0.566404
17.808987 0.634004
0.350260 -2.516920
10.610731 0.124752
17.578688 0.086013
13.940966 -2.431769
10.351774 -0.318337
1.663129 0.721641
13.258910 -0.548738
11.437342 0.426180
3.010313 -3.753546
13.597478 -0.407235
9.620314 -0.769884
5.139891 -3.180391
14.164506 1.088651
9.236493 2.120716
7.934978 -1.298331
14.243491 -0.473268
10.956351 -2.672911
8.930696 -2.958662
16.050846 -1.226682
9.739073 -1.523160
9.080966 3.214214
13.786970 -2.327979
9.212695 -2.971716
15.774180 0.718765
15.029998 2.007449
9.700406 2.405018
12.436865 2.258700
12.477128 -1.456102
10.459241 0.271918
16.664804 -1.104361
13.750755 2.129376
8.742414 -2.629510
0.307842 -1.167788
13.188605 -0.814117
12.105697 -0.878072
1.178879 -2.451223
11.384030 -1.742827
12.247684 1.554969
5.009047 -0.742597
12.123494 1.744296
11.523079 1.336549
6.536654 3.101871
11.892798 -0.036434
13.055042 -0.994415
7.622564 1.384914
11.675778 -1.951236
14.183427 0.351011
8.989605 -2.396365
10.852067 -0.516026
14.369430 3.299949
10.758759 0.979981
16.576027 3.466723
10.157059 1.354763
11.431792 -1.096664
11.260500 1.723282
11.807534 -0.323570
15.028628 1.748876
14.110892 0.150985
10.149371 0.181284
17.554127 1.665485
12.841803 0.128933
10.233991 -2.095307
0.058579 1.947105
13.779135 -2.822253
14.962858 -2.464215
1.534161 0.427429
14.546864 -0.767706
15.200451 -1.062836
5.832767 3.277210
12.914715 -1.976707
14.606063 -0.785486
5.047873 -1.969504
12.896770 -3.149043
14.451213 -0.218534
7.038764 -0.007490
12.989573 0.881895
15.437200 1.258282
9.362679 -1.889450
11.080104 -1.222981
15.769567 2.476860
9.411245 -0.258738
12.227855 -0.098223
13.435320 -3.825531
12.504218 -0.157252
12.562042 0.709333
15.011249 -2.048014
13.431364 2.441812
12.535094 -0.096126
11.839285 2.748283
18.090515 -0.502744
11.629321 2.267081
13.410584 2.215113
17.979395 1.652514
14.595887 -1.978401
16.445887 -0.061284
2.827488 -2.116027
15.071679 -1.426448
16.546244 -3.711622
4.647715 -0.916509
13.070725 2.298456
16.253847 0.297835
6.258400 -1.733990
14.252687 1.313526
17.832865 0.467404
7.577328 -2.614017
12.165169 0.635531
16.868391 1.885327
10.343976 0.917819
12.337765 -1.203979
15.034283 0.728971
11.255527 1.718499
12.206990 -0.381742
16.454756 -0.861159
12.202201 3.306401
13.632303 0.651879
17.930325 -0.716581
14.497255 -4.150640
13.759538 1.629573
17.567589 -0.759888
16.692013 -1.109133
12.896712 2.241144
16.626858 0.847352
18.152594 1.284344
12.730107 1.282030
0.918541 -2.852122
18.654030 1.071951
13.889400 0.672416
17.965912 0.061254
3.619117 0.318557
12.660452 1.241209
0.039519 3.139562
4.944434 1.661564
15.750049 1.331317
1.574001 1.173336
5.712291 2.730484
14.355351 0.538350
2.401605 3.230058
6.606226 1.948633
12.753751 -1.570002
2.476039 -1.663219
11.128396 0.041376
13.750021 -1.545316
0.874004 1.418081
12.572944 0.969523
13.604153 -2.696295
0.543105 -0.394268
15.955798 -2.515118
16.789492 0.072724
18.754023 0.542599
16.034147 -2.276837
14.132724 -1.354845
18.278238 -1.902018
18.628178 -1.920911
2.982078 -0.912537
2.024120 -2.630067
0.538538 -2.230017
4.172054 1.836210
1.801012 2.446764
3.528127 -0.390251
4.129451 -2.430291
0.958496 0.503386
5.692406 -2.281252
2.472265 -1.276688
0.466377 0.366195
6.372705 3.388958
5.100806 0.037417
1.696000 -2.055158
8.497880 -1.177899
4.817189 1.989799
18.108974 0.956432
11.149146 2.171428
5.274976 -1.804457
1.557553 0.711894
14.195771 -2.221683
3.997971 1.584893
1.579378 -1.343352
15.437282 2.608905
2.130703 1.173342
2.254627 -3.024678
15.801433 -0.450279
4.075873 -0.901976
0.916410 3.074236
18.257528 -0.066420
4.965541 2.158053
1.385645 -2.549978
1.005900 -1.263857
5.071108 -1.283280
3.736361 1.788667
3.419406 -0.205224
4.660882 2.092505
2.664177 0.088069
5.123813 -0.246454
5.279499 2.522113
3.822003 1.711079
6.619253 0.038833
5.581789 -2.006993
4.222415 -0.011532
11.544093 2.019368
6.680076 0.241129
2.944070 -0.218140
11.606726 1.718625
5.487326 -2.348186
3.308022 1.680719
13.351007 1.573418
5.352680 0.883224
3.108917 -3.024743
15.261213 -0.242352
5.061113 0.275043
3.951195 1.215437
17.193172 -0.596926
6.071561 -0.566242
1.695400 1.439798
17.986851 3.183263
5.216218 -0.512958
5.429838 -1.842781
2.355822 1.883008
6.007215 -0.396345
5.617476 1.381223
4.116066 -2.329504
6.248250 -1.411539
4.105844 -0.903409
5.073736 -0.424357
7.121727 -2.713740
4.409750 0.234014
7.051287 1.060092
5.518302 -1.315168
7.334946 2.326522
8.520370 1.751215
4.921519 1.231668
5.253113 -1.704896
12.957791 -2.864163
6.279680 0.255869
4.974191 1.441019
14.129340 1.133972
5.869079 2.778315
4.842625 -1.308125
15.856498 -0.121546
5.748337 1.036960
6.676925 -1.736181
16.495163 -0.626420
4.556727 3.383937
2.850909 0.847618
18.785542 -1.509295
3.874657 -0.575199
8.609122 1.262073
1.883984 0.045461
5.119803 -2.233086
7.226566 -2.055303
2.786500 0.384861
5.069425 0.538414
7.096900 -1.836035
4.651256 -1.852047
6.610124 -0.164331
6.636036 -0.501283
7.195288 0.337924
4.100554 -0.033583
8.558997 3.180714
7.575977 -1.520586
5.092174 1.397827
7.699566 -1.311860
11.131113 0.524620
2.823386 -2.245535
8.275631 -2.831381
12.673618 0.379133
3.664866 -3.625564
7.037679 -2.046374
13.847909 -0.794894
4.189656 1.399244
7.563612 -1.627943
15.929091 -2.033073
5.077204 -0.612355
6.422497 -0.390044
0.885178 -0.986761
5.918040 -0.032997
8.700947 -1.789101
2.229810 0.104141
4.602808 1.098478
8.839170 -2.767675
3.702467 0.383779
1.066612 -0.733774
12.575600 1.781288
4.761050 2.488113
4.968503 1.291748
7.358493 0.388605
6.607637 1.737083
3.603338 -1.246401
10.282352 3.178230
7.832243 -0.018100
4.302824 0.818524
8.588423 1.266510
9.533692 -1.736656
4.004378 2.512333
9.220691 -0.393600
11.318592 -1.582971
2.386280 2.792315
7.776939 -0.085845
15.651763 0.530466
2.778418 1.167415
11.737288 -1.395874
18.362007 -0.192648
3.001730 -2.157302
10.534947 0.384120
1.208534 -0.317543
2.281109 -0.036675
11.323185 -2.712976
3.201193 3.217773
0.603276 -3.228908
12.498330 0.540065
3.061493 -0.314527
13.893995 0.528004
10.764840 -0.684380
6.588647 2.744562
17.926853 -1.061534
9.663017 0.606927
8.982260 -0.977918
1.217489 1.421196
10.822608 1.430204
10.701310 2.010688
2.444359 -0.844844
12.405248 -2.921911
10.136788 0.363257
18.393572 0.329413
11.148696 2.363783
12.035639 1.492162
17.982981 2.754116
9.378259 -2.522880
16.111267 0.012302
12.771088 -1.673354
8.819004 -3.663702
17.433409 -1.033751
14.612054 -3.793668
8.657324 0.210815
2.289892 -0.989763
13.685263 -0.878513
13.230541 3.260290
18.681913 0.250881
15.141842 -3.082011
11.832740 0.693752
1.893851 2.493807
13.278232 0.184006
11.409387 2.598953
4.950319 -0.698968
13.614258 -0.024292
12.172620 2.618594
7.706973 0.550353
12.520831 -1.351228
12.243262 2.248419
9.082126 1.667612
13.617651 1.980129
12.512375 -1.637947
11.820283 1.674883
14.069936 0.791207
14.643858 -2.150317
12.259870 -1.911227
13.741570 0.527198
11.437115 -0.533478
13.932614 2.644104
12.857261 0.421628
12.129774 3.368730
16.065788 -0.799236
14.254548 -0.534380
11.952518 -0.910287
17.217033 -2.525706
15.553521 -1.821578
14.976782 -1.070751
2.504438 0.613516
12.936396 2.233170
13.058401 -0.121885
4.153910 -1.236447
13.261373 1.906606
12.788464 -1.272398
6.079075 0.471219
13.425771 1.779592
13.776237 -2.018780
8.637923 -0.694357
13.924015 -2.655470
14.212784 0.272068
10.400372 -1.007818
12.368991 -1.908534
13.347301 -1.878539
10.519555 -2.723733
13.739467 3.332495
16.582829 1.260023
13.102096 -1.080155
12.643797 -1.992530
12.860597 -1.780650
14.288960 -0.253213
13.199939 -1.252922
14.320625 -1.045171
15.141809 2.048023
12.591355 -0.881379
14.823284 -1.893612
18.668558 1.437822
16.530212 -1.200710
0.110105 -0.522534
1.807545 -2.911823
15.214279 -0.184150
0.909026 1.309821
2.798041 -3.346560
15.264952 0.462899
16.729042 -2.851951
6.504550 2.366839
12.893953 -0.899424
17.098518 0.954636
8.535583 1.585248
13.652459 2.394689
18.165100 -3.053846
9.796184 -0.482502
14.611164 1.786865
0.392831 0.280445
11.022417 -2.501501
14.823829 1.870414
18.174311 1.611289
12.731698 -1.112552
13.510457 0.956745
16.210045 2.581629
15.148279 1.027955
14.918973 -1.044045
16.601179 0.356868
17.937670 -0.352551
13.862741 2.275200
16.745197 -1.491199
1.020224 -1.130200
15.297428 0.655931
0.729704 1.138006
0.438820 2.278785
1.605474 1.123736
0.217800 0.958623
4.551004 -1.411331
0.872813 0.075573
2.114924 -3.123102
4.594856 0.381239
13.922290 -0.531464
17.662334 3.580183
5.562984 -0.839467
1.205232 2.122538
0.340005 1.131139
7.976075 1.916572
14.988592 -0.278180
2.516711 -3.878873
8.518980 -0.477194
0.557120 -2.760319
0.617930 0.999510
11.732162 -0.018697
15.024659 0.173999
18.258495 1.247612
15.514703 2.268898
15.933551 2.287047
17.875624 -0.857585
0.242125 1.035228
17.726036 1.713862
17.665569 -0.690508
0.870831 -0.655975
