1.104420 0.538497
0.906354 0.485123
1.151978 -0.531512
1.159080 1.551931
0.614518 0.356380
2.839222 -0.389257
0.432246 -0.467945
0.095703 0.429946
4.153492 1.632593
1.366825 -0.318555
0.936179 0.116742
5.811294 -0.338348
1.264500 1.465756
1.094333 -0.004582
7.514798 -0.824042
1.202435 0.363795
1.292937 -0.799858
9.089698 -0.387927
1.064580 -0.991523
1.061511 0.286417
10.833045 -0.270631
1.123134 2.476836
0.590021 0.530472
12.366725 -0.747838
1.253133 1.967559
0.421755 0.159601
13.939145 0.517415
1.093338 -0.940154
1.308840 -0.363528
15.394275 -0.161343
0.616110 -0.075685
2.513670 0.669252
0.655817 -1.306686
1.156766 0.609307
2.256440 -0.760503
2.328449 -0.951145
1.096234 1.367136
1.730849 -0.673042
4.162741 0.502449
0.850563 -0.291590
2.663041 -0.579850
5.586040 0.043030
0.397763 -0.364389
2.336851 -0.395958
7.017798 0.821763
1.204812 0.326530
2.822451 -0.123020
8.506019 0.005757
0.480362 -1.176381
2.480486 0.001557
10.102910 1.422790
1.492290 -0.673664
2.330671 0.704420
11.861693 -1.374033
0.516648 0.033245
1.862926 -0.368047
13.385957 -1.080756
1.461508 0.231717
2.804373 -0.328081
14.857202 0.082399
1.045777 0.066122
4.190157 -0.671431
0.498881 -0.027752
0.877347 0.606019
3.986554 0.348138
2.154243 0.180808
1.103772 -0.615061
3.482846 -0.449963
4.124021 1.123836
0.949486 0.142017
4.422966 0.264930
5.667443 -0.600965
1.637569 0.457224
4.207071 2.040329
7.309516 -1.114534
1.119761 -0.126624
4.501898 -0.609674
8.888799 0.910240
1.553244 -0.077854
3.750679 -1.426380
10.398161 0.552982
0.871725 -0.678281
4.341901 0.916247
11.830199 -1.040025
0.850158 -0.756293
3.397754 0.166878
13.209965 0.026785
1.045940 0.437570
4.405261 -0.882567
14.598449 0.380107
1.500637 -1.235112
5.810739 0.770763
1.200805 0.465090
0.492619 0.007535
5.601449 -0.022637
2.377028 1.389758
1.197292 -0.115498
5.039259 -0.557773
3.961808 0.020340
1.209265 -0.300385
6.075494 -0.162037
5.271830 1.136553
0.592719 0.279865
5.436352 0.026759
6.812762 0.688444
1.178585 0.454675
6.274952 -0.655067
9.041073 0.499245
0.893965 0.375345
5.329482 -0.291531
10.372267 -0.576096
0.879334 0.199434
5.983944 -1.235288
11.892979 -0.208124
1.501758 -0.482343
5.731840 0.332883
13.538337 -0.154631
1.159323 -1.211869
5.918067 -0.752505
15.376921 -0.617685
1.510529 -0.691939
7.449427 0.333534
0.490337 0.567294
1.223245 0.150952
7.152509 1.095636
2.023966 -0.834477
1.143222 0.094262
6.670851 -0.290454
3.596634 0.197947
1.045321 -0.147249
7.656936 1.115888
4.959996 1.798387
1.319845 -0.104682
7.182465 0.227049
6.620717 -0.221614
1.148620 -0.876005
7.617307 -0.025377
8.252186 -0.423857
0.158085 -1.084298
6.758849 -1.353071
10.219698 -0.303897
1.535272 0.547265
7.170911 -0.103162
10.975726 0.430679
1.286344 0.652342
7.256485 1.832325
12.887644 0.498338
0.906916 -0.100583
7.375940 -0.720732
14.595180 0.468448
0.107971 -1.016524
9.226404 0.724186
0.382067 0.195447
0.483762 -0.046190
8.616649 0.634334
1.845792 -1.540066
0.668190 0.217153
8.410584 -1.181416
3.494464 -0.620148
0.377816 0.224448
8.877084 0.948542
5.594123 1.444480
0.193039 0.518113
8.350156 -1.170577
7.040246 -0.596147
0.425521 -0.099396
9.240187 0.585554
8.516218 0.853672
0.734642 -0.128595
8.221750 -0.156702
9.994310 -1.061166
0.748905 -1.123393
8.754266 -0.566252
11.773149 1.064677
0.026481 0.946620
8.460235 -0.338381
13.226718 -1.151882
15.843273 0.120682
9.044751 -0.012061
14.697947 0.411657
15.760636 0.527986
10.916749 -0.234963
0.478072 -0.089137
0.882467 0.040993
9.938987 -0.010091
2.933396 -1.175712
0.370395 -0.489190
9.818394 0.874393
4.405061 0.404336
0.444771 -0.292702
11.000689 0.898974
5.832756 0.694077
1.165725 0.253585
10.552233 0.608172
7.507864 0.366038
0.580194 0.583012
10.905792 -0.803078
9.023334 -0.006713
0.442283 -0.123536
9.789029 -0.782975
10.327613 -1.406374
0.764711 -0.428516
10.433418 -0.053479
12.078664 -1.471160
0.657082 -0.033554
10.133814 0.684594
13.688973 -0.282349
0.983136 0.338179
10.413421 -1.392553
15.257554 0.937048
15.845321 -0.529749
12.506953 0.545200
0.946897 0.223264
0.463507 1.078048
11.445275 0.116320
2.259671 0.931902
0.174549 0.087735
11.433643 -0.149769
4.091196 0.609943
1.100148 0.150855
12.415420 -0.075075
5.357158 1.065617
15.861909 1.770319
11.710835 -0.527344
7.290191 0.007522
0.827987 0.054612
12.396093 -0.015773
8.508161 -1.183507
0.173848 0.038563
11.571608 0.991942
10.541009 0.772640
0.888516 0.722526
12.093124 -0.497852
11.913963 0.283720
15.709769 -0.739075
11.865531 -1.137611
13.485521 0.752662
0.460084 0.524503
11.893696 0.284620
15.020547 -0.248281
0.067299 -0.153923
14.153864 -0.229131
0.844067 -0.540293
0.864606 0.149462
13.223299 0.947397
2.277216 0.129268
0.135890 0.409544
13.012489 -0.264932
3.840859 -0.171363
0.559218 -1.023901
13.955245 -0.299854
5.130018 -0.519117
0.367802 -1.689026
13.199080 -0.425836
6.681048 0.196950
0.768426 -0.144325
13.973242 0.082558
8.477701 -1.297137
0.272183 0.015437
13.081279 0.680814
10.040184 -0.905404
0.313633 -0.425467
13.656200 0.394680
11.651917 0.109227
0.912638 -1.456273
13.213523 -0.770203
13.257299 -0.386559
0.579992 -0.485702
13.526200 0.188130
15.111723 -0.638093
0.379298 0.401150
15.593058 -0.689085
0.241177 0.352690
0.343898 -0.398992
15.302012 -0.796615
1.965495 -0.177186
0.417886 -0.937158
14.574794 0.758654
3.491610 -0.312647
0.448801 -0.320265
15.399336 -0.687381
5.657213 0.764725
0.071881 -0.641839
14.758152 1.032275
7.148251 -0.000221
0.645990 0.336186
15.611030 0.009782
8.584535 0.461478
0.166072 0.747528
14.676144 -0.164492
9.942166 0.092062
0.439782 -0.657442
15.320474 0.764195
11.359935 -0.074322
0.255642 -0.062725
14.732303 -0.892633
12.931256 -0.489965
0.193981 0.778690
15.033231 -1.991467
14.562944 1.533599
2.598966 0.034773
0.547191 1.663712
0.426871 0.724330
2.630027 1.168191
0.422677 -1.643656
2.108697 -0.163467
2.659758 0.916790
1.184986 -1.006920
3.600854 -0.303582
2.950777 -0.429945
0.473543 -0.162523
5.146242 -0.172549
2.825762 -0.084613
0.623309 0.103712
6.754703 -0.124613
2.470338 -0.272000
0.289878 0.143769
8.400367 -0.261238
2.957511 0.013666
0.859025 -1.518809
9.836204 1.442184
2.604191 -1.306793
0.721402 0.613862
11.407549 1.312875
2.680748 0.367640
0.526977 0.412482
13.050587 -0.063026
2.863857 0.137933
0.854139 0.339114
14.680465 1.167950
2.274237 0.047882
2.205918 -0.628314
0.692481 1.002154
2.969186 -0.087603
2.185566 -1.217093
2.281423 0.470603
2.661679 0.092695
2.693429 -0.700980
4.162361 0.049678
2.641937 -0.196737
2.003942 0.445603
5.647383 0.212499
2.137916 -0.186923
2.436111 -0.264910
7.144722 0.000377
2.837280 0.261457
1.852635 0.824255
8.508513 0.680045
2.113565 -0.197374
2.256754 0.094312
10.135310 0.634362
3.100062 -1.322588
2.369064 -0.584726
11.475230 -0.130227
2.224192 0.955382
2.077794 -1.460979
13.463833 0.169125
3.060798 -1.214614
2.518126 -0.404570
15.022913 0.056578
2.470939 -0.714320
3.865048 -0.540040
1.287869 -0.777030
2.170180 -0.082816
3.581252 -0.246576
2.911351 0.489479
2.932582 0.300273
4.312430 -0.385379
4.241442 -0.044061
2.367464 -0.382008
3.570955 0.253992
5.661516 -1.585129
3.267766 -0.052814
3.715537 -0.161570
7.162220 -0.300878
2.588921 -0.004521
3.470742 1.011135
8.924049 0.184498
3.183905 -1.133083
4.455837 -0.200579
10.462988 -0.067139
2.322593 0.372620
3.695489 -0.032078
12.231684 -0.082729
2.550339 -0.701100
4.033287 0.978112
13.827510 0.981155
2.680862 -0.250616
4.050301 1.086935
15.508332 0.190002
2.997776 -0.231139
5.555342 -0.769386
0.541945 -1.194869
2.374770 -1.316933
5.242143 -0.181049
2.607714 1.239408
2.708359 -0.109231
5.918696 -1.412804
4.125651 -1.754982
2.559701 -0.131025
5.156200 0.320315
5.770876 -0.564052
2.155712 -0.511962
5.921529 -0.220258
7.290461 0.697720
2.615604 -0.485079
5.217086 0.222580
8.671100 -0.273362
2.494547 0.818379
5.968806 -0.115528
10.183706 -0.099543
2.329327 -0.309371
5.226932 -1.009522
11.696023 0.754584
3.233819 -0.847077
5.435668 -0.302349
13.077454 0.535097
2.738310 0.339548
5.588603 -1.127677
14.751894 -0.625606
3.072880 -0.848446
7.204074 -0.564077
1.008171 0.025729
2.886942 0.112946
6.898541 0.018179
2.661417 -0.347766
2.420066 -0.394140
7.571231 -0.912807
4.138506 -0.874409
2.869314 0.984015
6.812218 -0.054067
5.590974 -0.047801
2.902115 0.179103
7.457187 -0.557714
7.105644 0.052170
2.879760 0.127582
6.911943 0.756106
8.635570 0.341859
3.117389 0.023506
7.537069 0.376367
10.241869 1.494846
3.054894 0.338290
6.692627 0.641380
11.770287 -1.325287
2.786705 -0.406046
7.111927 1.036984
13.532046 -0.494007
2.488841 0.777931
7.162171 -0.188384
15.138068 0.455737
2.428961 1.483810
8.846129 -1.397063
0.702498 0.602198
1.988333 -1.603170
8.519863 -0.548757
2.446108 0.047220
2.113440 0.942132
9.196346 0.444318
4.280624 0.403940
2.160990 -0.405130
8.383633 -1.077658
5.892371 1.122316
1.811422 -0.187548
8.907687 0.509324
7.420766 0.679507
2.127885 0.504487
8.387491 -0.252793
9.178643 -0.753570
2.191831 0.141311
9.141644 0.869630
10.591887 -0.149165
2.358781 -0.803045
8.158359 0.284997
11.984144 -0.140524
1.678643 1.344586
8.718297 0.284921
13.610661 -0.496052
1.515119 0.468691
8.814343 0.125764
15.222292 0.644872
1.349213 -1.198870
10.023307 0.062636
1.326027 -0.877204
2.547952 0.492692
10.098441 -1.266332
2.760065 0.472187
1.722266 0.505509
10.854613 -1.278204
4.285275 -0.551160
1.730265 0.509494
9.945845 -0.300454
5.942165 -1.991688
2.883432 -0.444900
10.103711 0.291586
7.503433 -0.589171
1.890295 0.801364
9.918901 -0.167951
9.056980 -0.551341
1.796657 -0.391866
10.782501 0.036012
10.525956 -0.359767
2.268790 -0.817530
9.763791 0.247998
12.200698 0.050193
2.314558 0.295697
10.248578 0.005825
13.796768 0.283308
2.565306 -0.371572
10.183656 -0.526984
15.432605 -0.835629
1.484068 -0.229566
11.451853 -0.187914
0.596510 -0.462118
2.112608 0.762358
11.604396 -1.445823
2.236237 -0.411596
1.706870 0.196477
12.363802 -0.302947
3.672607 0.015993
2.416222 -0.432941
11.508696 0.235746
5.707723 -1.061218
1.652011 0.136290
12.045643 1.076079
7.039230 -0.230766
2.157293 0.593606
11.535258 0.363985
8.687294 -0.399084
1.757935 -0.112001
12.476101 0.827289
10.155565 0.877838
2.343063 0.818426
11.381884 0.390667
12.027614 -0.231556
1.452554 -1.161527
11.689013 -0.893166
13.558802 0.865475
2.213281 0.597138
11.982955 -0.075716
15.036813 1.155331
1.542893 -0.336141
13.101831 -0.539993
0.643685 0.289069
2.550269 -0.789429
13.248494 -0.379589
1.982096 -0.337847
1.816489 -0.968832
13.869480 -0.294154
3.965421 -0.915344
2.591645 -1.091312
13.183310 0.345134
5.416840 0.284107
1.905940 0.084719
13.765981 1.824564
7.038082 -0.347214
2.389617 0.708343
13.097453 -1.245121
8.594428 0.368810
1.657518 -0.360681
14.046018 -0.135525
10.490091 -0.959717
2.032826 -0.328143
13.192973 1.171524
11.805460 0.165154
2.553417 2.480337
13.270697 0.920250
13.403609 0.576285
2.148606 -0.601782
13.749765 0.342741
15.067207 1.229284
1.734837 0.515217
14.835159 1.109203
0.881702 -0.816119
1.851303 -0.332421
14.667862 -0.350398
2.475842 0.636672
2.003586 -1.259565
15.562107 0.685454
3.985452 0.957141
2.078594 -0.231835
14.804303 0.150189
5.642507 -0.150254
1.553490 1.532584
15.342744 1.592930
7.082308 0.725954
2.342276 1.266297
14.582374 -0.022005
8.989869 -1.101428
1.530735 0.065454
15.667850 -0.337292
9.999570 -0.321089
1.946268 -0.401798
15.020502 -0.694567
11.979983 0.317924
1.689498 -0.556683
14.698110 0.216537
13.647480 -0.065968
1.790153 -0.673165
15.413857 0.772991
15.207035 -0.326686
3.953108 0.289957
1.281467 0.919897
1.175450 0.286741
4.553567 0.411910
0.874618 0.587677
2.597982 -1.217764
4.151743 0.306036
0.036694 0.237641
4.005971 0.190450
4.506245 0.191411
0.900427 -1.059981
5.657325 0.151989
4.278669 0.800351
0.274453 -1.156183
7.543056 0.735462
4.548584 0.311362
1.356827 -0.393103
8.917973 0.096507
4.287774 0.688449
1.155697 -0.671993
10.608981 0.327298
3.998076 -0.008272
1.319542 1.039315
12.427252 -0.227413
4.344474 -0.099243
0.533654 -0.666095
13.858551 -0.024754
4.289112 -0.590724
0.491433 -0.007692
15.677155 -0.222874
3.831663 -1.135232
2.842401 0.144673
0.700499 -0.419549
4.710827 -0.118497
2.556881 -0.070636
2.232983 -1.882749
4.154949 -0.725825
2.052497 -0.698212
3.841828 -0.434177
4.143202 0.119325
2.606317 -0.138312
5.385408 -0.414432
3.789769 -1.557123
1.893309 1.022423
7.063513 -0.271524
4.260478 0.776777
2.857570 -0.407349
8.271264 -0.080012
3.713612 -0.222144
2.793326 -0.355008
9.960711 0.168441
4.775011 -0.099731
2.659511 -0.683762
11.549667 -0.567814
3.698046 -0.212310
2.751050 1.373432
13.266542 -0.925075
4.579704 1.050637
1.898377 0.559132
14.727786 -0.498128
4.258687 -1.073355
4.391585 -0.721651
0.889145 -0.135883
3.767836 -0.230442
3.944109 -0.881363
2.571697 0.566094
4.708439 0.547971
3.686612 -0.205275
4.024791 0.430769
4.090425 0.289678
4.265800 0.626464
5.580161 -0.274190
4.740730 -0.995026
4.315610 -1.439162
7.088358 0.373125
3.919192 0.440742
4.343465 -1.251780
8.932263 -0.335236
4.838159 -0.209273
4.186647 -0.874679
10.301776 0.707241
3.919807 -0.433851
4.066545 0.305791
11.916646 0.700337
4.484505 -1.012050
4.167259 0.612407
13.621137 0.491885
4.615625 -0.924763
3.577677 -0.618197
15.210312 -0.011377
4.878106 -0.702500
5.819842 0.095692
0.456440 -0.676514
3.970145 -2.216464
5.712379 0.202568
1.940761 0.529448
4.201193 0.008681
5.306214 0.675135
3.582107 -1.494666
4.291030 -0.386452
5.840833 -0.475911
5.166507 0.953730
3.815591 1.095257
5.679820 -0.428124
6.812459 0.720726
4.242161 -0.421737
5.875698 -0.989614
8.452308 0.587326
4.335164 -0.340764
5.914291 0.629617
10.044977 0.429946
4.389722 -0.297270
5.673700 -0.242972
11.620992 -1.102793
4.832673 0.949996
5.712288 0.876226
13.236733 1.045629
4.302718 -0.172384
5.151183 -0.322201
14.940747 -0.640221
4.790062 -0.218563
7.385870 0.423930
1.096187 0.576603
4.624333 0.453678
7.181586 -0.198826
2.632792 -0.725037
4.197801 -1.311178
7.120100 0.651481
4.142313 0.121227
4.439205 0.692939
7.334254 0.269073
5.877803 0.185504
4.533325 -0.161278
7.059941 -0.698672
7.449127 -0.505855
4.508913 0.910704
7.482180 1.250332
9.077414 -0.530188
4.605371 -1.147961
7.317723 -0.524550
10.749648 0.784857
4.476228 0.050418
7.267709 -0.814163
12.356560 -0.304990
4.472992 -0.404171
7.154718 -0.219353
13.956832 -0.303705
4.061794 0.340494
6.903202 -0.175145
15.439808 -1.335407
4.076747 0.451760
8.509342 -0.546675
0.129275 1.247923
3.652082 -0.109520
8.723777 -0.409387
1.687267 -0.055206
3.506309 -0.592465
8.432730 0.191124
3.287417 0.284226
3.525565 -0.436029
8.505647 -0.209386
5.042198 0.394561
3.718218 0.981416
8.920073 0.463200
6.595986 -0.040762
3.365693 -0.194707
8.639922 -1.667279
8.146182 -0.091481
3.800131 0.952194
8.970153 -0.099043
9.685757 0.341212
3.762654 0.585393
8.725286 0.479887
11.363912 -0.226897
3.465402 0.652209
8.753465 1.004608
13.065979 0.097998
3.102587 -1.733207
8.601640 -0.802286
14.689675 -0.365138
3.018505 0.164361
10.424953 -0.648653
1.029779 -0.599557
4.151116 0.227663
10.297206 0.756911
2.378110 -0.655823
3.776444 -0.129667
9.884041 -0.063767
3.949381 0.062205
3.264859 0.663956
10.207275 0.238399
5.424974 -0.050921
4.483370 -0.550678
10.453213 -0.873201
6.657182 0.215897
3.427046 0.019522
10.566813 -1.086525
9.084654 0.047892
3.455815 0.073661
10.232982 0.331594
10.849219 -0.966746
3.777494 -0.208271
10.600722 0.726258
12.380764 0.284579
3.881498 -0.367472
10.218525 0.983067
13.948540 -1.926849
4.238283 -0.543350
10.035658 -0.241661
15.575196 -0.761802
2.987526 0.840765
12.135945 -0.505186
0.678010 -0.325478
3.808685 -0.744851
11.911837 1.264570
2.220152 -0.377591
3.189061 -0.913380
11.417806 -0.861321
3.872879 -0.543964
3.968899 0.406367
11.880460 -0.733998
5.598630 -1.927155
3.282680 0.984722
11.664462 1.030293
7.305562 -0.478878
3.897291 -0.342682
12.170835 -1.013112
8.708417 1.141746
3.183920 -0.194704
11.685515 1.321090
10.227801 -0.653032
3.713189 -0.095599
12.298649 0.482730
11.825274 0.865701
3.096704 -0.296325
11.772485 0.120590
13.527191 0.821427
3.774936 -0.798542
11.483903 -0.078762
15.131423 0.151808
3.143563 -0.225337
13.904146 -0.044535
0.536770 0.298690
4.169014 -0.140294
13.636960 -0.267450
2.120885 0.397329
3.285068 -0.647742
13.058330 -1.102814
3.583677 1.133580
4.169199 -0.983478
13.549586 -0.382144
5.524422 -1.257645
3.447627 -0.734433
13.232914 -2.451787
7.019379 -0.347539
3.987855 0.158176
13.888867 -0.744352
8.690025 -0.070895
3.358736 -1.043399
13.433069 -0.128200
10.232288 0.614104
3.511238 0.992884
13.960366 0.337301
11.802499 -0.551193
4.207314 0.130594
13.465537 0.776611
13.267142 0.505513
3.587150 -0.637459
13.083286 -0.381401
14.842161 1.880507
3.490956 0.424040
15.304101 0.190101
1.165198 -0.660120
3.376806 0.421958
14.975591 -0.573841
2.869663 0.516468
3.366114 -1.547905
14.547795 -0.268225
4.521835 0.561776
3.783232 0.273913
15.220564 0.669913
6.061251 -1.009686
3.119557 0.621160
14.850635 -0.420685
7.473220 0.863681
3.954994 0.232637
15.516191 -0.207511
8.999969 1.076530
2.983475 -0.558396
15.159922 -1.358243
10.546438 -0.664548
3.863030 0.427071
15.546844 1.671850
11.978774 -0.344124
3.230612 0.134965
14.912943 0.450686
13.434361 -0.160477
3.482589 1.556658
15.031349 0.248916
15.101113 -0.285524
5.503086 0.310442
0.496846 1.258555
1.105179 -0.310413
6.139064 1.111701
1.080841 0.371271
2.664649 1.333688
5.370308 -0.306019
1.020757 0.594166
4.161768 1.533874
6.163620 0.297707
0.620340 -0.461110
5.545074 0.247998
5.458160 0.246444
1.284234 0.342956
7.029109 -0.864592
5.762357 -0.903889
0.499218 0.816733
8.435104 -0.963356
5.985244 -0.258348
0.642886 -0.121740
10.083106 0.210170
5.306855 0.026242
0.677549 -1.352332
11.759174 0.485938
5.955962 -0.058949
0.525310 0.075060
13.258625 -1.720719
6.166073 0.803094
1.376020 0.058794
14.686520 -0.630971
5.308639 -0.138472
1.980326 0.046575
0.376964 0.339759
6.329113 0.755744
2.551356 1.389583
1.808013 0.033618
5.866322 1.108955
2.492149 -0.205059
3.588471 0.911968
5.718472 0.256179
2.171983 -0.488570
5.362283 -0.935523
5.152538 0.816885
2.825579 0.308140
6.830010 0.238651
6.054337 -0.312366
2.416909 0.637319
8.302025 -0.022405
5.302238 -0.509552
2.506874 -0.019956
9.863605 0.850413
6.214660 0.168592
2.102783 -0.643352
11.830203 -0.807153
5.225656 -1.632407
2.081039 -1.399162
13.213155 1.425102
6.059878 0.100641
3.046892 1.119367
14.680337 0.834866
5.584481 -0.161340
3.514857 0.153734
0.692934 0.185863
5.436785 -0.368128
4.071924 -0.487055
2.442837 -0.342164
6.404553 1.002717
4.065476 0.792170
3.982253 0.310891
5.695778 1.047968
3.800088 0.127245
5.455275 -0.679455
6.471142 0.992089
3.767535 0.107498
7.033557 0.328126
5.415708 1.483206
4.034683 0.529226
8.663205 0.531148
6.376654 -0.486318
3.874188 0.763431
10.084711 0.370553
5.521399 0.295707
4.301932 2.049510
11.795412 0.731499
5.921967 -0.500824
3.590499 -0.422186
13.146873 0.023513
6.337610 -0.228726
4.527801 1.713545
15.428785 0.034210
6.094952 1.231177
5.053249 0.119005
1.165812 0.561862
5.591313 0.147447
5.755490 0.704989
2.583591 -0.014019
5.632690 0.392890
5.430962 -0.083328
4.334423 -0.277937
5.596179 -0.859947
5.372162 0.516336
5.993278 -0.047252
5.629687 0.604577
5.638657 -0.935994
7.606817 -0.944691
5.789517 -0.071504
5.653122 0.182240
9.222111 0.350219
5.866826 -0.173258
5.571742 0.683569
10.812436 -0.154106
6.257960 0.595001
5.752862 -0.408022
12.356922 0.405798
6.210490 0.537663
5.008910 -1.076270
13.824728 0.780545
5.581663 -1.239141
6.060887 -0.270678
14.926073 -0.773546
6.248004 0.637371
6.769550 1.290866
0.449841 -0.191628
6.167974 -0.131727
7.280062 0.494931
2.054809 0.680679
5.980975 -0.649574
7.226099 -0.570649
3.650610 1.114059
5.884900 -0.360685
6.903788 -0.360877
5.186976 -1.407607
6.054576 -0.071328
7.056776 0.130152
6.712572 -1.439125
6.055412 -0.502251
7.182904 0.242476
8.329086 -0.794074
5.930037 0.415607
7.212658 -0.110510
9.947522 -1.535191
6.063019 1.130761
7.285696 -0.403650
11.717001 0.180252
6.095306 0.720081
7.003860 -0.223008
13.435366 -0.106664
5.586356 0.321735
7.694562 0.205918
15.006963 -0.847044
5.935963 -1.678494
8.427322 -1.849986
0.950016 0.001456
5.213852 0.240552
8.793152 -0.115134
2.543091 0.618922
5.015093 -0.484147
8.533511 -0.294139
4.269760 -0.738818
5.279665 0.833679
8.632556 1.170783
5.946157 0.846984
5.142079 0.471119
8.465379 0.313545
7.625548 0.758717
5.624601 -0.737476
8.831597 -0.074041
9.223503 -0.545731
5.485801 -0.246442
8.696348 -0.647493
10.843228 0.214903
5.136743 -0.327818
8.700212 -0.163224
12.578003 -0.056342
4.651484 0.424602
8.764160 0.521286
14.212856 0.304939
5.813166 -0.364824
9.233247 -0.224455
15.394921 1.737918
5.020617 -1.449473
9.763888 -0.702603
1.098617 1.389040
5.971228 -0.427004
10.699985 0.370546
1.985811 0.618723
5.306684 0.647706
10.807334 -0.894112
3.552242 0.722125
5.054945 -1.240526
9.986472 -1.745698
5.075736 -0.219424
6.047503 0.338974
9.780858 -0.661203
7.336628 -0.677336
4.620261 1.271793
9.936095 0.142648
8.219617 -0.212067
4.960493 -0.051845
10.363728 0.212320
9.889071 0.127955
5.127189 -0.073595
10.150377 -0.916956
11.550772 0.723511
5.392756 -0.159651
10.233665 -0.426115
13.314541 -1.810892
5.633186 0.219096
10.806561 -0.041624
14.895753 -0.086007
4.626366 -0.408426
11.350200 -0.030854
0.739097 -0.398213
5.373446 -0.607147
12.251858 0.748572
2.378138 -0.245335
4.695851 -1.419463
12.313137 0.315980
4.135647 -1.375459
5.582622 0.266226
11.480947 -0.701174
5.350302 -0.084876
4.925088 0.478981
12.240397 0.400940
6.996891 0.305856
5.369069 -0.641877
11.355196 -0.675085
8.334751 -0.469590
4.814933 -0.042797
12.180085 -0.102150
10.302321 -0.048480
5.543993 0.258994
11.736205 0.521227
11.996700 0.233468
4.702947 0.995008
11.860739 -0.387463
13.490382 0.885810
5.208693 0.457030
12.394820 0.538640
15.018412 -0.232020
4.666135 0.777039
13.087281 -0.890730
0.675087 0.898909
5.888326 -0.121334
13.843979 -0.317446
2.246102 1.205237
4.812141 -0.424147
13.988858 1.304383
3.707184 -0.238699
5.777878 0.489070
13.247808 0.045854
5.572072 -0.420336
4.946435 -0.275212
13.960967 -0.515796
7.121421 -0.419712
5.578666 0.250285
12.944633 1.293376
8.760860 -0.618827
5.195259 0.170771
13.839224 0.555123
10.121814 -0.171214
5.110898 0.158257
13.335424 -0.192295
11.740120 -0.520160
5.917511 -0.375007
13.637369 -1.318990
13.772637 0.942782
4.860891 -0.119376
14.043507 0.265830
15.036682 -0.507040
4.971500 -0.012083
14.736705 -0.881809
0.629230 0.554900
4.930132 0.065877
15.173236 0.487091
2.252299 0.715958
5.808272 0.453524
15.397595 -0.455248
3.560591 0.138967
5.172160 -0.591980
14.965549 -0.042931
5.171952 0.366527
5.522859 0.841539
15.385977 0.609648
6.821259 0.981648
5.478988 1.123577
14.749916 0.049149
8.629175 0.540434
4.659015 -0.505499
15.367124 -0.004181
10.480955 0.181087
5.606141 1.091502
14.909818 0.715345
11.964361 0.254449
4.886181 0.237666
14.944738 0.704688
13.412583 -0.964569
5.527886 1.603784
15.612811 0.271776
14.996630 -1.054412
7.199647 1.598015
0.983379 0.935185
1.054025 -0.654109
7.891057 0.886827
1.071710 0.048242
2.757095 0.671280
7.116960 0.027194
1.324639 0.505950
4.179329 -0.109247
7.807893 0.821369
0.933996 -0.379456
5.709590 -0.829414
7.015429 -0.519055
0.451524 0.481104
7.222118 -0.612858
7.344934 -0.731838
1.342037 0.809578
8.614443 1.499193
7.791772 -0.352528
0.747306 0.941667
10.310534 -0.049005
6.945068 -0.175372
0.634412 0.873026
11.703227 -0.543898
7.666255 -0.535664
0.785492 -1.138943
13.338808 -0.408899
7.128874 0.957260
0.337968 -0.933158
15.438813 0.765159
6.946692 -0.137851
2.424815 0.227430
0.144596 0.146123
7.862973 0.389515
2.420157 0.047044
1.845822 -0.967674
7.608622 -0.624687
2.899978 0.988642
3.375855 -1.371217
7.280827 0.013147
2.747230 0.363947
4.963202 -0.131804
6.948907 -0.342556
2.161546 -0.248977
6.660363 -1.204983
7.644746 -0.015551
2.856018 -0.020328
8.949863 0.851250
6.814514 1.331526
2.191418 -0.807061
10.261838 0.360484
7.877091 0.592255
2.010046 -0.026888
11.879884 0.535605
6.939774 0.454274
2.307233 0.947123
13.311804 0.056962
7.921056 -0.061712
1.762278 1.304958
14.652510 1.237782
7.337501 -0.449889
3.858248 -0.246830
0.829532 1.289708
7.136293 0.898360
4.222629 -0.292859
2.449647 -0.769125
8.081814 1.186166
4.515468 -0.425947
4.296341 -0.104058
7.352140 -1.449527
4.219928 -0.123696
5.646484 -0.169696
8.062194 0.444195
4.435125 -0.934861
7.072282 -0.252316
6.907052 0.910261
4.329060 -1.141325
8.467537 -0.408405
7.947699 0.422197
3.846634 1.118042
10.210982 -0.452125
6.990659 -0.548145
3.484735 0.977672
11.640466 -0.156233
7.556612 -0.422198
4.026741 -0.053480
13.182494 -0.042531
7.757317 0.263016
3.431778 0.453756
14.828177 0.403953
7.539442 -0.439936
5.505079 0.672114
0.309873 0.702277
7.332904 0.141009
5.955717 0.003693
1.814637 0.211114
7.040682 -0.978646
5.739856 -0.774171
3.448897 -0.787322
7.159711 -0.324742
5.739198 0.048255
5.170581 -1.431259
7.023645 -0.787078
5.721729 -0.627178
6.804801 -0.548238
7.593931 -0.199891
5.751655 0.539653
8.396452 -1.064591
7.261871 0.015054
5.271965 0.218727
9.867250 -0.139496
7.500884 1.592423
5.067599 0.576864
11.555004 -1.034273
7.767670 -0.612697
5.707197 0.274768
13.240529 -0.369576
7.801590 -1.158842
5.039972 0.089851
14.623448 0.747858
7.770979 -0.683109
7.259696 0.469656
0.733866 -0.662086
7.481498 -0.533902
7.451510 -0.915555
2.809644 1.299532
7.645171 1.432916
7.173992 0.131076
4.371031 -1.143022
7.921277 0.333946
7.239913 -0.202942
5.975307 -0.160892
7.609617 0.378628
7.287225 -0.712097
7.501715 0.400218
7.473056 -0.772816
7.148412 -0.868565
9.169354 0.164106
7.243583 0.557388
6.678782 0.962689
10.724362 -1.169249
7.900247 0.954012
6.815826 -0.531157
12.133502 1.707230
7.653497 -0.094319
7.560400 0.061250
13.507706 -0.742332
7.173828 0.164828
6.440884 -1.515247
14.836090 -1.163837
7.473045 0.071288
8.948545 -0.876812
0.552530 -0.389911
7.042924 -1.057468
9.159048 0.155005
2.080201 -0.902645
6.418726 0.162461
9.279108 -0.680137
3.609554 -0.939758
6.717386 0.522554
8.350714 0.931194
5.006480 -0.654240
6.821072 0.893364
8.482373 -0.476712
6.688922 -0.121119
7.069310 0.073042
8.713230 -0.264345
8.431065 0.361875
7.154756 0.637648
8.457555 0.110602
10.253932 0.265293
6.875784 0.745693
8.611234 0.593272
11.949818 0.531516
6.340663 -0.344036
8.792830 -0.959580
13.756568 1.154931
7.189381 0.117528
8.071448 -0.115083
15.088580 -0.333404
6.578669 -0.922923
10.433911 -0.171635
0.447200 1.659130
7.292175 0.719767
10.644691 -0.898887
2.883093 -0.897021
6.802065 -0.473904
10.710298 -0.872676
4.473987 -0.460537
6.661690 -0.068444
9.846802 0.721161
5.847265 0.350282
7.668940 -0.370293
10.200807 0.984148
7.552431 1.315314
6.440096 0.498338
10.306893 0.954113
8.894264 0.290773
6.796107 -0.001229
9.949447 1.306928
10.581325 -1.781949
6.814770 -0.393237
10.269811 0.240226
12.134398 0.463534
7.111156 0.369759
10.594962 -1.105560
13.618910 -1.345102
7.338104 0.222892
9.718846 -0.362060
14.937962 0.065311
6.162504 -0.423813
12.113260 -1.007888
0.709856 -1.407826
7.198178 -0.167138
12.303816 1.171746
2.197350 -0.405023
6.289380 1.060612
12.458020 -1.383572
3.815970 -0.337245
7.121513 1.102630
12.228881 -0.135508
5.464706 0.026764
6.361460 -0.960927
11.288520 -0.493021
6.884330 0.173175
7.021413 -1.462283
11.998905 -1.127000
8.493188 0.312049
6.265230 -0.197219
11.497587 1.427105
10.181584 -0.180757
7.274635 0.820815
11.802985 -0.448548
11.630535 -0.052635
6.344769 -2.227851
12.037174 -0.784697
13.537655 -0.177815
7.180092 0.038644
11.419048 1.048829
15.074464 -0.981234
6.984271 0.439535
13.644320 -0.663574
0.936841 -0.696856
7.400078 -0.508340
13.902019 -0.753329
2.869140 0.753262
6.517405 0.249752
14.067255 -0.559750
4.361230 0.406918
7.364695 -0.587391
13.728850 1.555082
6.020491 -0.887758
6.561923 -0.587995
12.995008 -0.035728
7.239733 -0.145336
7.062059 0.607334
13.697486 -1.477133
9.043220 -0.373064
6.721529 -0.393016
13.195132 0.167316
10.563972 -0.423204
6.661698 -0.319308
13.335872 0.027046
12.289878 -1.383644
7.626153 -0.490001
13.619764 -0.217555
13.800112 -1.098186
6.833617 0.796029
12.933982 -0.005981
15.053795 -0.249508
6.505167 -0.971840
15.152878 0.514347
0.834931 -1.508970
7.061985 0.777171
15.496868 1.080991
2.337022 -0.124403
7.362063 0.083891
15.484973 1.248147
3.978410 -0.715086
6.913969 0.699490
15.171185 -1.612567
5.721984 -0.476621
6.905372 -0.357249
14.616811 0.640772
7.490278 0.442066
7.101471 -0.495960
15.521441 -0.648378
8.937458 0.837905
6.543642 -0.786584
14.956616 -0.242685
10.395567 0.305376
7.277164 -0.957794
14.877785 -0.086024
11.885895 -0.196667
6.772108 -2.068835
15.094185 -0.317904
13.553886 0.079321
6.724450 -0.273055
14.496109 0.360907
15.209118 -0.004974
8.883211 -0.382411
0.700294 0.800732
1.340705 -0.811011
9.245802 -1.681218
0.268398 0.546839
2.981721 -0.450048
8.744377 0.534546
0.767287 0.456481
4.388061 -0.328250
9.396288 -0.491535
0.798129 1.018087
5.836083 1.659903
8.594416 0.159078
1.188303 -0.504631
7.308697 -0.016184
8.652057 0.137133
0.385241 -0.043872
8.699068 0.986396
9.430977 0.060068
0.945990 0.964325
10.221394 -0.714034
8.672050 0.054954
0.465961 0.682599
11.899663 -1.112556
9.172104 -0.931998
0.404415 -0.979102
13.827930 0.684111
8.800114 0.291413
0.764623 0.701242
15.583207 0.610516
8.580552 -0.997698
2.302418 0.056297
0.462247 -0.017466
9.334912 -0.103232
2.132308 1.208236
2.500190 -0.536165
8.875087 -1.153150
2.380021 -0.302951
4.229395 0.216449
8.647086 0.400528
2.464435 -1.023504
5.960768 -0.449521
8.167162 -0.083389
2.887810 0.053687
7.457981 0.244335
9.232547 0.228015
2.232115 0.029425
8.814894 1.949211
8.495803 -0.001713
2.296931 0.552130
10.374572 0.384667
9.575811 0.710143
2.273899 0.476972
11.803358 0.929091
8.463367 0.178574
2.662602 -0.785935
13.304295 0.959681
9.339712 -0.476823
2.604512 -0.441335
14.873025 0.665766
8.845901 -0.260505
3.987097 0.802651
0.219198 -0.481205
8.831038 0.078294
3.628053 -0.787984
1.961848 -1.018143
9.425382 -0.465698
3.965517 0.069721
3.534814 -0.328918
9.178617 -0.362089
3.919528 -0.375221
5.353088 -0.120161
9.592037 -0.688821
4.061498 0.590726
7.032467 1.066747
8.507306 0.536715
4.210332 -0.286791
8.710928 0.206789
9.449683 -0.438629
4.471216 0.559150
10.485376 0.118471
8.579949 0.493602
3.584543 0.108333
11.670235 -0.423372
9.218610 0.047272
4.116342 -0.366243
13.038358 -0.858915
9.208541 -0.369018
4.280463 -0.302657
14.601795 -0.608508
8.924870 1.021594
5.283978 -1.793788
1.203487 -1.087461
8.483772 0.964498
5.076601 0.237470
2.778094 0.845790
8.749270 0.028052
6.042133 -0.248351
3.928228 -0.110367
8.822262 0.424188
5.626190 0.332046
5.564137 0.483817
8.613757 0.157666
5.909622 -0.365482
7.172659 -0.009968
9.309457 -0.692113
5.626107 1.086360
8.812853 -0.162176
8.654221 -0.085754
5.962605 -0.102350
10.239605 -0.690791
9.008571 -1.163646
5.335707 0.240565
11.981620 -0.076959
9.332810 0.630019
5.750649 0.553880
13.805820 0.170894
9.031535 -0.105792
5.798764 -0.114552
15.528208 -0.206489
9.394630 -0.598305
7.152989 0.311594
0.643809 -0.619337
8.820339 -0.084677
6.639975 0.111579
2.164484 0.482069
9.057711 0.646362
7.702837 -0.109885
3.500502 -0.433557
9.350210 0.676711
7.329587 -0.180212
5.077090 -0.159176
9.373353 0.483713
7.315083 -0.117237
6.775980 0.905670
9.019635 0.399589
7.204067 0.746334
8.420061 -0.009593
8.637545 0.538123
7.636483 -0.173510
10.227304 -0.216477
9.395372 0.194201
6.840509 -0.169132
11.528630 -0.241198
9.389915 0.276170
7.252557 -0.560535
13.145704 1.128419
8.611550 0.187657
7.340200 -0.686937
14.869177 -0.083480
8.904684 1.228076
9.496803 -0.168286
0.967958 -0.598439
8.483753 -0.322460
8.224534 -1.157771
1.819945 0.472509
7.913527 0.036618
8.818567 0.421945
3.831122 -0.555935
8.168398 -1.338582
9.057751 0.786004
5.561715 0.796957
8.393608 -0.826449
8.735324 1.211045
7.256032 -0.449155
8.659856 -0.479609
8.689335 0.734170
8.952436 -1.049132
8.633543 0.417585
9.266595 0.041142
10.684716 2.026892
8.455291 0.066868
8.331134 -0.344895
12.028192 0.381539
7.913016 0.902879
9.158560 0.352948
13.361389 -1.065573
8.764153 -0.684776
8.978751 1.158569
15.171889 0.506192
7.866653 0.921427
10.731295 -0.653849
1.327594 0.348544
8.719812 0.637740
9.764526 0.673001
2.644925 -0.433904
8.434103 -0.547312
10.363456 0.619820
4.202684 -0.126822
8.018229 -0.246646
10.771146 -0.765055
5.756346 -0.775096
9.135507 0.668150
10.207287 0.584035
6.817027 -1.273950
7.963379 0.746210
10.044281 0.650934
9.355498 0.737242
8.369391 0.105149
10.871788 0.160064
10.749878 0.655226
8.469025 0.032744
10.199450 0.675256
12.284406 0.059561
8.733517 -1.280376
10.514344 -0.025651
14.110446 -0.203194
8.634067 -0.285998
10.740383 -0.184762
15.662816 0.098099
7.901160 -1.062181
12.228274 -0.017999
0.523954 -0.014865
8.763681 1.056635
11.418130 0.693426
2.551589 0.467810
7.744220 -1.000085
11.923816 -0.021447
3.877223 -0.605292
8.777962 0.109008
12.260023 -0.630885
5.622236 0.217235
7.847469 0.081398
11.877651 0.723422
7.017814 0.431211
8.583756 0.118852
11.323778 -1.153929
8.516849 0.540406
7.839124 -0.129431
12.043650 0.554091
9.817920 -2.104517
9.021924 -0.944401
11.848426 1.865479
11.959974 0.033675
7.909557 0.590482
11.980375 -0.709721
13.172977 -1.738112
8.610148 -1.595864
12.248876 0.294490
14.802896 0.397032
8.526093 0.070791
13.471848 0.731424
1.453191 1.542946
8.765808 0.370052
13.009197 -1.117163
2.934857 0.298402
8.080236 -0.729595
13.388563 1.011615
4.464638 -0.403190
8.976738 -0.078133
13.837214 1.349722
5.764909 0.125313
8.323173 -0.220450
13.484911 0.205962
7.238043 -1.011436
8.778716 -0.385280
12.950756 -0.127498
8.687843 1.517945
8.415454 -0.581055
13.549406 0.376393
10.304742 -0.502090
8.155777 0.897484
13.260190 -1.544917
11.928101 0.428714
9.070484 0.527211
13.466002 0.912360
13.232236 -0.481301
8.392439 -0.639421
13.692246 -0.481663
15.474549 -0.115497
8.117096 0.405205
15.119389 0.934079
0.471642 -0.566229
8.525378 -0.163042
14.969040 1.381545
2.099457 -1.953121
8.871112 -0.500546
14.620440 -1.043214
3.741399 -0.199063
8.383389 -0.263552
15.227190 -0.753140
5.200654 -0.862487
8.296739 -0.269429
15.357772 0.888811
6.895719 -1.004004
8.448599 -0.167738
14.564712 0.120933
8.459578 1.093243
8.289865 0.109835
15.116866 0.038218
10.011079 0.043532
8.821108 -0.148039
14.674490 -0.831441
11.460630 0.403280
8.401889 1.082034
15.011032 0.818902
13.027388 -0.921766
8.134331 0.667019
15.132134 -0.325791
14.625657 -0.869774
10.403609 0.215525
0.352763 0.507573
0.661825 -0.088841
10.663901 -0.223494
0.744270 -0.407475
2.319808 -0.134935
10.443316 0.585068
1.153576 0.972708
3.978693 -0.243751
11.121749 1.011987
0.589355 0.172819
5.760098 -0.075833
10.376600 0.109146
0.686557 -0.820179
7.232108 0.003034
10.481302 -0.518120
1.018287 1.158745
8.791577 0.772561
11.122180 0.457737
0.815047 0.008431
10.442460 -0.330571
10.234992 0.251216
0.821874 0.203940
11.844434 -0.259766
10.848186 -1.387754
0.502154 -0.666266
13.315465 0.776040
10.409003 -0.116148
1.014571 -1.806978
14.939980 -0.575957
10.254574 -0.917979
1.986433 0.195598
0.741351 -0.949663
11.122966 -1.058005
2.297503 0.868263
2.320385 0.028867
10.522789 -0.705060
2.808746 -0.486391
4.017365 -0.463771
10.318623 0.366018
2.034547 -0.526992
5.446684 -1.710232
9.908658 0.032496
2.401776 0.212428
7.122899 1.016492
11.080326 0.331195
2.637992 -0.614782
8.522263 -1.288500
10.003345 -0.387772
2.724374 -0.621741
10.273924 0.478412
11.226689 0.124094
2.297193 -0.954625
12.164026 -0.671804
9.851646 0.087090
1.889341 -0.465358
13.386677 -0.058293
11.162662 1.294550
2.408774 -0.588028
15.318424 0.346129
10.361553 -0.281516
3.676257 -0.460792
1.160791 -0.127241
10.800929 0.419206
3.914065 -0.730501
2.716306 0.710359
10.905399 0.645941
4.361747 -0.201027
4.378574 0.012546
10.903317 -0.491509
3.539755 -0.459893
5.840933 1.356506
11.179304 0.337925
4.217219 0.633887
7.396331 1.162537
10.078239 0.147276
3.961628 -0.112299
8.696339 -0.054207
10.982624 -0.472858
4.077126 1.785755
10.129360 -1.068918
10.470003 0.427896
3.815095 0.356052
11.840918 -0.113312
10.520509 -1.039027
3.376756 0.725881
13.736538 -0.582160
10.594428 -0.335992
3.929823 -0.301436
15.365197 -0.115335
10.568520 -0.589350
5.430600 0.270889
0.818240 -0.843722
10.175304 -0.338241
5.355727 0.545346
2.443868 -0.138944
10.341740 -0.873206
5.857405 -0.695075
4.138705 -0.433049
10.549331 0.833133
5.222576 1.048589
5.831992 -0.796886
10.158591 0.784423
5.837969 -0.146168
7.374737 1.168347
11.260134 -0.519845
5.259264 0.089506
8.839887 -0.825900
10.302958 -0.742156
5.916615 -0.333564
10.240722 -0.345853
10.635625 0.742735
5.564396 0.266361
11.767949 -0.376975
10.887112 0.758444
4.854835 1.028767
13.294003 -1.214601
10.686332 2.076346
5.456355 -1.169998
14.898396 0.293695
11.062987 -0.484866
7.020682 -1.137760
0.577316 -0.303358
10.392172 0.405520
7.122002 -1.179328
2.285815 0.533887
10.827579 0.236592
7.366837 -0.685585
3.941740 -0.319944
10.872066 0.474867
6.966528 -0.050118
5.807002 -1.105938
10.959238 0.468106
7.300092 -1.089218
7.471643 0.709200
10.588990 -0.409563
6.760650 -0.118934
8.938380 -0.116458
10.207551 -1.192445
7.795722 -0.749786
10.546664 -0.201729
10.976961 0.681777
7.242207 0.299340
12.033694 0.041640
11.125605 -0.290698
6.488539 0.676741
13.447927 0.312343
10.251777 -0.116383
7.019919 -0.168240
14.789633 -0.414155
10.193998 -1.099611
8.471690 -0.522001
1.248879 0.879325
10.097295 -0.701145
8.765089 0.874439
2.838091 1.343666
9.778310 -0.437367
9.102968 0.337396
4.399221 0.550432
9.843784 -0.232792
8.731588 0.567876
6.005157 0.247756
10.001011 0.722861
8.717191 0.309288
7.577169 0.207474
10.352167 0.459384
8.423971 -0.960008
9.047025 -0.346465
10.336122 0.000925
9.402024 0.800178
10.321754 -0.103092
9.988690 0.077269
8.847626 -0.123172
12.019126 0.396389
9.596016 -0.580874
8.760581 -0.307783
13.734467 -1.316107
10.245520 -1.993144
8.439422 -0.016767
15.421876 0.108163
10.230605 -0.976219
10.054531 -1.295752
0.276153 0.028340
10.121114 -0.309763
10.328764 0.383062
1.930792 -0.945638
10.217088 0.557489
10.433010 2.346363
3.576808 -0.837539
9.681033 -0.427379
10.682948 0.241825
5.248900 0.804338
10.643709 0.267386
10.453137 0.838259
7.362616 -0.252864
9.524850 -0.111237
9.934245 0.389107
8.465746 0.173645
9.716392 -1.212319
10.802342 0.091957
9.763410 -0.313950
10.035505 0.003734
10.614247 0.302198
11.391376 -0.683756
10.048529 0.236276
10.243130 -0.364745
12.999392 -0.506388
10.205180 1.372362
10.042331 -0.224435
14.585279 -1.580045
9.412971 0.126717
11.632069 -1.106667
1.024275 0.496561
10.490871 0.612270
11.811321 0.376189
2.605210 -0.456195
9.414935 -0.139431
11.973282 -0.346729
4.109021 0.822533
10.482102 -1.075278
12.084607 0.325091
5.580271 0.427657
9.495716 0.231689
11.877942 1.743428
7.188320 -0.429704
10.240055 0.671752
12.046804 1.454310
8.693227 0.358443
9.520884 0.500504
12.303609 0.318495
10.392097 0.250986
10.777362 0.130702
11.853876 -0.787378
12.138412 0.165680
9.594012 1.866223
11.890950 -0.855650
13.524054 -1.116770
10.136495 0.490800
11.604752 0.584972
15.321573 -0.781028
9.828786 -0.292201
13.124839 -0.004366
0.389517 0.339320
10.184786 -1.274195
13.247805 0.183750
2.050231 0.117840
10.201830 0.193860
13.513222 -0.123847
3.701540 -0.489072
10.434862 -0.425582
13.653255 0.858869
5.220179 0.526017
10.158016 1.497963
13.388633 0.015845
6.845098 -0.075435
10.285820 0.627297
13.780004 0.535449
8.390547 0.734024
10.098760 0.178582
13.841347 -0.456050
10.015162 1.016665
10.030511 -0.219096
13.366325 1.371592
11.680668 -0.474898
10.668434 0.149297
13.186434 0.444731
13.216488 -0.128499
10.024825 1.266871
13.199194 1.055696
14.680003 0.362147
9.939169 0.499634
14.756489 0.569247
1.099515 -0.547232
10.281624 -0.147253
14.890831 -0.031587
2.649689 -0.020176
10.189094 -1.041667
15.389832 0.799449
4.270504 0.319428
9.911629 0.214623
15.175915 0.486695
5.820217 0.857039
9.764098 -0.081041
14.961152 -1.788361
7.419250 -1.090170
9.890283 0.952304
15.318904 0.578890
9.095358 -1.480297
10.109753 0.506169
15.390892 0.703365
10.721245 -0.075991
10.171800 -1.166431
15.011134 -0.352060
12.371425 0.754856
9.981652 1.968174
14.700102 0.978676
13.926238 -0.958663
9.636851 -0.071680
15.087861 0.158059
15.442029 0.016374
12.011345 0.430251
1.120722 0.492163
1.096660 -0.063286
12.276655 -1.187574
0.695416 0.263568
2.664590 0.537009
12.001534 -0.053690
0.505124 -0.662665
4.311808 -0.657264
12.777612 0.467534
0.167956 0.117577
5.772531 1.226735
12.204540 -0.388846
0.913381 0.988842
7.341061 -0.043640
12.143569 -0.276062
0.642504 -0.843227
9.050714 0.130526
12.665275 -0.316322
1.081113 -0.081999
10.643542 -0.002727
11.903385 -0.081982
0.438723 0.856536
12.003232 1.843228
12.456143 -0.021169
0.676827 -0.591410
13.639815 -0.611150
12.194099 0.547946
1.015338 1.404432
15.275473 -0.957118
11.927434 -1.486531
2.772156 0.302896
0.899562 -0.325230
12.740582 -0.530313
2.445631 0.284792
2.317668 0.074420
11.989150 -0.229137
2.126750 0.450960
3.825417 0.673230
12.321115 0.058231
1.825190 0.295235
5.506722 0.022175
11.583392 -0.853921
2.368430 -0.891045
6.967305 -0.433477
12.554491 -0.810771
2.236637 -1.968618
9.193059 0.604875
11.587064 1.806929
2.480395 -0.190425
10.558876 0.170367
12.774930 -0.098806
1.873785 0.179384
12.253490 0.173070
11.642254 0.527868
2.042626 1.831914
13.783477 0.452752
12.789742 0.049110
2.543116 -0.498140
15.310953 1.067955
12.033462 -0.046097
4.423138 0.452116
0.288034 -0.512185
12.121125 0.316884
4.225549 -2.082733
1.847147 0.798949
12.428273 1.018438
3.769467 0.320116
3.442415 -1.652526
12.389624 0.382265
3.499842 0.909942
5.040858 -0.143843
12.636107 0.760541
3.821697 -1.850505
6.675267 -1.078802
12.486296 0.275843
4.061276 0.788547
8.363285 -0.824904
12.743290 -0.296509
3.906544 -0.488203
9.942917 -1.105732
12.077544 0.712015
3.960415 -0.012016
11.460612 -0.892235
12.066896 2.100781
3.623903 0.229844
13.044209 1.014344
12.255291 -0.256396
4.000031 -0.539539
14.600925 0.290393
12.253899 -0.466902
5.851271 0.046294
1.193860 0.396507
11.710434 -0.273442
6.065623 1.466522
2.777673 -0.547536
12.162027 -0.808549
5.390215 -1.774532
4.122181 0.679119
12.246867 1.317330
5.069924 -0.327991
5.670571 -0.182221
11.714803 -1.386158
5.808695 -0.971841
7.040874 0.258484
12.732699 -0.298606
5.962595 -0.102547
9.014784 0.556036
12.040664 -0.790059
5.346836 0.953447
10.401121 -0.018281
12.179616 0.650564
5.577824 -1.202773
12.113894 0.352656
12.521679 1.133955
5.496498 -0.595981
13.647163 -0.040938
12.321396 -0.638064
5.804176 0.618050
15.264493 0.102284
12.759727 0.492913
7.058939 0.583001
0.251367 -0.557002
12.013968 0.678275
7.595222 0.869379
1.921586 0.106642
12.577291 0.482283
7.243031 0.585498
3.762047 0.220990
12.426170 -0.524960
6.681651 0.386735
5.314177 0.812471
12.746046 1.125321
7.126111 -0.354539
7.114339 0.202168
12.142432 0.066957
7.469271 -0.294628
8.587393 0.320463
11.540903 -0.450762
6.908740 0.158099
10.423531 0.887011
12.573514 -0.534860
7.067702 0.478061
11.710801 -0.891187
12.864273 1.223073
7.093580 0.323620
13.321981 -1.060952
11.839143 0.274609
7.381771 0.328535
14.826759 0.702032
11.689597 0.841793
8.699064 1.563690
0.430353 0.862474
11.400874 -0.966486
9.156156 -0.326659
1.998986 0.158607
11.669320 -1.124006
8.661778 -1.306965
3.480820 1.113399
11.382791 -0.239624
8.483198 0.860907
5.098740 1.800515
11.468654 0.109792
8.611434 -1.095720
6.672054 -0.927275
11.704412 0.764040
9.105798 -0.065574
8.278234 -1.571532
11.818127 -0.333235
8.552095 0.859848
9.825969 2.602684
11.822764 -1.046583
8.569605 -0.483913
11.537405 0.457672
11.174383 0.192665
8.319858 -1.101307
13.291682 -0.444251
11.584553 1.510563
9.084886 0.732465
14.710391 1.191121
11.430226 -0.296037
10.635660 0.116939
1.201021 -0.808612
12.067279 -0.160079
10.518591 -0.420711
2.877796 -0.273194
11.683864 -0.883815
10.097386 -1.082617
4.384224 0.703656
10.968430 -0.268507
10.036081 -0.401504
5.822755 0.148403
12.276018 -0.057421
10.476365 0.397429
7.377858 -0.475818
11.123511 -0.003117
10.411444 -1.373578
8.979853 0.798098
11.882458 -1.181018
10.160740 0.090562
10.442400 -0.318866
11.393397 1.400143
10.077206 -0.876362
12.071257 -0.302022
11.929858 0.822210
10.222463 -0.953783
13.539445 -0.145151
11.660174 -0.143733
10.700308 0.160904
15.316499 -1.043373
11.081635 0.667367
12.197686 -0.694210
0.830585 0.606999
12.057178 -0.743663
12.075761 -0.577293
2.215992 0.791124
11.068585 -0.460773
11.806643 -0.344163
4.089294 -0.736353
11.982284 0.299915
11.435356 -0.055426
5.636286 -0.780648
11.094030 -0.219057
12.027325 0.319224
7.137574 -0.448886
11.897445 -1.707592
11.883800 -0.349072
8.628528 -1.310575
11.071207 -0.450814
11.645220 0.286229
10.331754 0.259564
12.247066 1.115695
11.534929 0.152338
11.615153 -0.198852
11.047766 -0.238873
11.597601 -0.884255
13.933868 -0.221131
11.801472 0.486016
12.406814 -0.215446
15.230172 -0.257730
11.455797 -0.921202
13.856181 0.836381
1.109416 0.470724
11.700124 0.004025
13.548976 0.620076
2.651114 -0.105545
11.751013 0.056405
13.329521 -0.654328
4.371743 0.763325
11.875982 0.363572
13.179042 0.647165
6.062203 -0.636654
11.846464 1.171983
13.639397 -0.276408
7.613139 1.393930
11.664497 0.889650
13.463272 0.390998
9.217183 0.285060
11.509312 -0.657977
13.185024 -0.210445
10.769876 -0.665576
11.947592 -0.444983
13.318369 -0.991511
12.328248 1.065049
11.898606 -0.892123
13.601278 0.265003
14.172693 0.574703
11.106559 1.082672
14.095549 0.142534
15.519318 -0.600373
11.821986 0.204385
15.483203 0.356849
0.193496 -1.361610
11.661974 -1.001497
15.315801 -0.298079
1.750015 -0.818474
11.725804 -0.578777
15.030177 -0.601747
3.450902 0.777954
11.662083 -0.865425
14.860479 0.918378
5.075195 -0.730342
11.245996 -1.166677
14.824117 1.853337
6.619399 -1.293279
11.272141 -0.646649
15.409421 0.420600
8.115151 0.562137
11.441153 1.291094
15.055632 -0.504164
9.711602 0.924916
11.565453 1.772365
14.868546 0.530810
11.329322 -0.360586
11.640434 0.309929
14.885400 0.657456
13.069928 -0.066553
11.221832 -0.976308
15.491277 -0.285206
14.626622 0.936828
13.482217 -0.708072
0.341306 0.092946
0.495313 -0.913384
13.865305 -0.349798
0.817831 -0.070030
2.019687 -0.436742
13.453678 0.429896
1.201887 -0.375859
3.626631 -0.655665
14.044747 -1.006415
1.096430 0.937669
5.168823 0.479941
13.865730 0.629814
0.991125 0.044142
6.933348 -0.461169
13.501538 0.048391
0.226123 -1.685791
8.377156 0.285870
14.172112 -1.334459
0.820528 -0.145520
10.214662 -0.470122
13.600965 -0.624631
0.437365 0.291434
11.775685 0.682517
14.023909 -1.155966
1.108944 -0.582129
13.299986 -0.039881
13.597981 1.604022
0.262521 -0.000599
14.615689 -0.081163
13.509362 -0.371618
2.012050 -0.187488
0.896959 0.199092
14.257046 -0.421136
2.382208 -1.046877
2.886057 0.975397
13.578879 0.391887
2.633355 -0.035593
4.328290 0.800315
13.632467 -0.450841
2.587613 0.842344
6.021438 -0.250497
13.078379 0.432223
2.463924 -1.746370
7.624612 0.427541
14.047320 -0.416910
1.640731 0.357315
8.827862 0.376791
13.243504 -1.003092
2.583777 -0.784452
10.698918 0.219013
14.349309 0.182735
1.972822 0.269296
11.802891 0.610102
13.173105 -0.410627
2.586758 0.253853
13.692711 -0.259992
14.171429 -1.979291
1.691701 -0.894059
15.151548 -0.182743
13.403927 -0.185003
3.688334 -0.072775
0.511240 -0.042611
13.851861 1.405263
3.776151 0.348581
2.095742 -0.944590
13.968519 -0.084659
4.167818 0.245865
3.776966 0.825989
13.936401 1.052938
4.179414 -1.185174
5.457046 -0.052579
14.117585 -0.734848
3.932767 -0.980564
7.421751 0.169679
13.957864 -0.419328
3.204452 -0.836865
9.026563 -1.284507
14.115667 -0.403738
4.190556 0.127778
10.656851 -0.369140
13.510377 0.814003
3.414306 1.420159
12.082111 0.405594
13.667660 0.151927
4.278752 0.404138
13.514528 0.388183
14.100813 -1.164587
3.407833 -0.065406
14.841417 -0.181181
13.746446 0.365781
5.272493 0.268388
0.907577 -0.216180
13.251000 -1.217710
5.338502 -0.663921
2.706020 -0.788042
13.796247 -0.244796
5.734754 0.217346
4.323960 0.390049
13.702388 0.831578
5.806468 1.291280
5.959070 -0.857276
13.186069 0.269180
5.424574 0.078886
7.488207 -1.189022
13.970530 -1.329871
4.840669 1.097847
8.955172 -0.538283
13.611381 1.376616
5.837366 0.547146
10.522472 0.826700
13.689045 0.208081
5.069519 0.805852
11.997520 0.849755
14.268569 0.778549
5.820433 -0.099616
13.532152 -0.121929
13.911829 -0.000665
5.083937 1.014195
15.189421 0.059558
14.413117 -1.330668
6.771033 0.414448
0.493666 -1.080478
13.477913 -0.098300
6.843719 -0.243535
1.878026 0.074651
14.121737 -0.927925
7.116135 0.713469
3.290881 0.299910
14.177433 -0.365209
7.203219 0.616156
5.099510 -0.441285
14.365862 0.511611
7.162595 0.843424
6.912572 -0.260058
14.207090 0.296861
6.435057 0.650164
8.524731 1.598294
12.976601 1.103200
7.369082 -0.281461
10.098555 1.129780
14.197225 -0.743182
6.681023 -0.124336
12.032835 0.692427
14.367243 0.670848
7.682447 0.451343
13.367127 -0.217035
13.650719 -0.175602
6.676445 0.155211
14.811497 0.960845
13.307747 -0.136342
8.369485 -0.111517
0.763164 0.460602
13.247943 -1.588451
8.445483 -1.037041
2.565917 1.053148
13.274248 0.170293
8.774958 -1.342967
4.205602 -0.571468
13.016516 0.270026
8.206491 0.631034
5.708840 0.661607
13.012163 -0.047597
8.837254 0.188147
7.281754 -1.354252
13.657207 0.399903
7.973825 1.224325
8.702981 -0.103895
13.456159 0.316076
9.025115 -0.176984
10.224282 0.861706
13.629729 0.612628
8.231034 0.783323
11.669550 0.308209
12.783244 -0.507472
8.722863 -0.155102
13.217579 0.615141
13.191750 0.937422
8.262622 0.430872
14.850471 -0.066557
12.843342 -0.696684
9.821600 0.467643
1.223230 1.776313
13.781077 -0.977457
9.995754 0.616379
2.493262 0.869158
13.408753 -0.856765
10.442398 0.478164
4.220047 0.447363
12.708186 0.327312
9.836729 -0.608447
5.761765 0.977024
13.932622 -0.668175
10.277310 -0.042090
6.928311 1.619598
13.211865 1.944911
9.776010 -0.348291
8.713890 0.387589
13.485390 -0.379776
10.695287 1.075018
10.503349 -0.361733
13.136930 0.274891
9.781537 0.183382
11.909348 0.479459
13.528467 -0.208458
10.418781 -0.837109
13.657088 0.527920
13.088653 0.087873
9.800920 -0.214053
15.293606 1.013068
12.799403 1.328316
11.479212 1.022722
0.833527 -0.107880
13.593585 1.103333
11.601431 1.066221
2.620704 -1.251802
12.674993 0.276232
12.042610 -0.864553
3.989434 0.388043
13.631073 0.304586
11.435502 0.595499
5.629406 -0.086884
12.748539 0.014605
12.081075 -0.354008
7.158580 0.008168
13.578888 0.246489
11.313746 0.235476
8.658154 -1.006490
12.714071 0.216176
12.067265 -1.314852
10.109961 -0.363066
13.809093 1.418172
11.261517 -1.090563
12.190886 -0.598784
12.524386 1.749637
12.034187 0.432522
13.401644 0.141792
13.381639 0.221714
11.441087 0.094999
15.028599 1.191577
12.728590 0.037650
13.094193 1.113282
0.573642 0.717965
13.380738 0.749201
13.226048 0.409386
2.136716 -0.996217
13.122918 -0.189879
13.880286 0.627084
3.720034 -0.413317
13.553349 -0.606418
12.979632 0.037339
5.273354 0.280128
13.502116 0.305232
13.596770 1.115614
6.929442 -1.646800
13.424499 -0.451272
12.944266 0.288691
8.624452 -1.176848
13.024970 -0.685443
13.754378 -0.754085
10.111307 -0.173774
13.358413 0.173918
12.785883 0.754497
11.549671 -0.060945
13.373363 1.690306
13.615485 -1.216768
13.250630 0.489163
13.502119 2.259158
13.180831 -0.368946
14.897685 0.374508
13.188995 0.517641
14.628389 1.103840
0.789225 0.158768
13.312259 -0.463676
15.058548 0.452333
2.459386 0.795257
13.458229 0.781224
15.520586 -0.205459
4.145731 0.096563
13.263638 0.324302
14.519426 -0.926580
5.452189 0.524484
12.805476 -0.891611
15.184422 0.919365
7.074801 -1.714674
12.999498 -1.121176
14.538546 0.225323
8.591575 0.395576
13.005051 0.640389
15.401772 -0.770804
10.123425 1.175277
13.171443 0.638727
14.513078 -0.030681
11.631928 0.122012
13.241784 1.101227
15.273788 0.265573
13.136209 0.623125
12.889957 -0.766094
14.685993 -0.541829
14.931470 -0.644240
15.204358 0.137835
1.166897 -0.496015
0.579466 -0.458685
15.607010 0.679168
1.114514 0.490299
2.253422 -1.938400
15.041231 -0.080010
1.186352 -0.875439
3.794535 -0.981413
15.719888 -1.112406
1.129071 0.248503
5.261343 -1.681106
15.709043 0.934953
0.642646 -0.875153
6.750287 -0.313252
15.267061 -0.018263
0.814097 -0.827742
8.204885 -0.117256
15.727804 1.592765
0.704086 -0.670105
9.800909 0.592982
15.483600 0.097287
0.917079 -0.515132
11.548903 -0.997906
15.524056 0.206967
0.484083 -1.026951
13.185824 -0.160000
15.556460 -0.810013
0.755418 -1.025227
14.788338 -1.322874
14.868212 0.812136
2.850197 -1.167419
0.351499 -0.149422
15.436919 -1.534977
2.712089 0.314005
1.877137 0.678000
15.789784 0.023439
2.675093 -0.425001
3.516593 0.211997
15.078916 -0.942348
2.581108 -0.814841
5.045878 -0.054721
14.727002 0.252097
2.397609 0.604316
7.169525 0.905053
15.542080 -0.612924
2.352534 -0.033194
8.684849 0.022380
14.818168 0.287757
2.432212 0.105050
10.293583 0.024690
15.819718 -0.547729
2.626227 0.954887
11.733442 -0.942344
14.826208 0.166327
2.493900 -0.934039
13.349823 -0.329148
15.736939 1.293164
2.475031 0.052011
14.881405 -0.006742
15.222172 1.208711
4.314142 0.219310
1.257380 0.135238
15.382629 -0.022251
4.241347 0.718043
2.930606 -0.013766
15.530020 0.568723
4.133831 -0.720648
4.551502 -0.007885
15.347453 -0.933973
3.758002 0.286836
6.173535 -0.427344
0.059728 0.326872
3.900532 -0.707523
7.598956 0.225828
15.435163 0.663587
3.956180 1.408292
9.131602 -1.332293
15.781826 -0.134746
3.971053 0.243638
10.673970 -0.369847
15.073558 0.002926
4.019213 0.126960
12.220517 1.358766
15.317484 -0.334156
3.914346 1.263911
13.954038 0.516499
15.485637 -0.145897
4.272711 0.697101
15.539615 -0.164265
15.809926 0.497290
5.702247 -0.676849
0.611638 -0.763050
14.774062 0.589904
5.716543 -0.525202
2.108298 1.425953
15.399640 0.651830
5.671994 0.639560
3.836617 0.430791
15.370161 -0.533275
5.517541 -0.022299
5.445594 0.385639
14.851318 -0.447665
5.312362 0.001774
7.054002 0.821719
15.702692 -0.386274
5.520016 -0.455773
8.419641 -0.179203
15.147442 1.053920
5.469479 -0.261466
9.922267 0.374576
15.269062 0.288653
5.499301 -0.591846
11.522414 0.309842
0.103040 -1.019087
5.086314 0.009856
13.081919 -0.031060
15.621290 -1.186999
5.688466 -1.653992
14.641382 0.240906
15.859292 -0.108008
7.413144 -0.287749
0.572976 0.479765
15.521651 -0.336796
7.232329 -0.796981
2.290131 -0.120350
15.554320 -0.610607
7.245306 0.348660
4.161914 0.549246
15.625432 0.659648
7.122319 -0.687105
5.893099 -1.015893
15.822199 0.380215
6.761614 0.528484
7.504088 -0.515627
15.435363 0.396387
7.532547 -0.598511
8.894314 -0.528489
14.548792 1.207038
7.207567 0.228092
10.332065 0.138449
15.648758 -0.782891
7.356217 -1.495822
11.778605 -0.263266
15.726533 0.171713
6.705616 1.104322
13.319056 1.477564
15.212040 -0.024381
7.248803 0.119521
14.809544 0.796388
14.746593 0.722804
8.585686 0.964640
1.373723 -0.569173
14.965668 0.124906
8.737883 0.601953
2.946440 0.030039
14.888645 0.763016
8.814716 -1.794362
4.490405 0.471269
14.637437 0.423190
8.674878 -0.325759
6.094548 0.292557
14.640436 -0.602116
8.773657 -1.013886
7.700645 -0.025546
14.887716 0.794161
9.019852 -0.279656
9.335944 -0.434875
15.204076 0.881358
8.670900 -0.510594
10.828071 0.534071
14.749718 0.273033
9.120976 1.255996
12.312557 0.843752
14.386344 0.259874
9.188221 -0.439111
14.036304 0.539111
14.625287 1.189334
8.481966 -0.179743
15.576908 1.052487
14.354759 -0.163953
10.061827 0.531152
0.337106 0.793444
15.359182 -0.027804
10.125455 -0.855347
1.822799 0.073294
14.993644 -0.621904
10.433125 -0.071341
3.447113 -0.151566
14.833050 0.097276
10.329739 -0.022776
5.331946 0.772649
15.663674 -0.188019
9.945656 -0.277278
6.798458 -0.097824
15.034037 -0.886571
10.427152 -0.152041
8.171165 -0.286599
14.942323 0.175027
10.574331 0.461958
9.738957 -0.023776
15.068378 1.697974
10.432427 -0.140382
11.390124 -0.238711
15.117269 -0.147484
10.514873 0.513204
13.085906 -0.176746
15.115192 0.415892
10.641534 -0.129172
14.732233 -0.661540
14.400071 0.243667
11.586325 0.018874
1.192936 1.428809
15.080442 -0.290137
12.365500 -0.660003
2.550066 0.530219
14.470463 -1.163991
11.953335 -0.127386
4.140395 0.366201
15.322071 1.443084
12.344901 -0.297618
5.568663 0.442584
14.302813 0.684888
11.984058 -2.359862
7.058153 0.476563
15.109597 0.660058
12.072259 -0.141664
8.852961 0.578175
14.453848 0.276258
12.092151 0.654729
10.301732 -0.124908
15.151567 0.777259
12.215729 0.167833
11.937232 -1.347898
14.164090 0.551620
12.087168 0.278806
13.611901 1.572307
14.799475 -0.158837
12.206857 -0.339886
15.437963 -1.028717
14.445453 0.611797
13.386783 -1.275726
0.882310 0.620835
15.172519 0.472646
14.029266 0.732037
2.396736 0.706111
14.641434 -1.342078
13.729380 0.078602
4.045145 0.214345
14.895599 0.126861
13.994359 2.366870
5.915075 0.517868
15.090590 -0.690296
13.358233 -0.423490
7.706769 0.566984
14.862981 -0.805870
13.766619 1.731867
9.215841 -0.235803
14.630223 1.517428
13.626651 -1.359103
10.800694 0.717318
14.686696 -0.101867
13.675760 -0.621664
12.422514 -1.003025
15.281330 -0.596029
13.401583 0.843390
13.911193 -0.163022
14.884880 0.947240
13.930629 -0.197238
15.301889 1.184435
14.735194 0.542102
15.307195 0.424190
1.368078 -0.259191
14.879145 -0.234847
15.587553 0.369039
3.042541 -0.776793
14.981624 -0.932927
15.155453 -0.870188
4.600905 0.707842
14.512529 -1.164468
15.621930 0.677035
6.012602 0.232346
14.358856 -0.041900
15.051394 1.444948
7.508224 1.220456
14.732461 0.625024
15.357425 -0.378637
9.049953 -0.679582
14.690869 0.295725
15.234735 -0.912013
10.698091 -1.020043
14.734917 -0.183343
15.270917 -0.674297
12.235527 0.310002
14.563382 -0.878714
14.906369 -1.313613
13.928913 0.102459
14.663431 -0.516311
15.471330 -0.048082
15.618978 0.016402
