0.761580 0.530648
1.189502 0.499947
0.610868 -0.522367
0.972523 1.567226
0.193228 0.343906
2.581399 -0.415895
0.576552 -0.469390
1.333182 0.403756
3.681733 1.650682
1.437451 -0.323663
0.921398 0.135821
5.368892 -0.333656
0.440281 1.499556
0.844288 -0.038295
6.588891 -0.803099
1.261798 0.330689
0.414792 -0.820251
8.731077 -0.364896
0.919360 -0.996047
0.961795 0.276913
10.205045 -0.251716
1.086419 2.496923
1.320911 0.527699
11.705647 -0.812558
0.830191 1.944843
0.826932 0.154187
13.304502 0.474614
1.180768 -0.945305
0.256704 -0.361336
14.769151 -0.183273
0.696797 -0.085935
2.694836 0.656334
0.826920 -1.290435
1.165510 0.593665
1.836623 -0.755951
2.252739 -0.982233
1.014069 1.350769
2.845773 -0.645327
3.551684 0.474030
0.803961 -0.286695
2.409564 -0.593103
5.030603 0.035467
1.068034 -0.326720
2.529020 -0.419974
6.546169 0.834678
0.979735 0.313093
1.822020 -0.126291
8.030583 0.015397
0.947654 -1.193625
2.581578 0.015051
9.539061 1.380012
1.213358 -0.650566
2.891582 0.669736
11.281061 -1.382833
0.855288 0.056698
2.818670 -0.356196
13.122846 -1.108059
1.042213 0.249522
1.840523 -0.315540
14.464816 0.056941
1.250227 0.004104
4.255919 -0.691810
0.780284 -0.012699
0.895702 0.569474
3.473225 0.351047
2.194130 0.169233
1.101748 -0.588115
4.293293 -0.439987
4.067824 1.120697
0.788887 0.153314
4.236361 0.247040
5.629109 -0.579629
1.488980 0.442273
3.982328 2.002698
7.183826 -1.075842
0.417117 -0.114868
3.503583 -0.616841
8.324309 0.917680
0.966977 -0.084704
4.174006 -1.395089
10.259388 0.562278
0.757532 -0.686881
4.444753 0.881890
11.911451 -1.081662
1.221408 -0.748741
4.260386 0.202341
13.480480 0.013870
0.991056 0.438777
3.392510 -0.873975
14.816560 0.406222
0.801702 -1.222736
5.788702 0.738387
0.762708 0.461437
0.583376 -0.003450
5.009735 -0.046882
2.139436 1.404665
0.789998 -0.104148
5.736696 -0.588634
3.472716 0.020069
0.960393 -0.282963
5.811284 -0.097385
5.079913 1.180861
0.597318 0.271273
5.537415 0.059194
6.595377 0.704033
0.958163 0.419645
5.466525 -0.662435
8.159082 0.495681
1.019287 0.388067
5.677805 -0.314462
9.704329 -0.549773
0.473308 0.219510
5.874984 -1.250360
11.188094 -0.203456
0.810159 -0.471912
5.818764 0.324762
12.927421 -0.158233
0.632460 -1.224805
5.165972 -0.796362
14.723077 -0.621164
1.137374 -0.705817
7.293586 0.321301
1.142051 0.564223
1.260896 0.160406
6.995381 1.084167
2.655334 -0.849299
0.795337 0.069931
7.296286 -0.333292
4.205612 0.176089
0.543969 -0.132518
7.295921 1.107428
5.731040 1.788066
1.116066 -0.118564
7.008214 0.198623
7.311500 -0.163584
0.740440 -0.846519
7.192830 -0.028239
8.918999 -0.458611
1.173748 -1.090678
7.198132 -1.343688
10.406256 -0.320770
1.138056 0.549362
7.140137 -0.109462
11.961164 0.456059
0.950603 0.684393
7.277961 1.823632
13.497471 0.518722
1.271066 -0.117389
7.092115 -0.731742
15.061667 0.453899
0.408985 -1.027478
8.686278 0.814786
0.610781 0.179211
0.185117 -0.046281
8.169786 0.594497
2.249668 -1.533972
0.401050 0.211001
8.787454 -1.175515
3.687304 -0.658901
0.746347 0.214584
8.830256 0.964324
5.218916 1.456314
0.107681 0.544133
8.247896 -1.185234
6.964908 -0.541103
0.921384 -0.073335
8.584531 0.570984
8.244177 0.815141
0.929662 -0.129791
8.818425 -0.163877
9.836333 -1.062680
0.141944 -1.112780
8.776148 -0.564940
11.352577 1.061394
1.027886 0.914495
8.733114 -0.309343
12.706027 -1.129178
0.484076 0.138864
8.521838 -0.028866
14.381725 0.446400
0.218810 0.480646
10.317933 -0.180001
0.740231 -0.096747
0.860505 0.086101
9.697530 -0.009904
2.476668 -1.125724
0.534549 -0.484672
10.264244 0.855833
4.134424 0.379841
0.010015 -0.292653
10.343794 0.898027
5.862936 0.722762
1.132717 0.272984
9.864316 0.605986
7.243569 0.358037
0.262849 0.608294
10.054402 -0.806674
8.781421 0.006951
0.722832 -0.134297
10.311275 -0.769279
10.285801 -1.379432
1.191178 -0.413070
10.108408 -0.063887
11.845177 -1.410574
0.341073 -0.002213
10.250036 0.694221
13.117645 -0.284513
1.079988 0.362684
9.940470 -1.408294
14.850028 0.918955
0.654083 -0.496650
11.868665 0.502708
0.476209 0.236433
15.323924 1.052537
10.899116 0.084907
2.548158 0.949881
0.446109 0.059886
12.010272 -0.144873
3.582250 0.583378
1.007754 0.163973
11.500412 -0.078094
5.069896 1.082247
0.223459 1.769562
11.731015 -0.554019
6.720854 0.007428
1.019472 0.044468
11.322994 -0.012039
8.099137 -1.177301
0.195457 0.021322
11.638741 0.978433
9.528073 0.759762
0.554582 0.763902
11.837811 -0.490865
11.082443 0.302938
0.519814 -0.706287
11.797786 -1.170142
12.696934 0.767217
0.373987 0.528320
11.343427 0.280287
14.388747 -0.286330
0.535681 -0.172771
13.385842 -0.185523
0.981664 -0.540722
0.027582 0.170999
12.354704 0.945148
2.026706 0.182237
0.288646 0.381627
13.482085 -0.247125
4.064030 -0.206801
0.880530 -1.029503
13.088211 -0.250943
5.506368 -0.526709
0.305173 -1.696532
13.310308 -0.415631
6.916869 0.203752
0.598387 -0.152417
12.827257 0.082029
8.416357 -1.289761
0.540322 0.015668
13.218410 0.658164
10.017249 -0.909702
0.624822 -0.399969
13.493924 0.400626
11.677353 0.091145
1.001379 -1.445254
13.293941 -0.756927
13.277919 -0.377673
15.310395 -0.472535
12.883170 0.147848
14.440155 -0.634548
0.574642 0.398874
15.017603 -0.702252
1.185394 0.367388
0.452627 -0.397109
13.919265 -0.813160
2.572801 -0.160296
0.435996 -0.937203
15.097394 0.741687
4.037567 -0.328777
0.263242 -0.320684
14.600899 -0.657417
5.620544 0.777779
0.927567 -0.619775
14.761673 1.078681
7.128508 0.000156
0.252426 0.373170
14.376007 0.006309
8.779155 0.482469
0.398192 0.760918
14.737340 -0.172526
10.471944 0.101718
0.907693 -0.664972
15.169367 0.766013
12.044263 -0.062547
0.199828 -0.061471
14.653661 -0.918892
13.450531 -0.481302
0.503463 0.749795
14.292665 -1.977550
15.077666 1.528414
2.112112 0.044584
0.353448 1.688346
0.936870 0.767324
2.743690 1.172324
0.946272 -1.623926
2.337261 -0.181055
2.055239 0.899254
0.350724 -1.019834
3.816046 -0.318149
3.105443 -0.470539
0.660395 -0.152011
5.175576 -0.169033
1.951807 -0.064802
0.663356 0.141488
7.006598 -0.086252
2.956435 -0.277348
0.876884 0.106111
8.348621 -0.263320
2.575522 0.021589
0.520840 -1.529767
9.868122 1.442004
2.537428 -1.292705
0.698842 0.607238
11.533710 1.323444
2.464805 0.372565
0.365279 0.416283
13.202850 -0.090059
2.647627 0.139254
0.989840 0.311198
14.710773 1.162056
2.266871 0.048005
2.033397 -0.643303
0.913588 0.987489
2.564369 -0.133075
2.642249 -1.184516
2.406579 0.492986
2.357289 0.058949
1.895867 -0.710666
3.955112 0.058176
2.740718 -0.193972
2.150569 0.437505
5.595881 0.226606
2.512212 -0.209901
2.382812 -0.273414
7.180400 -0.016631
2.340830 0.270135
2.409328 0.860900
8.737352 0.614569
2.137216 -0.179946
1.936291 0.066026
10.315392 0.630852
2.789547 -1.308876
2.356447 -0.583959
11.748528 -0.115568
2.045535 0.932107
1.878341 -1.406028
13.057825 0.142994
2.445636 -1.202792
2.619526 -0.410603
14.773558 0.062939
2.773957 -0.699571
3.604963 -0.536960
0.851174 -0.781776
2.290752 -0.081814
4.199629 -0.281785
2.286416 0.456832
2.668410 0.319846
3.521408 -0.406418
3.722815 -0.025686
2.180710 -0.346155
3.559771 0.227575
5.281523 -1.578188
2.927278 -0.065857
4.009545 -0.162102
6.625791 -0.261971
1.832614 0.019343
4.207122 1.062655
8.792784 0.200387
2.610969 -1.133659
3.435531 -0.172490
9.963959 -0.056985
2.349004 0.385435
4.034124 0.014118
11.690589 -0.079150
2.742976 -0.694401
3.434655 0.953800
13.167050 0.910429
2.344010 -0.274527
4.286762 1.059459
14.693111 0.197955
2.411858 -0.211107
5.363072 -0.763636
0.602811 -1.184519
2.134436 -1.285318
5.812739 -0.180369
2.120023 1.205496
2.426391 -0.103661
5.127927 -1.393194
3.639433 -1.770452
2.592788 -0.109114
5.160155 0.306447
5.345007 -0.565450
2.264762 -0.474273
5.504526 -0.201245
7.065040 0.667543
2.760145 -0.531971
5.590850 0.251858
8.587788 -0.292953
2.523865 0.822564
4.970285 -0.093575
10.169506 -0.066372
1.965660 -0.302822
5.620304 -1.004501
11.612206 0.771752
2.680122 -0.806225
5.062068 -0.279375
12.985689 0.541645
2.010535 0.350915
5.792899 -1.099137
14.352852 -0.641899
2.849823 -0.826227
6.990845 -0.551624
1.179461 0.008956
2.996954 0.089145
6.999122 -0.003136
2.803921 -0.363418
2.338423 -0.424969
6.610659 -0.891411
4.203209 -0.886780
2.029678 1.024785
6.658869 -0.034758
5.856136 -0.084128
2.876822 0.168678
7.194227 -0.543334
7.018377 -0.001833
2.262835 0.119725
7.130431 0.741102
8.574126 0.294051
2.657269 0.017349
6.609571 0.365484
10.124949 1.510305
2.945952 0.324168
6.833045 0.657365
11.658980 -1.299243
2.537905 -0.454545
6.771758 1.047692
13.274058 -0.505413
2.933537 0.744638
6.999164 -0.170782
14.965178 0.443842
2.230741 1.462063
8.404715 -1.426798
0.417316 0.592679
1.820529 -1.609134
8.497656 -0.584839
2.010674 0.014083
1.926375 0.910844
8.191667 0.422958
3.476162 0.402920
2.232484 -0.404392
8.062478 -1.078778
5.070346 1.164619
1.659099 -0.168205
8.462026 0.492948
6.573684 0.686536
2.403935 0.477848
8.759807 -0.212469
7.979577 -0.759966
2.461549 0.175065
8.287067 0.885911
9.699386 -0.152680
1.746462 -0.755551
8.449373 0.263543
11.287937 -0.148149
2.611219 1.302811
8.261651 0.265949
12.747163 -0.432662
2.036085 0.437919
8.449277 0.108526
14.248387 0.605560
1.642574 -1.187813
9.845712 0.103677
1.013555 -0.867972
2.517379 0.481744
9.872243 -1.229774
2.572960 0.462206
1.998349 0.478887
9.636924 -1.301963
4.070814 -0.546539
1.579110 0.512548
10.015301 -0.270840
5.643728 -1.991745
2.687684 -0.477224
10.306916 0.333484
6.712122 -0.573240
1.932807 0.842656
10.024634 -0.162608
8.846904 -0.584871
2.248052 -0.413148
9.737364 0.051966
10.420356 -0.357664
2.748268 -0.803013
9.734324 0.256838
12.004523 0.030294
1.957151 0.295530
9.835007 -0.010608
13.456356 0.252567
2.726813 -0.393194
9.869652 -0.538872
14.901294 -0.870460
2.262478 -0.148933
11.261303 -0.183690
0.487938 -0.469770
1.363481 0.753251
11.291017 -1.460716
1.842466 -0.359820
1.873763 0.198975
11.164592 -0.298819
3.389403 0.019289
2.586414 -0.420286
11.258041 0.254399
4.983871 -1.054553
1.729118 0.085503
11.516893 1.064091
6.437205 -0.220577
2.558203 0.605536
11.507131 0.349835
8.058616 -0.397619
1.857609 -0.125649
11.476354 0.835544
9.560792 0.863203
2.138236 0.756179
11.203579 0.424562
11.079479 -0.170362
2.106729 -1.157633
11.282535 -0.894420
12.709272 0.854559
2.024742 0.604782
11.330783 -0.082270
14.264431 1.147257
2.075541 -0.317301
12.721537 -0.495425
1.006172 0.246214
1.615410 -0.713250
12.799411 -0.346858
2.603565 -0.351300
1.873531 -0.903193
12.617179 -0.276214
4.199929 -0.859919
2.524667 -1.082729
12.985672 0.380450
5.737679 0.234064
1.903635 0.098211
12.999133 1.816113
7.241616 -0.393230
2.191550 0.735236
13.035810 -1.258982
8.772892 0.406291
2.055399 -0.340707
12.819983 -0.104849
10.350561 -0.963150
1.920121 -0.340505
12.650365 1.210673
11.933030 0.152003
2.480485 2.485034
12.720127 0.965851
13.357322 0.536782
1.470052 -0.598370
12.810717 0.311503
14.816901 1.243290
2.022273 0.443808
14.195956 1.092308
0.567101 -0.810083
2.173757 -0.308657
14.585512 -0.348498
2.269991 0.625387
1.738720 -1.223416
14.168009 0.696979
3.753217 0.976631
1.835981 -0.233327
14.675590 0.151217
5.274457 -0.231731
2.430195 1.559955
14.357135 1.599947
6.681659 0.769618
2.119180 1.288713
14.552969 -0.021377
8.142658 -1.099591
1.733384 0.030139
14.368571 -0.327190
9.619015 -0.320697
1.945805 -0.437032
14.325468 -0.644974
11.101399 0.272180
2.164189 -0.562173
14.245225 0.186580
12.634950 -0.107867
1.927824 -0.668671
14.418856 0.780812
14.194520 -0.335689
3.770526 0.305643
0.859610 0.967851
0.560126 0.310816
4.382442 0.439849
0.461168 0.561513
2.118705 -1.188900
3.743018 0.324386
0.698962 0.200365
3.636573 0.231808
4.702091 0.199905
0.345282 -1.071998
5.011347 0.130244
3.450860 0.811994
1.000133 -1.124094
6.769560 0.748098
4.591462 0.276592
1.234533 -0.335020
7.871906 0.090673
4.266790 0.701717
0.797568 -0.673200
9.446064 0.324481
4.138238 0.015427
0.719684 1.027735
11.034396 -0.222723
4.056807 -0.113971
0.924495 -0.637521
12.673711 -0.012533
4.230244 -0.610116
0.599943 -0.001214
14.285570 -0.182068
3.950094 -1.111747
2.446353 0.125351
1.198779 -0.437353
4.150865 -0.120714
2.006052 -0.019729
2.730465 -1.842263
3.967772 -0.740597
2.310949 -0.665421
4.263482 -0.412848
4.490530 0.109754
1.751858 -0.176452
5.719402 -0.484030
4.123447 -1.547154
2.754238 1.026935
7.026874 -0.256756
3.932330 0.767691
2.395602 -0.363780
8.707915 -0.104185
3.664377 -0.221776
2.172139 -0.345932
10.264900 0.161425
4.380008 -0.128393
2.312979 -0.699217
11.738416 -0.563900
3.508742 -0.241496
2.081038 1.385043
13.584248 -0.918316
4.407157 1.070428
2.079630 0.545415
14.974339 -0.495562
4.308927 -1.070385
4.186769 -0.699811
0.603241 -0.179449
3.980805 -0.247115
3.615677 -0.870205
2.448275 0.563860
4.127872 0.574676
4.090966 -0.211434
3.986183 0.414075
4.010552 0.276095
3.383584 0.636417
5.471546 -0.283714
4.538958 -1.000072
4.339553 -1.439845
6.666502 0.385880
3.328009 0.481563
3.820466 -1.232674
8.191171 -0.288531
4.536712 -0.221814
3.814754 -0.854973
9.552516 0.732996
3.812047 -0.402998
3.747708 0.285808
11.002975 0.720729
4.256563 -0.990426
4.128004 0.613278
12.885229 0.491362
3.780371 -0.939551
3.490442 -0.620532
14.490100 -0.044062
3.904482 -0.671086
5.815079 0.085196
0.523106 -0.679303
3.709755 -2.248755
5.192536 0.193222
2.065116 0.482093
3.913432 -0.027148
5.675161 0.669919
3.682122 -1.475172
4.271482 -0.383601
5.113395 -0.452369
5.253603 0.949798
3.813435 1.081642
5.692485 -0.446113
6.841797 0.744958
4.289854 -0.420849
5.137220 -0.988958
8.289557 0.599353
4.024805 -0.348662
5.553071 0.637299
9.883509 0.422702
3.694949 -0.266279
5.364745 -0.242931
11.510319 -1.106111
4.154472 0.974670
5.884464 0.843921
12.978325 1.019204
3.789331 -0.165677
5.143682 -0.345426
14.369342 -0.613234
4.473824 -0.200743
7.338279 0.383899
0.522079 0.549930
4.381571 0.440576
6.850211 -0.200643
2.080215 -0.711684
4.220678 -1.347387
7.216600 0.662659
3.794893 0.138364
3.675745 0.708176
6.497142 0.278923
5.259907 0.171315
4.508041 -0.182753
7.140649 -0.703029
6.589478 -0.491861
3.902560 0.862168
6.736039 1.221982
8.215393 -0.510035
4.103926 -1.158292
7.220730 -0.528402
9.805499 0.767233
4.592578 0.034046
6.854170 -0.856581
11.307675 -0.316710
4.132353 -0.420070
7.475331 -0.239795
12.771578 -0.299222
4.461530 0.312217
6.790879 -0.199482
14.280339 -1.342537
3.834662 0.438750
8.790480 -0.535098
0.464230 1.276105
3.376994 -0.118290
8.393141 -0.430692
1.977717 -0.034076
3.401795 -0.581829
8.689711 0.197909
3.701986 0.268768
3.819702 -0.441522
8.044393 -0.181731
5.250116 0.394610
3.281160 0.989633
8.659678 0.465433
6.662136 -0.027132
3.782949 -0.165210
8.367666 -1.650275
8.629223 -0.071591
3.932325 0.969801
8.919417 -0.110147
10.107167 0.304949
3.352168 0.603453
8.293173 0.433506
11.327037 -0.225675
3.935352 0.606347
9.051255 0.934821
12.960240 0.070149
3.692509 -1.741780
8.167143 -0.802552
14.327521 -0.402086
3.264690 0.177246
10.103567 -0.658657
1.011571 -0.582285
4.136697 0.176065
9.849094 0.747613
2.336594 -0.663813
3.692462 -0.109421
10.282801 -0.073204
3.837396 0.084373
3.114640 0.635649
9.584676 0.253550
5.262766 -0.054480
4.248699 -0.542294
9.930249 -0.904152
6.560046 0.190890
3.427531 0.051509
10.011668 -1.086215
8.056790 0.096674
3.448469 0.106628
10.335654 0.331931
9.627299 -0.953503
4.052077 -0.205066
10.284053 0.717140
11.256300 0.339608
3.401516 -0.431062
10.544669 0.956515
13.291806 -1.928052
4.219165 -0.563556
9.768231 -0.219887
14.490594 -0.764381
3.896594 0.817541
11.653856 -0.473975
1.037362 -0.311183
2.944116 -0.728809
11.481551 1.245214
2.235023 -0.399309
3.358037 -0.910666
11.815972 -0.880154
3.735626 -0.537244
3.975078 0.404210
11.326326 -0.742732
5.510422 -1.961569
3.212075 0.952938
11.864220 1.028552
6.733960 -0.441967
3.910486 -0.364461
11.745836 -1.024922
8.869457 1.073856
3.406257 -0.191794
11.776543 1.289155
10.352141 -0.682923
3.452995 -0.093778
11.751590 0.487000
11.927713 0.856803
3.936923 -0.266654
11.953231 0.162701
13.478079 0.844735
3.577656 -0.793375
11.325961 -0.047965
14.815260 0.143056
3.788002 -0.242710
13.228798 -0.028902
0.621209 0.283390
3.068426 -0.144154
13.174306 -0.245326
2.091775 0.375351
3.105341 -0.638437
13.351600 -1.087783
3.577422 1.093479
3.867809 -0.976652
12.887810 -0.323268
4.876008 -1.243762
3.998038 -0.757975
13.286250 -2.404700
6.460148 -0.328108
3.527579 0.176549
13.088747 -0.762738
7.931182 -0.066089
3.686913 -1.004346
13.168961 -0.118978
9.631845 0.619099
3.247143 0.987034
13.295805 0.343206
11.255513 -0.537929
3.890584 0.155684
13.338128 0.787298
12.686575 0.468176
3.004697 -0.647645
13.194525 -0.389307
14.731402 1.907762
3.438622 0.410714
14.701887 0.145678
1.338842 -0.680376
3.937973 0.409357
14.433661 -0.541835
2.777043 0.471730
3.268728 -1.526160
14.654699 -0.259941
4.248412 0.614871
3.635023 0.273987
14.700189 0.695483
5.779049 -1.017898
3.749652 0.595951
14.830918 -0.457506
7.391852 0.899248
3.509547 0.234054
14.609572 -0.181252
8.881329 1.038529
3.308115 -0.567336
14.696653 -1.345739
10.446493 -0.713004
3.563423 0.406241
14.814000 1.683707
11.958358 -0.344364
3.447253 0.108709
14.542066 0.474533
13.675018 -0.133570
3.392446 1.546396
14.822402 0.262629
15.169162 -0.247226
5.269381 0.271386
1.338582 1.266175
1.143182 -0.303070
5.939519 1.101866
0.664473 0.390133
2.404323 1.340373
5.261466 -0.254729
1.296688 0.588522
3.823005 1.540690
6.076332 0.295261
1.030111 -0.487633
5.513676 0.245406
5.000118 0.254297
0.349433 0.328774
6.598776 -0.819064
5.923967 -0.872117
0.921697 0.810230
8.878434 -0.995215
5.632923 -0.269233
0.506731 -0.138473
10.337072 0.212541
5.581384 0.025485
0.812712 -1.355175
11.926802 0.468644
5.622776 -0.059359
0.906817 0.097862
13.509542 -1.661517
5.605344 0.812305
0.773422 0.054927
15.087097 -0.600870
5.447737 -0.094259
2.903115 0.060727
0.664391 0.335421
5.639920 0.779253
2.386892 1.375340
2.423863 0.002728
5.603052 1.157152
2.880228 -0.197075
4.007083 0.926902
5.783809 0.294391
2.693743 -0.504469
5.538431 -0.905705
5.573708 0.825150
2.245839 0.306790
7.043397 0.279078
5.481973 -0.285642
2.470998 0.670907
8.733246 -0.060788
5.215524 -0.517152
2.126841 0.019151
10.271414 0.843475
5.952779 0.190356
2.436260 -0.628490
11.658751 -0.828675
4.914788 -1.640230
2.492641 -1.419892
13.207166 1.398162
5.904561 0.096525
2.402472 1.120625
14.507916 0.784749
5.961625 -0.196235
4.376736 0.149281
0.586106 0.184341
5.493248 -0.358302
4.022559 -0.462612
2.032318 -0.314078
5.627833 0.994654
4.325264 0.768107
3.512736 0.285737
5.606605 1.072870
4.188914 0.174187
5.113313 -0.681818
6.044636 1.001522
3.961741 0.110598
6.706640 0.330192
5.217706 1.499868
3.827437 0.517575
8.046148 0.562567
6.000522 -0.488864
3.622873 0.798089
10.192301 0.373503
5.199193 0.286876
3.890074 2.039891
11.607596 0.718176
6.025660 -0.525219
3.802317 -0.443873
13.007326 0.011690
5.218234 -0.253087
3.920431 1.709472
14.463961 0.090532
5.238577 1.230682
5.585802 0.152106
1.228988 0.545493
5.369639 0.140624
5.658693 0.705591
2.744223 0.002808
5.470222 0.376692
5.735555 -0.075760
4.350998 -0.276053
5.790165 -0.831000
5.644907 0.496567
5.945392 -0.013334
5.501843 0.604970
5.595204 -0.916365
7.433055 -0.908538
5.754312 -0.069836
5.125812 0.201259
8.973533 0.320613
5.336236 -0.151363
5.018431 0.672335
10.471018 -0.135023
5.384902 0.589882
5.565967 -0.402662
11.924372 0.387399
5.531582 0.578368
5.259592 -1.054837
13.502112 0.800810
5.336446 -1.251078
5.509676 -0.235756
15.022819 -0.755448
5.961555 0.629193
6.833999 1.319275
0.527430 -0.158303
5.954110 -0.101102
7.085126 0.462848
1.960740 0.616192
5.813739 -0.636999
7.097553 -0.589814
3.488342 1.104903
5.428006 -0.346801
7.066707 -0.384777
5.134629 -1.413510
6.051084 -0.097268
7.050119 0.118690
6.866542 -1.480912
5.399738 -0.500561
6.996557 0.219670
8.356521 -0.766028
5.674860 0.416009
6.562740 -0.101356
9.926805 -1.535483
6.236473 1.105170
7.226865 -0.441025
11.337934 0.190477
5.655453 0.704004
6.914144 -0.205359
12.783848 -0.118092
5.956552 0.327419
7.057162 0.202718
14.342533 -0.876422
5.402313 -1.680299
8.596336 -1.857404
1.178862 0.040639
4.830759 0.241634
8.401506 -0.148986
2.666169 0.576772
5.046800 -0.472358
8.553368 -0.258557
4.297508 -0.741234
5.171628 0.841671
8.544643 1.157777
5.854517 0.851332
4.761471 0.474313
8.533596 0.299718
7.321723 0.780999
5.438176 -0.728786
8.644851 -0.028499
8.694514 -0.573853
5.391591 -0.226973
8.084519 -0.633040
10.185776 0.174729
4.886992 -0.316943
8.674222 -0.145871
11.651338 -0.111691
5.496649 0.424417
8.462703 0.520816
13.254376 0.312671
5.304981 -0.372657
8.476672 -0.204983
14.874394 1.781979
4.919739 -1.444783
10.228882 -0.667264
0.565769 1.418022
5.601933 -0.423925
10.243013 0.364023
2.041768 0.659257
5.406582 0.640041
10.023551 -0.915922
3.631289 0.688068
4.771176 -1.193074
9.934023 -1.750675
5.037621 -0.173283
5.728192 0.367625
10.119589 -0.660046
7.225742 -0.674581
4.907971 1.259861
10.264384 0.156456
8.627239 -0.277965
5.295581 -0.021860
9.712506 0.184456
10.077742 0.146038
5.786763 -0.076655
10.248535 -0.913781
11.623405 0.703335
4.906543 -0.131220
10.229639 -0.416763
12.940881 -1.781648
5.695621 0.193075
10.216409 -0.016064
14.450990 -0.100464
5.551628 -0.429317
11.744407 -0.014283
1.387209 -0.422084
4.647874 -0.601209
11.528563 0.816611
2.783048 -0.280122
5.029069 -1.438091
11.609927 0.295097
4.317246 -1.440700
5.407580 0.227894
11.120739 -0.674501
5.979521 -0.094741
4.513372 0.491347
11.312771 0.411137
7.429346 0.290373
5.449600 -0.670791
11.925290 -0.672307
8.729890 -0.495388
5.027723 -0.041140
11.390835 -0.107243
10.251927 -0.090054
5.057768 0.241383
11.673096 0.491492
12.019455 0.232609
5.489505 0.949621
11.662004 -0.338975
13.606481 0.900601
5.122375 0.421367
11.815505 0.515755
15.184328 -0.249909
5.396986 0.738522
13.340996 -0.864505
0.575764 0.891002
4.604341 -0.137248
13.066382 -0.319531
2.075369 1.190019
4.928833 -0.413753
13.255058 1.310312
3.655326 -0.258267
5.513435 0.459514
12.697467 0.072976
5.516163 -0.374697
5.337028 -0.289669
12.628717 -0.528922
7.113227 -0.438012
5.093332 0.262254
13.519356 1.285483
8.545857 -0.624840
5.732894 0.190983
13.025793 0.549773
9.980360 -0.189816
4.786559 0.119780
13.055054 -0.165437
11.205603 -0.540477
5.470075 -0.329758
13.114884 -1.321819
12.993211 0.907594
4.551694 -0.103014
13.187171 0.262135
14.427613 -0.481553
4.928092 0.028994
14.952097 -0.850897
0.631858 0.536798
5.579496 0.097669
14.465636 0.468275
1.980332 0.711381
5.149994 0.456385
15.013586 -0.445575
3.598004 0.138350
5.018766 -0.563963
14.114388 -0.014904
5.096316 0.361474
5.352834 0.838634
14.191414 0.644055
6.754739 0.965774
4.998558 1.066685
15.103106 0.040066
8.379431 0.515664
4.796812 -0.516470
14.473502 0.000821
9.913575 0.215103
5.274301 1.093663
14.561390 0.715192
11.418313 0.230184
4.823055 0.232995
14.889243 0.695086
12.935497 -0.974579
5.231761 1.632297
14.587692 0.308678
14.489292 -1.088467
6.671572 1.571019
0.266311 0.928139
0.838280 -0.662232
7.469298 0.921739
1.126146 0.037771
1.968848 0.636254
6.604328 0.062546
0.543620 0.536383
3.832471 -0.142812
7.506828 0.858778
0.551376 -0.357732
5.130849 -0.806612
6.311877 -0.491561
0.866680 0.532487
7.298501 -0.614545
7.461905 -0.727162
0.741144 0.784743
8.512776 1.526780
7.266851 -0.374288
0.788394 0.961336
10.120524 0.002165
7.239942 -0.190070
1.056112 0.867642
11.680512 -0.544398
7.152780 -0.520747
0.623779 -1.156221
13.150305 -0.438678
7.323395 0.979691
1.187934 -0.931928
14.623410 0.786341
6.713542 -0.149970
1.889168 0.154898
0.495119 0.180658
7.074308 0.405358
2.735225 0.047793
1.702357 -0.951645
7.060834 -0.620840
2.146247 0.996831
3.207149 -1.392399
7.108506 0.038783
2.077716 0.355644
4.779906 -0.098944
7.149949 -0.357440
2.135432 -0.228514
6.420689 -1.230990
6.958429 -0.014478
2.172300 -0.017906
8.024245 0.870077
6.855381 1.339863
2.294497 -0.791785
9.818122 0.352018
7.375035 0.595442
2.556174 0.000383
11.405292 0.515791
6.629273 0.421464
2.269214 0.932472
13.074917 0.034032
7.478029 -0.053645
2.696517 1.303382
14.502709 1.191036
7.498297 -0.427569
4.028414 -0.251194
0.775404 1.311736
7.032003 0.878190
4.042318 -0.319172
2.522678 -0.790794
7.274906 1.176118
3.626381 -0.452970
4.055937 -0.111385
7.286445 -1.461634
3.532516 -0.124830
5.627979 -0.155122
7.439353 0.439249
3.524702 -0.885260
7.276640 -0.257732
6.771013 0.927323
3.658709 -1.141862
8.734392 -0.425849
7.623741 0.423565
3.787459 1.103243
10.323518 -0.455470
6.904352 -0.541113
4.042429 0.938338
11.655940 -0.188019
7.614758 -0.448603
4.005418 -0.045604
13.177921 -0.015891
6.781801 0.245577
4.095406 0.393754
14.618010 0.404273
6.987590 -0.459361
5.585313 0.672743
0.237342 0.739604
6.819374 0.078644
5.489098 -0.019271
1.788821 0.228989
6.891714 -0.982106
5.431987 -0.767206
3.383309 -0.781440
6.951428 -0.335658
5.088564 0.069145
4.882017 -1.427443
7.324880 -0.791268
5.053219 -0.626283
6.397836 -0.564367
6.958299 -0.213976
5.038875 0.570911
7.907609 -1.076774
7.360744 0.006860
5.054932 0.245887
9.558795 -0.125101
6.843487 1.620152
5.559986 0.620082
10.939802 -0.997522
6.917066 -0.639940
5.393294 0.281027
12.538482 -0.359313
7.063785 -1.145901
5.548831 0.118373
14.068253 0.753992
7.617293 -0.676446
6.969143 0.481348
1.127089 -0.647360
7.410142 -0.547958
6.869881 -0.887971
2.724493 1.293147
7.154997 1.428788
6.792439 0.137269
4.289021 -1.147250
7.144828 0.313617
6.619658 -0.160889
5.830145 -0.182386
7.518052 0.370991
6.522997 -0.674535
7.386723 0.413206
6.888402 -0.799769
6.421509 -0.884866
8.871222 0.168869
7.648571 0.599926
6.827262 0.985632
10.169679 -1.214316
7.628826 0.952246
6.696740 -0.525506
11.805502 1.646403
7.205342 -0.062005
6.847889 0.068772
13.280532 -0.716760
7.439741 0.179468
6.935043 -1.511303
14.939318 -1.148557
6.784771 0.040805
8.176535 -0.855153
0.247882 -0.376731
6.996203 -1.075207
8.393438 0.148650
1.971760 -0.879083
6.342543 0.176500
8.630659 -0.720485
3.349590 -0.952928
6.741385 0.562902
8.159948 0.931728
5.088297 -0.642028
6.388325 0.954286
8.660454 -0.409619
6.879629 -0.098113
6.870064 0.032038
7.873002 -0.263236
8.186086 0.333921
6.958875 0.601063
8.366113 0.104043
9.727242 0.242479
6.376834 0.733212
8.806002 0.571260
11.281047 0.530836
7.160378 -0.348246
8.200483 -0.903050
12.545106 1.137364
6.996079 0.092029
8.302858 -0.088932
14.065234 -0.316881
6.624675 -0.936320
9.615521 -0.170994
0.968045 1.651292
7.023746 0.717471
9.946118 -0.891978
2.628063 -0.928078
6.952825 -0.481892
9.824929 -0.845472
4.227337 -0.438258
6.239542 -0.081863
9.758851 0.701970
5.608780 0.369716
7.321094 -0.344842
9.911081 0.949943
6.831825 1.287541
6.723346 0.503419
9.671950 0.935512
8.660797 0.289896
6.812057 0.014350
10.080293 1.283312
10.447011 -1.739818
7.552548 -0.384471
9.762715 0.236836
11.878170 0.412838
6.518365 0.372996
9.714429 -1.072835
13.109243 -1.339335
7.126686 0.224698
9.708547 -0.364205
14.801735 0.045504
6.627261 -0.415857
11.028893 -1.020722
0.259420 -1.347986
7.014760 -0.225616
11.472445 1.211825
1.847393 -0.383670
6.405226 1.065687
11.370465 -1.397323
3.353272 -0.333688
6.582006 1.076553
11.353564 -0.129283
4.975903 0.029260
6.638990 -0.939302
11.818137 -0.514442
6.563986 0.187753
6.622955 -1.459382
11.206817 -1.105090
7.970059 0.333565
6.708988 -0.205269
11.408370 1.430663
9.540480 -0.188214
6.403938 0.875982
11.790355 -0.501533
11.099945 -0.033894
6.815138 -2.183422
11.331149 -0.774549
12.591703 -0.133346
6.915693 0.027032
11.592622 1.037336
14.161951 -0.969525
6.839756 0.422213
12.540944 -0.646538
0.540550 -0.682713
6.172651 -0.437477
12.814052 -0.756845
2.534488 0.726003
6.513762 0.237532
12.781619 -0.515402
4.189061 0.379356
7.003346 -0.590236
13.216791 1.583942
5.708592 -0.893204
6.945220 -0.571824
13.364306 -0.077243
7.370720 -0.170647
6.947674 0.625711
12.969404 -1.470395
8.903282 -0.364049
7.255762 -0.380721
13.178111 0.221947
10.442343 -0.417093
6.401925 -0.335920
13.298199 0.047494
11.749132 -1.355048
7.222329 -0.466261
13.046169 -0.247089
13.215962 -1.103199
6.315804 0.766695
13.310026 -0.017430
14.520476 -0.217353
6.805823 -0.975311
14.136235 0.510601
0.592387 -1.481374
7.339818 0.782243
14.958872 1.069459
2.276108 -0.178262
6.517449 0.131392
14.184808 1.224549
3.349459 -0.730799
6.505387 0.718017
14.613341 -1.614448
4.898179 -0.517431
6.788849 -0.409585
14.917171 0.664800
6.443260 0.457976
6.501351 -0.458190
14.787500 -0.677577
8.084025 0.823649
6.411996 -0.750219
14.568138 -0.238441
9.739740 0.266643
6.951681 -0.949804
14.827927 -0.114512
11.582554 -0.181690
6.317937 -2.037958
14.504072 -0.279388
13.066577 0.090023
6.773013 -0.251604
15.037798 0.380954
14.572110 -0.001934
8.416090 -0.373489
1.134337 0.784845
0.617345 -0.792623
8.981200 -1.705471
0.443119 0.535692
2.130728 -0.417867
8.126203 0.499587
0.654352 0.455138
3.481789 -0.310916
8.949835 -0.502007
0.857885 1.021141
5.317070 1.664830
7.890574 0.145308
0.754963 -0.509600
6.774853 -0.028211
8.915956 0.118972
0.576836 -0.025698
8.264166 0.964288
8.886045 0.089115
0.931261 0.976315
9.853583 -0.720430
8.588291 0.088776
0.322814 0.662182
11.449693 -1.166587
8.722901 -0.937308
0.868089 -0.966802
13.078676 0.704586
8.487479 0.255650
0.172916 0.736096
14.659805 0.618615
8.174594 -0.936876
2.620044 0.050134
0.515791 -0.001367
8.788090 -0.118571
2.031148 1.185121
2.494708 -0.560618
8.548505 -1.126521
2.170660 -0.296645
4.096464 0.188454
8.625795 0.355891
2.469342 -1.029099
5.636366 -0.457651
8.659217 -0.106980
2.324076 0.055814
7.200654 0.226340
8.347633 0.232336
2.385732 0.001508
8.727634 1.927769
8.454742 -0.016232
2.443839 0.546428
10.258760 0.354287
8.995488 0.710902
1.837333 0.487322
11.571632 0.945866
8.139856 0.155767
2.352408 -0.753748
12.945804 0.945792
8.937216 -0.497703
1.713636 -0.411942
14.447445 0.644566
9.059648 -0.259251
3.957675 0.833224
0.511775 -0.480343
8.630543 0.061942
3.475317 -0.758531
1.930264 -1.046781
8.856812 -0.467938
3.673819 0.076182
3.520305 -0.314800
8.669087 -0.367516
4.146242 -0.364729
4.975684 -0.098042
8.825588 -0.697888
3.971185 0.617588
6.596552 1.090716
8.312758 0.547487
4.097615 -0.244855
8.472819 0.230915
9.085359 -0.407143
4.046824 0.564902
9.890173 0.074384
8.649831 0.470684
3.430280 0.167256
11.666868 -0.426984
9.156775 0.060835
4.083296 -0.349963
13.114941 -0.835313
8.895363 -0.354343
3.270320 -0.265779
14.405698 -0.627763
8.363408 1.003755
5.470312 -1.762804
0.999463 -1.085329
8.377028 0.937417
4.979055 0.218922
2.567334 0.802582
8.300089 0.039469
5.493587 -0.215279
4.095328 -0.108622
8.570117 0.409461
5.697193 0.306929
5.719954 0.474067
8.637294 0.164045
5.354368 -0.364613
7.351931 -0.018406
8.555169 -0.718018
5.733339 1.066738
8.846073 -0.137133
8.650554 -0.095779
5.500513 -0.105733
10.495399 -0.696568
8.331641 -1.137630
4.958136 0.260130
11.895074 -0.064696
8.583143 0.593441
5.654424 0.609150
13.276279 0.171256
8.359110 -0.128733
4.785412 -0.180921
14.720129 -0.215119
9.116531 -0.630844
7.005025 0.342229
0.780791 -0.602861
8.852224 -0.097119
6.372677 0.115231
2.305227 0.511014
8.808585 0.664657
6.978864 -0.074421
3.755422 -0.445053
8.531082 0.689872
7.286332 -0.204202
5.238637 -0.149170
8.961615 0.463288
6.985946 -0.172791
6.933601 0.899397
8.346025 0.442759
7.300879 0.703056
8.663342 -0.048202
9.257222 0.574616
7.144243 -0.157073
10.129120 -0.194860
9.124706 0.209390
6.606206 -0.160139
11.713243 -0.216575
8.726978 0.257478
7.249018 -0.544099
13.190842 1.105536
8.784231 0.211013
6.343589 -0.706138
14.733297 -0.096494
8.188837 1.216568
8.668447 -0.172038
0.761693 -0.559237
8.673782 -0.326268
7.903223 -1.128857
2.194767 0.466141
7.851896 0.047876
8.336592 0.448314
3.660458 -0.537359
8.110596 -1.290788
8.898285 0.767080
5.294111 0.767498
7.726710 -0.860803
7.943397 1.163700
6.615231 -0.433571
8.141334 -0.482320
8.814529 0.758194
8.072885 -1.054916
8.527289 0.409645
8.711341 0.043542
9.673863 1.959528
7.894907 0.111419
8.219608 -0.348308
11.048508 0.355667
8.394071 0.872391
8.778877 0.355637
13.303456 -1.077358
8.638914 -0.683193
8.000090 1.136337
14.703841 0.481076
7.968391 0.909708
10.334928 -0.651578
1.042045 0.319239
8.408281 0.640094
9.402915 0.661539
2.253337 -0.466356
8.472710 -0.569256
10.003211 0.639140
3.733943 -0.138373
7.773443 -0.226896
10.446996 -0.786782
5.398281 -0.787721
8.772916 0.660169
10.274290 0.582699
6.628056 -1.221479
8.060719 0.771159
10.457294 0.661567
8.127439 0.789081
8.024068 0.099629
10.242838 0.144722
9.638564 0.664252
8.801997 0.001036
9.688987 0.684590
10.938249 0.113159
7.973825 -1.238454
10.330104 -0.018468
13.491480 -0.161661
8.628315 -0.267342
9.548183 -0.149994
14.801479 0.095292
8.279380 -1.052684
11.877697 0.004281
1.009348 -0.020736
8.229343 1.061807
11.177328 0.678451
2.650637 0.506732
7.929986 -0.995738
11.605007 -0.047799
4.130367 -0.606364
8.371821 0.125378
11.856777 -0.571915
5.660777 0.243589
7.961579 0.086904
11.799603 0.705259
7.319849 0.414834
8.187909 0.113176
11.787799 -1.123793
8.986259 0.546648
7.975434 -0.104024
11.512322 0.557280
10.604422 -2.091186
8.475508 -0.935138
11.048830 1.845450
12.013068 0.041143
8.483912 0.580382
11.842975 -0.739247
13.409605 -1.736980
8.263338 -1.611282
11.087124 0.305389
15.001232 0.374441
8.655139 0.032465
13.418242 0.710903
0.596564 1.516410
7.548618 0.333201
13.300615 -1.123486
1.777463 0.281427
7.841997 -0.712508
13.013989 1.010297
3.314023 -0.408103
8.403517 -0.039245
13.169332 1.371050
4.778871 0.131274
8.454522 -0.211935
13.182330 0.240376
6.556486 -1.008289
8.467341 -0.358722
13.121839 -0.127402
8.138727 1.532474
8.626831 -0.597342
13.181936 0.368601
9.832442 -0.507709
7.883325 0.834163
12.541903 -1.560311
11.891139 0.385634
8.864773 0.505229
13.450926 0.927975
13.261947 -0.456645
7.961772 -0.651016
12.627372 -0.541301
14.707519 -0.115313
8.168617 0.403156
14.897702 0.933424
0.851469 -0.577490
8.741162 -0.169320
14.221592 1.408423
2.503945 -1.956634
7.995554 -0.516113
14.574005 -1.071805
4.069686 -0.186682
8.176148 -0.268950
14.553270 -0.742795
5.749385 -0.834796
8.189914 -0.294324
14.685658 0.882524
7.323017 -1.031555
7.897390 -0.185407
14.499141 0.149600
8.866982 1.095758
7.904795 0.058597
14.773724 0.041690
10.372426 0.038923
8.662721 -0.177339
13.865020 -0.856473
11.418615 0.397264
7.872160 1.118756
14.658739 0.826928
12.905765 -0.925730
8.034781 0.660224
14.121414 -0.362600
14.543085 -0.902327
10.067281 0.211963
1.053107 0.510675
1.106543 -0.075322
10.443032 -0.189579
1.219733 -0.384141
2.561175 -0.142810
9.713380 0.608209
0.828747 0.985395
3.954463 -0.276605
10.573597 0.980203
0.607915 0.185241
5.519560 -0.069926
9.508716 0.082381
0.783512 -0.809053
6.827147 0.012603
10.498071 -0.480170
0.603157 1.175145
8.866752 0.784921
10.388027 0.469618
0.965305 0.042857
10.374141 -0.329962
10.347681 0.262133
0.956971 0.202437
11.966301 -0.283816
10.330310 -1.375893
0.976916 -0.628447
13.499396 0.771306
10.311450 -0.109471
0.840896 -1.832669
15.004255 -0.575150
9.798658 -0.912044
2.446207 0.172952
0.305404 -0.914809
10.225164 -1.063114
2.691078 0.885933
1.861474 0.038798
10.147570 -0.713750
2.557198 -0.491646
3.461916 -0.474757
10.048454 0.344328
2.026910 -0.513251
4.969313 -1.668077
10.364809 0.004586
2.209935 0.128044
6.676388 1.005472
9.876778 0.298248
1.803460 -0.589730
8.201978 -1.281126
10.014503 -0.433924
2.442979 -0.606762
9.783760 0.491243
10.689326 0.094894
2.551611 -0.945374
11.376684 -0.606058
9.746881 0.143050
2.382352 -0.489982
12.834261 -0.057415
10.520950 1.328372
2.608150 -0.570501
14.232714 0.313349
10.565550 -0.294255
3.890008 -0.523032
0.818894 -0.173231
10.052308 0.402846
4.222507 -0.736706
2.358267 0.738374
10.529713 0.645208
4.123322 -0.221913
3.989883 0.018858
10.332080 -0.462370
3.441134 -0.429302
5.519416 1.339800
10.350326 0.338694
4.022027 0.613375
7.047184 1.161427
9.746080 0.150757
3.351996 -0.118946
8.332355 -0.048753
10.631658 -0.478105
3.978830 1.823766
9.888202 -1.100641
9.977721 0.394640
4.167090 0.326616
11.378446 -0.070845
10.723967 -0.997255
3.716642 0.762411
12.875313 -0.564749
10.273784 -0.316526
4.223790 -0.278629
14.519167 -0.136060
9.858611 -0.583562
5.386557 0.257834
0.318248 -0.874709
10.140152 -0.329089
5.718374 0.517640
1.832602 -0.168196
9.807803 -0.867807
5.602354 -0.660761
3.536051 -0.458658
10.072907 0.788739
5.055063 1.099092
5.242817 -0.814388
10.226413 0.748425
5.759780 -0.131829
6.806190 1.175676
9.935428 -0.562773
4.909612 0.103478
8.314744 -0.827406
10.143494 -0.724182
5.660307 -0.316887
9.640162 -0.319300
10.419592 0.738501
5.847824 0.229201
11.069951 -0.379399
10.078158 0.754494
5.202366 1.012976
12.591836 -1.212440
10.129512 2.081400
5.755722 -1.117507
14.150750 0.290042
10.745312 -0.532025
6.808171 -1.123811
0.577062 -0.299131
10.214973 0.442428
7.293295 -1.158999
2.234619 0.543990
10.426942 0.244581
7.157136 -0.673838
3.843184 -0.281871
10.097425 0.443430
6.691706 -0.029034
5.418746 -1.114018
10.533675 0.484531
7.379610 -1.056692
6.839234 0.709747
9.901869 -0.409782
6.668266 -0.155672
8.263926 -0.169569
10.868045 -1.217062
7.158854 -0.697711
9.639812 -0.187016
10.679279 0.667410
7.421367 0.302188
11.414643 0.034362
10.293561 -0.277011
6.776483 0.650910
12.962326 0.303614
10.099693 -0.113339
7.347832 -0.162279
14.532730 -0.411835
9.810067 -1.086850
8.390913 -0.527458
0.609550 0.861949
9.924420 -0.738940
8.999443 0.881682
2.055998 1.301377
9.507719 -0.474786
8.523556 0.341033
3.741358 0.569865
9.766443 -0.215841
8.287587 0.573342
5.364802 0.273622
9.279189 0.724311
8.624389 0.318115
6.844469 0.223726
9.727221 0.431024
8.228073 -1.016422
8.647645 -0.314063
10.061818 -0.039084
8.586762 0.777392
10.247777 -0.096021
9.205893 0.062309
8.306270 -0.110065
11.815835 0.357968
10.134372 -0.622138
8.354833 -0.314588
13.089017 -1.297508
10.101669 -2.019508
9.007073 0.052397
14.451063 0.144173
9.507268 -0.940609
10.037683 -1.298734
0.634720 0.028837
9.524512 -0.300675
10.582795 0.378360
2.069098 -0.938299
10.145279 0.532504
9.967585 2.322447
3.457974 -0.885551
9.344722 -0.397204
9.939315 0.234862
5.062826 0.800890
10.334886 0.283272
10.068316 0.831177
6.513147 -0.274581
9.499748 -0.144316
9.769136 0.370922
7.955951 0.159018
9.586362 -1.222818
10.053689 0.102024
9.521445 -0.290834
10.168143 0.046016
10.490292 0.318380
11.238854 -0.655320
9.275213 0.238080
9.756486 -0.327975
12.550889 -0.459381
9.758644 1.355961
10.522825 -0.177622
14.228988 -1.580503
9.842105 0.147179
11.635959 -1.096236
0.849452 0.467173
9.017467 0.588431
12.496321 0.398177
2.283118 -0.453821
9.436521 -0.145093
11.484405 -0.333684
3.836783 0.828558
10.043198 -1.075301
11.505122 0.338985
5.282080 0.426833
9.521371 0.225121
11.700959 1.741756
6.806983 -0.430374
9.693803 0.670892
11.482680 1.439645
8.342899 0.310346
9.400267 0.520450
11.612156 0.303371
10.020439 0.281691
9.489980 0.135215
12.172187 -0.802313
11.577726 0.183459
9.901221 1.786484
11.204578 -0.839423
12.804049 -1.099670
9.549037 0.498097
12.074362 0.577081
14.749219 -0.774873
10.177655 -0.279290
13.236419 0.031070
0.908627 0.310818
10.174808 -1.258886
13.506942 0.175506
2.436912 0.096545
9.749904 0.190797
13.046427 -0.148840
3.946089 -0.464443
9.785810 -0.427210
13.148315 0.859298
5.642825 0.511013
9.930284 1.459189
13.139911 0.055264
7.347875 -0.065991
10.023451 0.661048
12.918945 0.493813
8.923347 0.741553
10.077555 0.219518
13.067023 -0.483345
10.506739 1.034171
10.234082 -0.271842
13.603096 1.323626
12.107246 -0.490953
10.235896 0.145196
12.606601 0.454310
13.319081 -0.140034
9.929547 1.272055
13.513215 1.084307
14.725103 0.342213
9.807613 0.555808
14.786657 0.557303
0.479925 -0.548679
10.490796 -0.142212
15.108138 -0.047258
1.919505 0.011451
10.088786 -1.052522
14.748309 0.805683
3.421036 0.328422
9.553155 0.186968
14.639327 0.481101
4.870349 0.883063
9.708966 -0.108307
14.612259 -1.791068
6.661114 -1.078583
9.557317 0.960724
14.511085 0.605001
8.292708 -1.436884
9.408043 0.489353
14.739387 0.703309
9.810472 -0.074050
10.057019 -1.146907
14.965657 -0.383399
11.249298 0.810508
9.413568 1.952729
14.897691 0.991164
12.617911 -0.911792
9.731370 -0.099590
14.879899 0.154923
14.152413 0.029034
11.677595 0.445709
0.520855 0.497111
0.524444 -0.064226
12.045206 -1.148271
0.579827 0.261376
2.189688 0.530822
11.323066 -0.065731
0.549703 -0.689051
3.727620 -0.652227
12.076526 0.449910
0.607609 0.050316
5.133830 1.260321
11.061572 -0.379599
0.346483 0.960084
7.269502 -0.041410
12.138647 -0.268780
1.027017 -0.850236
8.406241 0.175614
11.852364 -0.374399
0.262225 -0.097120
9.757480 -0.031006
11.986443 -0.085504
1.031352 0.883198
11.092705 1.835657
11.876656 -0.000733
0.761887 -0.557675
12.641466 -0.633010
11.777669 0.530634
0.659841 1.375766
14.183695 -0.934358
11.484761 -1.513390
2.159028 0.313652
0.894570 -0.316423
11.820042 -0.503768
2.125924 0.281578
2.588669 0.063717
11.627272 -0.238512
2.425224 0.453685
4.109590 0.610588
11.707390 0.058893
2.097024 0.308319
5.600760 0.023263
11.948515 -0.847872
1.697749 -0.902968
7.070908 -0.466661
11.215155 -0.807155
2.546627 -1.985437
8.284966 0.646402
11.676614 1.769370
1.792601 -0.135806
9.773791 0.163185
12.327297 -0.094281
2.537104 0.232372
11.302325 0.147545
11.582561 0.487348
2.328377 1.835585
12.972500 0.443333
11.957232 0.027444
2.154023 -0.497538
14.663420 1.071626
12.054917 -0.042672
3.915640 0.443946
0.406906 -0.544205
11.711522 0.314215
3.737318 -2.128868
2.052065 0.793221
12.024247 1.044708
3.974312 0.313013
3.630903 -1.678992
11.932624 0.463416
3.952955 0.874768
5.186399 -0.159469
11.737266 0.772029
3.249643 -1.849573
6.704669 -1.062172
11.362750 0.269829
4.138710 0.797903
8.477108 -0.846073
12.041984 -0.271265
3.247699 -0.481152
9.822812 -1.159229
11.676887 0.708405
3.993146 0.003098
11.297170 -0.859080
12.250990 2.098940
3.861679 0.224692
12.727522 1.033215
11.827078 -0.239229
3.734203 -0.522631
14.261977 0.250353
11.553022 -0.462298
5.287305 0.063812
1.118735 0.402078
11.393048 -0.255954
5.262658 1.417990
2.737523 -0.593074
11.339993 -0.813780
5.737925 -1.794024
4.234118 0.671621
11.685057 1.292229
5.442411 -0.327737
5.618051 -0.167997
11.681129 -1.374138
4.880256 -1.008290
7.092661 0.244227
11.357842 -0.279254
5.870416 -0.088125
8.443186 0.559862
11.851825 -0.796262
5.176510 0.967871
10.040070 -0.048714
11.673482 0.663325
5.504227 -1.206875
11.878798 0.347553
11.595968 1.110117
5.268028 -0.606605
13.385546 -0.041978
11.562138 -0.634738
5.420761 0.593502
14.944438 0.127751
12.330488 0.479304
7.113889 0.598214
0.329939 -0.612939
11.882670 0.663182
6.699621 0.835601
1.847354 0.091508
11.903155 0.514159
6.983433 0.576635
3.331599 0.211901
11.830591 -0.525733
7.136066 0.417253
5.136547 0.800512
11.857736 1.153394
6.561580 -0.358212
6.732261 0.227824
11.773885 0.068839
7.391734 -0.310449
8.175979 0.328208
12.379749 -0.421697
6.666067 0.138691
9.463941 0.868861
12.045015 -0.505100
6.826758 0.458440
11.004302 -0.873890
11.863810 1.213353
7.043681 0.297211
12.547717 -1.042770
11.609776 0.256272
6.892608 0.346450
14.167448 0.689035
11.255408 0.846739
8.295039 1.555483
1.263754 0.869116
11.228971 -0.962992
8.429698 -0.345455
2.857169 0.158613
11.081005 -1.087040
8.543971 -1.309832
4.416516 1.054701
11.228048 -0.216956
8.583461 0.845113
5.924456 1.768722
10.769979 0.106720
8.792137 -1.046834
7.507377 -0.911308
11.398468 0.766201
8.726173 -0.107502
8.894838 -1.561281
11.725375 -0.363056
8.388674 0.902661
10.325154 2.631828
10.689544 -1.044029
8.968315 -0.521120
11.680966 0.467101
11.691676 0.198147
8.464149 -1.124455
13.291089 -0.444652
11.422816 1.528966
8.254268 0.744271
15.057436 1.176988
10.966658 -0.303842
9.693779 0.081733
0.356258 -0.760842
11.269913 -0.155927
9.908732 -0.420732
1.988482 -0.294843
11.758226 -0.862363
9.908916 -1.083497
3.619451 0.700695
10.871678 -0.259373
10.083376 -0.430414
4.996104 0.184261
11.787877 -0.064348
9.831518 0.393369
6.813669 -0.439375
10.892488 0.009449
10.295327 -1.358214
8.384076 0.775207
11.117414 -1.157516
9.935654 0.161992
9.946985 -0.327618
11.743571 1.450582
10.162050 -0.879181
11.390507 -0.314127
10.848261 0.802364
9.951962 -0.963501
12.894249 -0.148168
11.599479 -0.165632
9.896196 0.166679
14.313561 -1.027219
11.344138 0.693105
11.277690 -0.693509
1.139265 0.608960
10.462487 -0.745845
11.702897 -0.556716
2.559156 0.804953
11.109683 -0.442147
11.425426 -0.357819
4.008887 -0.766317
11.682652 0.291492
11.415608 -0.084954
5.592109 -0.798524
10.975404 -0.198371
11.407559 0.293367
7.105305 -0.446286
11.622544 -1.712268
11.684073 -0.318908
8.553878 -1.319858
10.950396 -0.407133
11.515074 0.302147
10.161711 0.267902
11.128497 1.112670
11.727304 0.145458
11.799175 -0.166816
11.402871 -0.244354
11.476327 -0.891783
13.425611 -0.229397
11.017247 0.517099
11.282188 -0.169876
14.956983 -0.217450
11.510227 -0.923598
12.737044 0.861588
0.203787 0.441797
11.534898 0.027099
12.779381 0.623756
1.811319 -0.069627
11.298960 0.078955
12.966248 -0.665105
3.390364 0.782162
11.200006 0.371962
12.880202 0.657141
4.904793 -0.630976
11.217243 1.168888
12.850431 -0.278787
6.440595 1.419527
11.388020 0.847705
13.099866 0.425631
7.967853 0.283172
11.547868 -0.640718
12.969958 -0.202624
9.514616 -0.667214
11.591277 -0.417601
13.054370 -1.018172
10.999076 1.047278
11.632495 -0.884997
13.116364 0.235855
12.561193 0.583911
11.398918 1.120272
13.239239 0.144022
14.136706 -0.589229
11.583370 0.207283
14.259502 0.364014
0.991627 -1.333668
11.732014 -0.985345
14.384064 -0.288082
2.653285 -0.815399
11.362000 -0.548502
14.428841 -0.646253
4.265471 0.749182
10.888989 -0.915316
14.401177 0.919741
5.686109 -0.714820
11.775020 -1.176084
14.299330 1.847854
6.955971 -1.270907
11.168826 -0.600509
14.500834 0.418221
8.534534 0.571298
10.921379 1.281836
14.360929 -0.522479
10.057843 0.903943
11.589564 1.795218
14.835402 0.480458
11.456852 -0.382141
10.929532 0.305572
14.701218 0.662815
13.164907 -0.093370
11.264422 -0.937138
14.653542 -0.277955
14.814944 0.970327
13.040515 -0.740126
1.225272 0.099101
1.046195 -0.910853
13.606523 -0.338863
1.014409 -0.117059
2.430802 -0.422116
12.789124 0.404772
1.326310 -0.356240
3.776295 -0.670658
13.629819 -0.999243
1.185667 0.941009
5.148647 0.473666
12.677604 0.626421
0.381778 0.080060
6.625120 -0.450322
13.674465 0.061932
1.103727 -1.632522
8.193769 0.285487
13.375052 -1.360486
0.648777 -0.121680
9.955221 -0.470760
13.304258 -0.598848
0.373803 0.263673
11.720813 0.696546
13.342843 -1.113040
0.906181 -0.570018
13.341025 -0.061095
13.334169 1.619688
1.152129 0.029931
14.905853 -0.122025
13.051076 -0.323096
2.662150 -0.193813
0.412238 0.190050
13.145659 -0.463579
2.605465 -0.997366
2.012830 0.982746
13.259768 0.364052
2.756710 0.010647
3.585228 0.845382
13.118576 -0.435848
2.703896 0.854716
5.152969 -0.266556
13.348920 0.447608
2.365533 -1.738960
6.737087 0.421390
12.881174 -0.423842
2.586002 0.332775
8.391132 0.376529
13.385571 -1.001150
2.274840 -0.790228
9.922273 0.228393
13.764912 0.207907
1.928826 0.265810
11.417760 0.610128
13.160401 -0.402897
2.405993 0.248829
12.784282 -0.248548
13.475930 -1.988249
2.691435 -0.925494
14.284475 -0.232843
13.436850 -0.190620
4.083539 -0.064209
1.137728 -0.034001
13.367628 1.404908
4.042981 0.326864
2.733809 -0.914586
13.570729 -0.073683
4.138461 0.302688
4.341969 0.844432
13.637141 1.045389
3.900192 -1.168669
5.979318 -0.072248
12.952670 -0.773817
3.962635 -1.011116
7.429396 0.155095
12.949457 -0.386741
4.211897 -0.859432
9.011337 -1.285342
13.421299 -0.378761
3.961505 0.179150
10.438979 -0.343511
13.553155 0.849260
3.740959 1.422485
11.897839 0.365213
13.599146 0.154286
4.099106 0.385264
13.440753 0.382687
13.407022 -1.144219
4.131137 -0.072570
14.979714 -0.152535
12.989004 0.380725
5.522741 0.288920
0.427275 -0.192534
12.914637 -1.223958
5.385947 -0.673278
1.962179 -0.763878
12.823605 -0.235330
5.488781 0.207711
3.560558 0.353241
13.275622 0.856408
5.599790 1.272530
5.030072 -0.863477
13.172438 0.258146
5.413600 0.069882
6.546333 -1.187316
12.869946 -1.346288
5.494086 1.088071
8.103260 -0.539573
13.622156 1.342969
5.580820 0.549873
9.453148 0.807910
13.104030 0.144983
5.436328 0.814972
11.065057 0.824827
13.087095 0.741057
5.448132 -0.080955
12.677341 -0.120874
13.047245 0.023481
5.550714 1.019425
14.192544 0.088974
13.673924 -1.289535
6.844166 0.436453
1.158588 -1.044751
13.450519 -0.056737
6.747880 -0.232387
2.693645 0.072689
13.178465 -0.902555
7.023787 0.710692
4.215576 0.283358
13.278133 -0.375162
7.007393 0.629766
5.838280 -0.399970
13.337913 0.484575
6.790206 0.819081
7.431635 -0.239480
13.688887 0.311924
7.294613 0.641289
8.852674 1.552763
13.689821 1.103175
6.931377 -0.260470
10.465175 1.138476
13.401239 -0.722879
6.958228 -0.104419
12.024265 0.655969
13.107327 0.694959
7.103601 0.471454
13.588267 -0.214127
13.704823 -0.202633
6.793590 0.134924
14.992597 0.990698
12.824723 -0.101759
8.665940 -0.095969
0.714273 0.461321
12.652294 -1.589528
8.106417 -1.026333
2.171588 1.036070
12.792669 0.175146
8.623397 -1.327932
3.782986 -0.545099
12.990521 0.313839
8.472628 0.616588
5.419184 0.665207
12.309782 -0.063467
8.185261 0.202588
6.984105 -1.360884
12.965343 0.379085
8.715880 1.230202
8.373610 -0.091619
13.341785 0.310512
8.476642 -0.187326
10.022547 0.846848
12.358974 0.655640
8.525081 0.816200
11.735763 0.347411
13.334836 -0.502525
8.522365 -0.178519
12.985986 0.614558
12.904362 0.939726
8.708080 0.427205
14.487319 -0.044695
12.504948 -0.669604
10.241194 0.448548
0.533808 1.780505
12.950636 -0.920097
9.802008 0.605377
2.171412 0.874459
13.157704 -0.842901
10.534390 0.471764
3.747861 0.494712
12.453765 0.359524
9.964958 -0.668551
5.249344 0.969095
13.367385 -0.698610
9.638021 -0.032105
6.793805 1.641307
12.421906 1.907976
10.259825 -0.358739
8.258441 0.385890
12.743860 -0.359097
9.973236 1.058279
9.828921 -0.326774
13.433613 0.254124
9.870348 0.198491
11.328831 0.513595
12.494838 -0.182530
9.986054 -0.836902
12.802011 0.528963
13.180752 0.080972
10.325120 -0.267101
14.309558 1.037173
12.907521 1.335321
11.817310 0.999887
0.899775 -0.093240
12.150145 1.111315
11.291039 1.096084
2.623581 -1.259708
12.635983 0.273013
12.039621 -0.819349
4.079815 0.379595
13.418826 0.289714
11.550856 0.588879
5.329900 -0.118031
12.610696 0.037380
11.249780 -0.382259
6.874331 0.059706
13.306052 0.222931
11.710011 0.254426
8.413979 -0.996658
12.526595 0.241872
11.567296 -1.303246
9.873205 -0.343689
12.792973 1.419018
11.368989 -1.066064
11.397382 -0.601519
12.917278 1.760467
11.543456 0.420617
13.082325 0.115774
12.541683 0.216013
11.881134 0.057581
14.688327 1.207195
12.995465 0.030065
13.346747 1.143852
1.222400 0.667376
12.797982 0.810555
13.012805 0.425080
2.777739 -1.017426
12.874723 -0.125575
13.604429 0.638821
4.220104 -0.414414
12.726998 -0.583674
12.909362 0.016734
5.698156 0.271743
12.746222 0.331944
12.781077 1.119396
7.314219 -1.663838
12.980888 -0.432677
13.334011 0.277015
8.829096 -1.130280
13.150022 -0.679599
12.884121 -0.701659
10.438967 -0.150928
13.144241 0.210168
12.832757 0.753512
12.090502 -0.105719
12.966613 1.732932
13.429099 -1.221254
13.472964 0.457014
12.797193 2.274989
13.590404 -0.352483
15.104381 0.373283
13.032285 0.573711
14.986109 1.126059
0.704924 0.104209
13.197562 -0.488569
14.669934 0.439447
2.304919 0.794535
12.868816 0.797337
15.121348 -0.171253
3.874112 0.149585
12.528839 0.289609
14.519361 -0.961691
5.505988 0.502161
13.392746 -0.863854
14.180339 0.888519
6.810383 -1.718453
12.607032 -1.121404
14.922904 0.233334
8.147678 0.427746
12.606525 0.658757
14.401845 -0.772644
9.925950 1.154660
13.221663 0.644069
14.217886 -0.035618
11.424393 0.173984
12.443491 1.087288
14.679145 0.273545
12.823023 0.625542
12.923976 -0.773008
15.000375 -0.499935
14.412353 -0.641565
14.580626 0.189739
0.455088 -0.474320
0.494980 -0.444899
15.157166 0.699736
1.124957 0.497048
1.865317 -1.907120
14.405894 -0.091215
0.659356 -0.849061
3.746613 -0.912869
15.255566 -1.125426
0.833611 0.274067
5.117597 -1.678379
14.177176 0.891850
0.769773 -0.881512
6.667440 -0.331677
15.225240 -0.043564
0.605946 -0.797661
7.967659 -0.112212
14.920382 1.579727
0.599747 -0.702062
9.486171 0.602917
14.828876 0.049630
0.625613 -0.560361
11.065768 -1.004908
14.764248 0.209529
0.662520 -1.034744
12.656168 -0.163046
14.940695 -0.838239
0.544366 -0.981528
14.309351 -1.320732
14.460546 0.812554
2.286802 -1.202368
1.013517 -0.148048
14.872216 -1.537745
2.378349 0.287989
2.667822 0.699170
14.590842 0.053936
2.194903 -0.415296
4.203426 0.203890
14.770226 -0.892581
2.230910 -0.820869
5.917440 -0.067436
14.876312 0.247172
2.191444 0.589486
7.434649 0.885892
14.732691 -0.606069
2.072330 -0.052123
8.964622 0.026833
15.122326 0.274853
2.107266 0.109153
10.494686 0.038065
15.203366 -0.523324
2.190568 0.944144
12.082792 -0.884570
14.680894 0.161790
2.132818 -0.980145
13.506144 -0.314622
14.973943 1.280751
2.084136 0.095245
15.034794 -0.012132
15.052681 1.197388
3.942567 0.241768
0.387391 0.138981
14.787870 0.003587
3.837018 0.734068
1.915265 0.008780
14.992405 0.567943
3.757748 -0.704729
3.501351 -0.031584
14.911860 -0.952168
3.580074 0.284048
5.060115 -0.445233
15.151014 0.297548
3.737359 -0.688378
6.814081 0.222685
14.215113 0.659493
3.550714 1.395216
8.209290 -1.335431
14.829897 -0.174933
3.561237 0.295252
9.680561 -0.363995
14.931710 -0.008224
3.514408 0.092431
11.216660 1.359132
14.997910 -0.302225
3.740669 1.237599
12.726127 0.555601
14.969313 -0.130905
3.617633 0.697218
14.278519 -0.147162
14.593149 0.459971
5.380804 -0.686659
1.149307 -0.742672
14.434263 0.593145
5.277252 -0.504782
2.785125 1.415041
14.897373 0.607552
5.115901 0.646805
4.308649 0.372693
14.724363 -0.533627
5.115589 -0.046090
5.818015 0.370384
14.480420 -0.430943
5.147143 -0.019212
7.426138 0.821642
15.071925 -0.391212
4.938001 -0.524613
8.878600 -0.177140
14.762000 1.034218
4.964559 -0.245724
10.479099 0.395976
14.532201 0.292400
5.375553 -0.574274
11.983472 0.312667
14.791921 -1.034406
5.147527 -0.010550
13.480504 -0.041135
14.460237 -1.214679
5.326496 -1.684481
15.023200 0.246811
15.144934 -0.149394
7.036883 -0.339353
0.429272 0.454180
15.234439 -0.330479
6.608023 -0.837402
1.915883 -0.119705
14.864922 -0.625300
6.800377 0.354069
3.418500 0.577295
14.673901 0.605474
6.647007 -0.683051
4.977389 -0.974799
14.734722 0.383660
6.677602 0.497396
6.535491 -0.530931
14.912741 0.345465
6.604140 -0.610213
8.069271 -0.514980
15.004992 1.219041
6.372323 0.211471
9.662149 0.163624
15.023487 -0.761669
7.118835 -1.513103
11.314044 -0.232413
14.772269 0.214428
6.816438 1.073507
12.869528 1.432648
15.202991 -0.027962
6.611554 0.090450
14.296820 0.791966
14.377805 0.703001
8.305125 0.975871
1.127570 -0.582725
14.136708 0.088801
8.246338 0.574473
2.755685 0.041794
14.396164 0.753738
8.214756 -1.801939
4.359230 0.491208
14.649094 0.393175
8.739952 -0.334417
5.750059 0.292214
13.929680 -0.638491
8.172424 -1.035782
7.010772 -0.022732
14.707006 0.753277
8.491029 -0.293194
8.468528 -0.449857
14.995598 0.853991
7.940943 -0.499371
9.958176 0.482789
14.035131 0.271600
8.428120 1.249739
11.547832 0.837582
14.955235 0.243791
8.370554 -0.459013
13.052407 0.523098
14.373677 1.172747
8.231336 -0.145589
14.750394 1.051456
14.050599 -0.150750
9.695503 0.578188
0.329022 0.771123
14.537533 -0.027301
9.689325 -0.876046
1.922254 0.062379
14.465020 -0.626195
9.657681 -0.053938
3.517333 -0.127945
14.066381 0.091293
10.074456 -0.024767
5.133034 0.743526
14.917353 -0.224739
9.701254 -0.260338
7.296338 -0.073151
14.019392 -0.908592
10.132632 -0.127604
8.663574 -0.292809
14.646778 0.200283
9.508851 0.497325
10.092624 -0.033041
15.009225 1.715909
10.338482 -0.151702
11.435403 -0.226665
14.185266 -0.141501
9.855289 0.579387
12.783008 -0.137413
14.851760 0.419986
9.801646 -0.127854
14.358222 -0.678593
14.359386 0.222864
11.175340 0.014203
1.188632 1.361673
13.737819 -0.306884
11.700477 -0.703038
2.474631 0.534583
14.555439 -1.171935
11.197926 -0.126333
3.962272 0.339782
14.973230 1.440793
11.990999 -0.251472
5.279519 0.420805
14.164710 0.620969
11.008577 -2.332151
6.731499 0.431230
14.837978 0.668399
11.553460 -0.130971
8.124193 0.572325
14.153515 0.229386
11.202656 0.650023
10.122053 -0.117966
14.329307 0.793685
11.756753 0.149051
11.723262 -1.331229
14.420658 0.501219
11.383570 0.215252
13.334908 1.614255
14.301503 -0.209304
11.232631 -0.342548
15.001457 -1.022731
14.446795 0.635810
12.717512 -1.268221
0.556597 0.618324
14.301237 0.420781
13.380909 0.729318
2.271767 0.716577
14.289649 -1.348118
12.730362 0.055514
3.794305 0.227083
14.384590 0.149192
13.524287 2.372062
5.372298 0.539034
14.186737 -0.675397
12.597458 -0.430690
6.623744 0.569598
14.412113 -0.802976
13.337336 1.764712
8.018198 -0.218004
14.437553 1.495150
12.768151 -1.371521
9.453628 0.681811
14.602787 -0.086912
13.165585 -0.618024
11.096293 -1.017872
14.802979 -0.574521
13.129199 0.845478
12.868246 -0.156956
13.860552 0.942501
12.589496 -0.213384
14.278624 1.190998
14.463605 0.528251
14.309777 0.424738
0.967831 -0.230825
14.743467 -0.269135
15.108420 0.365240
2.431297 -0.772433
14.353250 -0.985290
14.355103 -0.862763
3.832939 0.740413
14.043843 -1.136685
15.023205 0.678015
5.372684 0.226488
14.780505 -0.018237
14.708616 1.402170
7.075242 1.219752
14.078064 0.579664
14.845880 -0.374771
8.625717 -0.656262
14.276341 0.280938
14.527628 -0.910894
10.148441 -1.037127
14.824220 -0.168463
14.577766 -0.667634
11.805137 0.272299
14.017215 -0.897597
14.640987 -1.325831
13.165503 0.067503
14.356680 -0.482790
14.262700 -0.021893
14.747185 0.007735
