1.180830 0.523974
0.874212 0.508356
0.402406 -0.529488
1.242285 1.540717
0.666675 0.330229
2.025409 -0.376208
0.447007 -0.462772
0.486609 0.378299
3.367832 1.650859
1.037986 -0.321265
0.740098 0.107955
5.001932 -0.318408
0.581278 1.502893
1.125906 -0.018498
6.597332 -0.799771
1.234693 0.347377
0.535435 -0.777881
8.249838 -0.404990
0.443220 -0.982335
0.726220 0.295520
9.672096 -0.239694
1.478999 2.477635
0.325892 0.546241
11.061394 -0.780407
0.748240 1.985524
0.979229 0.145436
12.454046 0.510216
0.897566 -0.915797
0.502833 -0.341287
13.926055 -0.168024
0.604772 -0.101602
2.281146 0.660698
0.846547 -1.316598
0.753965 0.616201
2.220570 -0.735145
2.360987 -0.980801
0.660890 1.345317
1.903594 -0.675443
3.934619 0.509441
0.940269 -0.304477
2.302230 -0.555526
5.391023 0.039816
1.098056 -0.352334
2.744082 -0.393061
6.876228 0.825838
0.561217 0.345003
1.914898 -0.130033
8.037283 -0.003624
0.854032 -1.163309
2.431787 -0.017000
9.647504 1.392206
1.098659 -0.671736
1.952509 0.704896
11.197154 -1.382410
0.780105 0.054269
2.509529 -0.341244
12.686216 -1.116737
0.744751 0.231875
2.158052 -0.335124
14.223966 0.057394
1.356384 0.043050
3.722909 -0.708238
0.301494 -0.027911
0.308684 0.608127
3.938079 0.353598
2.254592 0.168254
1.239294 -0.603766
3.300893 -0.436379
3.547217 1.081250
0.542285 0.177765
3.849817 0.248691
4.862999 -0.562818
1.348778 0.439084
4.317666 2.024989
6.387852 -1.115456
0.883172 -0.104918
3.370589 -0.604423
8.279814 0.895270
0.928103 -0.060558
4.216951 -1.406103
9.557065 0.519195
0.537735 -0.679493
3.484085 0.906475
10.954497 -1.056375
1.185339 -0.725261
3.969635 0.200029
12.379273 -0.011258
0.379681 0.430615
3.812822 -0.878121
13.933821 0.388588
0.625706 -1.246796
5.026099 0.727112
0.887129 0.464559
1.424751 -0.008128
5.162801 -0.034068
2.378676 1.419107
0.453690 -0.122698
4.889976 -0.590735
3.645623 0.001652
1.153030 -0.312026
5.384670 -0.098509
5.147801 1.139579
0.764975 0.279719
5.759575 0.046285
6.637372 0.692708
0.734974 0.412386
4.873121 -0.637671
7.926449 0.492640
0.828633 0.354319
5.760324 -0.318499
9.410905 -0.561120
0.615690 0.196096
5.209961 -1.234591
11.492046 -0.205938
1.011415 -0.466170
5.498762 0.281049
12.985450 -0.150675
1.256609 -1.211443
5.345928 -0.776497
14.449123 -0.639576
1.031719 -0.664410
6.661988 0.324964
0.592520 0.567619
1.145865 0.168412
6.735937 1.084059
2.080675 -0.849809
0.615537 0.078397
6.541759 -0.295348
3.539535 0.160384
1.100845 -0.135115
6.900521 1.077941
5.250048 1.799670
0.299309 -0.155529
7.217524 0.225540
6.593332 -0.212670
1.132626 -0.858825
7.084871 -0.020787
7.963705 -0.450509
0.289906 -1.106951
7.348332 -1.343607
9.303236 -0.307301
0.787384 0.553503
6.698560 -0.114867
10.747948 0.416317
1.391709 0.668210
6.846402 1.813052
12.183224 0.521981
0.455627 -0.117504
6.659228 -0.740131
13.858376 0.449744
0.772092 -0.984069
8.260290 0.761852
1.243924 0.162101
0.751565 -0.068561
8.095819 0.628507
2.771174 -1.535625
0.523847 0.229157
8.092293 -1.172179
4.269285 -0.639560
0.575728 0.249111
8.592153 0.923997
5.671278 1.417724
0.224847 0.518848
8.653603 -1.186324
7.105385 -0.572411
0.842119 -0.106918
8.593038 0.567371
8.584798 0.811868
0.692102 -0.109570
8.550634 -0.181152
10.117873 -1.038728
0.568877 -1.117498
8.166664 -0.544677
11.630925 1.071341
0.435830 0.920248
8.021052 -0.329934
13.130499 -1.140718
0.812107 0.121479
8.058043 -0.022984
14.642922 0.422539
0.118240 0.494843
9.422127 -0.239631
0.389639 -0.079891
0.474925 0.062691
9.782575 -0.013568
2.002113 -1.147009
0.393483 -0.470607
9.506898 0.881698
3.391017 0.411411
0.817241 -0.304150
9.822015 0.909915
4.729936 0.703250
0.415480 0.224544
10.081037 0.645884
6.253953 0.327210
0.382206 0.568846
10.002620 -0.800273
7.821665 -0.023554
0.582506 -0.091196
9.977209 -0.774558
9.359217 -1.347310
0.381380 -0.445347
9.913627 -0.055947
11.017479 -1.463590
1.037747 0.007697
9.784007 0.702049
12.468135 -0.290196
0.650500 0.388564
9.629479 -1.386841
13.896810 0.907683
1.095798 -0.499147
11.394234 0.550243
0.929536 0.192576
0.138853 1.078620
11.380750 0.095703
2.354102 0.917361
0.911014 0.076834
11.160990 -0.122682
3.769719 0.599024
0.084785 0.169243
11.207724 -0.069694
5.141462 1.074672
0.881431 1.777064
11.474621 -0.531658
6.887866 -0.004318
0.825392 0.038874
11.384612 0.007495
8.558596 -1.175261
0.802498 0.017876
11.273447 0.974650
10.131882 0.788749
0.882014 0.720868
11.260762 -0.523943
11.642093 0.303114
0.275274 -0.739115
11.083727 -1.148397
13.019511 0.754010
0.190401 0.512534
11.112013 0.278256
14.675861 -0.220575
0.492337 -0.158277
12.758285 -0.218538
0.406598 -0.496615
0.957542 0.164273
12.677344 0.893000
1.857517 0.136047
0.549606 0.430193
12.631104 -0.239923
3.342571 -0.229347
0.653381 -1.047557
12.648561 -0.246317
4.889156 -0.478905
0.585253 -1.678702
12.992024 -0.408214
6.340445 0.209445
0.660561 -0.180374
12.727448 0.109680
7.813850 -1.262971
0.576591 0.004248
12.666410 0.668632
9.378586 -0.901206
0.455316 -0.416734
12.709863 0.380813
10.846290 0.070564
0.819134 -1.464453
12.643613 -0.757613
12.319979 -0.396765
0.589470 -0.518375
12.491390 0.176031
13.817529 -0.677273
0.466510 0.369095
14.332635 -0.671951
1.192828 0.384387
0.607970 -0.397845
14.095383 -0.744413
2.656159 -0.169132
0.817066 -0.948397
14.125323 0.732981
4.174520 -0.337834
1.111845 -0.326419
14.265491 -0.672302
5.687986 0.746807
0.472419 -0.624402
14.546998 1.036132
7.034168 0.003135
0.281462 0.313186
14.049673 -0.041389
8.480920 0.473353
1.143297 0.726149
14.144749 -0.182988
9.715666 0.091102
0.214771 -0.660107
14.296638 0.741190
11.384818 -0.067565
1.005100 -0.067148
14.292597 -0.909647
12.695877 -0.493987
0.548695 0.744682
14.012459 -1.952047
14.391889 1.533932
2.737017 0.071888
0.605914 1.689655
0.841422 0.736932
2.799832 1.167444
0.624966 -1.633809
2.413977 -0.170143
2.060267 0.946370
1.150754 -1.043767
3.851413 -0.344179
2.687060 -0.454692
0.562193 -0.116476
5.342283 -0.191066
1.945251 -0.058266
0.366692 0.133957
6.735975 -0.095355
2.790975 -0.259946
0.600901 0.136034
8.208396 -0.239810
1.950062 0.009105
0.770625 -1.537149
9.606337 1.415461
2.675740 -1.311580
1.351715 0.643456
11.323009 1.314844
2.211053 0.376775
0.302552 0.417817
12.586284 -0.045060
2.474266 0.106212
0.894872 0.317550
14.189586 1.167387
2.138898 0.055691
2.105842 -0.607513
1.046247 1.009185
2.346228 -0.146885
2.111005 -1.151920
2.556566 0.458575
2.669756 0.080096
2.681802 -0.658094
3.971535 0.056480
2.557915 -0.188757
2.015062 0.451097
5.366507 0.211703
2.328555 -0.207489
1.803728 -0.257406
6.916457 -0.025411
2.110175 0.258285
2.187400 0.836648
8.406679 0.633655
2.316783 -0.151860
2.185226 0.068701
10.035029 0.628714
2.507190 -1.312090
2.885399 -0.585366
11.380834 -0.104645
2.169376 0.927875
1.898949 -1.463760
12.904057 0.156317
2.298240 -1.253578
2.596310 -0.444513
14.448593 0.048179
2.728456 -0.744253
3.549784 -0.557981
0.914440 -0.772302
1.757889 -0.081277
3.536836 -0.246224
1.999408 0.513419
2.348226 0.322730
4.190266 -0.437764
3.616779 -0.038547
2.000663 -0.374526
3.552007 0.217615
5.212816 -1.572614
2.759763 -0.053678
3.333352 -0.144276
6.713150 -0.238265
2.221031 -0.024577
4.157220 1.030205
7.925832 0.162542
2.292038 -1.129099
3.494765 -0.166615
9.293634 -0.053097
1.917246 0.411524
4.256079 -0.007809
10.942914 -0.075554
2.627626 -0.696090
3.341625 0.933353
12.796330 0.968211
1.860607 -0.279324
4.161152 1.046974
13.782172 0.165267
2.127187 -0.228967
5.279647 -0.767104
0.830501 -1.214193
2.933185 -1.316956
4.865025 -0.173372
2.231178 1.222543
2.017114 -0.101991
5.700163 -1.387443
3.832706 -1.760725
2.719963 -0.134265
4.981428 0.327438
5.157773 -0.568814
2.700188 -0.503349
5.029821 -0.223197
6.703130 0.649932
1.880309 -0.489913
5.719014 0.209615
8.146796 -0.290721
2.456535 0.820199
5.110110 -0.094569
9.514302 -0.101327
2.022578 -0.321116
5.805151 -1.009185
10.920985 0.716741
2.423875 -0.822070
5.041011 -0.256409
12.431211 0.573166
2.818884 0.339787
5.461977 -1.124208
14.187750 -0.634247
2.516070 -0.809826
6.796952 -0.578312
0.951728 0.031907
2.747028 0.130264
6.392330 0.057855
2.450260 -0.352435
1.972173 -0.384197
7.210863 -0.913235
3.722225 -0.864584
2.807739 1.011924
6.500959 -0.074740
5.279422 -0.040005
2.163877 0.193309
6.536957 -0.548680
6.682566 0.008837
2.811361 0.127123
6.975137 0.777706
8.177897 0.313455
1.889398 0.024943
6.876886 0.379227
9.550053 1.502026
2.851841 0.312686
6.921275 0.654964
11.471968 -1.298396
2.598407 -0.417408
6.578521 1.036605
13.040526 -0.479673
1.871405 0.724630
6.825521 -0.151322
14.327993 0.464771
2.196883 1.465080
8.303176 -1.419200
0.564608 0.588237
2.212374 -1.614465
7.939955 -0.567051
2.134155 0.031341
1.893466 0.926463
8.773966 0.462658
3.747139 0.409792
2.121090 -0.411258
8.090593 -1.070696
5.114110 1.123394
1.666817 -0.198097
7.948729 0.497943
6.591188 0.661624
2.277947 0.459788
8.467743 -0.230984
7.896094 -0.762299
2.352314 0.150515
8.348880 0.861155
9.409881 -0.138682
1.937629 -0.784344
8.038726 0.280255
10.862732 -0.138958
1.787268 1.283244
8.331085 0.270117
12.526834 -0.471842
2.337545 0.448078
8.294466 0.106435
13.956016 0.613181
1.530781 -1.189642
9.781617 0.100515
1.025801 -0.871947
2.187833 0.477804
9.530006 -1.238804
2.392355 0.466549
2.139555 0.521113
10.237133 -1.280901
3.870821 -0.524628
2.197943 0.537521
9.665742 -0.293053
5.442920 -1.991152
1.717927 -0.469139
9.620117 0.288282
6.938864 -0.535002
1.755680 0.832804
9.987787 -0.175470
8.430625 -0.609517
2.071006 -0.404072
9.758390 0.035961
9.919583 -0.339345
2.065561 -0.794014
9.468552 0.256353
11.435393 0.065479
2.572021 0.286256
9.658847 -0.002822
13.109553 0.268625
2.017822 -0.384939
9.707088 -0.542463
14.585661 -0.840968
2.499456 -0.172431
11.001523 -0.180097
0.626189 -0.437574
1.632192 0.730787
11.017661 -1.428684
2.375169 -0.363257
2.621706 0.204701
11.621512 -0.287298
3.724878 0.005702
1.622550 -0.436486
11.210038 0.276239
5.153542 -1.020055
2.370442 0.112213
11.019259 1.041160
6.482238 -0.227460
2.381084 0.622073
11.306862 0.330364
7.901136 -0.381106
2.208462 -0.093320
11.291049 0.835360
9.356753 0.891410
2.250212 0.793117
10.961936 0.416412
10.879066 -0.229681
2.059778 -1.171277
10.941412 -0.879842
12.517687 0.847312
1.604289 0.593640
11.110450 -0.091626
14.164935 1.137428
2.309765 -0.306306
12.556050 -0.519710
1.043723 0.261436
2.282420 -0.753861
12.688477 -0.335710
2.603257 -0.360281
1.960443 -0.933031
12.970260 -0.261811
4.020540 -0.889727
2.157302 -1.080016
12.590901 0.346017
5.568731 0.256527
2.122343 0.101324
12.589034 1.835699
7.126597 -0.354045
2.006819 0.683815
12.872902 -1.236043
8.703751 0.400161
1.965109 -0.349485
12.558478 -0.132704
10.175214 -0.954401
2.358377 -0.348091
12.266007 1.181552
11.668609 0.170575
2.140831 2.481621
12.291353 0.916918
13.229023 0.545888
1.982054 -0.591050
12.811308 0.368031
14.621760 1.198317
1.870798 0.472694
14.256712 1.078840
0.366364 -0.816971
1.977668 -0.336026
14.082263 -0.330121
1.879163 0.603735
2.157592 -1.212991
14.496116 0.710433
3.383684 0.997294
2.490762 -0.252902
14.078533 0.130847
4.866413 -0.195020
2.487602 1.575485
13.921735 1.572588
6.438511 0.747403
1.832003 1.280834
14.085886 -0.009465
7.859937 -1.128421
2.544686 0.042338
14.395527 -0.309614
9.992452 -0.314965
1.636834 -0.411887
13.700150 -0.631368
11.241250 0.287143
2.473593 -0.578883
13.591483 0.198745
12.458879 -0.091342
2.113842 -0.682555
14.164064 0.781966
13.809236 -0.323211
4.304931 0.297087
0.522495 0.946546
0.751389 0.279812
4.284510 0.413646
0.759428 0.563449
2.417858 -1.190323
3.580997 0.350709
0.526117 0.201277
3.904319 0.195618
4.330667 0.138798
0.712890 -1.079193
5.322856 0.175943
3.642572 0.810659
0.840913 -1.142508
6.725947 0.728742
4.335731 0.281853
0.674939 -0.370012
8.219969 0.059236
3.389854 0.678746
1.009374 -0.659939
9.696722 0.299184
4.243125 0.017540
0.972053 1.066055
11.251621 -0.227710
3.509083 -0.136295
0.999033 -0.638454
12.703752 0.003287
4.116079 -0.582639
0.901117 0.007482
14.113802 -0.201148
3.504586 -1.118508
1.900185 0.150662
0.215444 -0.387495
3.738935 -0.132246
2.102452 -0.044427
1.731435 -1.858295
3.924920 -0.745275
1.963592 -0.672727
3.272930 -0.398819
4.174144 0.114862
2.130161 -0.160295
4.763685 -0.451047
3.923529 -1.553988
2.424011 1.050890
6.224493 -0.263168
3.670256 0.759204
2.076655 -0.403936
7.802081 -0.110449
3.673159 -0.219791
2.519178 -0.356075
9.273988 0.151928
4.095825 -0.155639
2.456336 -0.677938
10.673921 -0.546388
3.959229 -0.223592
2.415777 1.395247
12.230673 -0.908804
3.820933 1.072749
2.507814 0.516776
13.745590 -0.488860
4.220109 -1.034831
3.302850 -0.691341
0.756822 -0.191851
3.395343 -0.264702
3.450387 -0.877556
2.399091 0.527996
4.169193 0.531888
3.383193 -0.232218
3.688619 0.433764
3.538594 0.290064
3.595315 0.630575
5.235683 -0.293453
4.225338 -1.041331
4.083573 -1.449509
6.766552 0.415770
3.699428 0.462210
3.672051 -1.259614
8.241009 -0.322252
3.343951 -0.223097
3.980047 -0.877129
10.257938 0.715666
3.960479 -0.437660
3.835466 0.247761
11.635395 0.691119
4.036312 -0.989486
3.987238 0.602692
13.069722 0.477418
3.276791 -0.941708
3.974840 -0.626231
14.456120 -0.036117
3.592978 -0.691686
4.833609 0.114268
0.854368 -0.694277
4.213710 -2.229299
5.709323 0.163470
2.376261 0.486677
3.703494 -0.041497
4.843910 0.657687
3.844634 -1.453163
4.401048 -0.377894
5.201138 -0.448313
5.362684 0.967869
4.055663 1.111542
5.773481 -0.396712
6.781643 0.722842
3.474191 -0.395021
5.277954 -0.974868
8.171854 0.612831
4.231210 -0.357859
5.239451 0.643709
9.592493 0.438420
3.527498 -0.297890
5.267254 -0.249317
11.363626 -1.113652
3.840729 0.962522
5.448380 0.840127
12.944717 1.029124
4.313244 -0.160508
5.615513 -0.334982
14.461892 -0.612789
3.987879 -0.201264
6.368054 0.394512
0.900974 0.542680
4.212457 0.465617
7.226511 -0.179942
2.218257 -0.718353
3.617990 -1.363754
6.402105 0.683063
3.865294 0.113745
4.369188 0.712008
6.762467 0.274764
5.249174 0.182111
3.562193 -0.162132
7.228666 -0.697246
6.599601 -0.501476
4.272268 0.874853
6.643927 1.238283
8.341719 -0.528510
3.315678 -1.162198
6.509995 -0.523884
9.795133 0.767346
4.255049 0.057675
6.598780 -0.833717
10.934130 -0.321301
4.176524 -0.414721
6.812133 -0.208979
12.467636 -0.322235
3.393207 0.296790
6.974869 -0.182282
14.372121 -1.317862
3.743876 0.465103
7.921848 -0.518256
0.742175 1.233176
3.634418 -0.130238
8.649539 -0.393350
2.120620 -0.060013
3.296862 -0.552482
7.884396 0.166745
3.440507 0.254193
3.661896 -0.434577
8.098971 -0.218992
5.041115 0.370604
3.012403 0.974911
8.649930 0.461672
6.425123 -0.031094
3.815032 -0.174000
8.207417 -1.663199
7.873871 -0.079404
3.836123 0.942347
7.895929 -0.084178
9.418949 0.309198
3.413925 0.593794
8.384559 0.457050
11.152556 -0.217856
3.277413 0.614017
8.085417 0.970960
12.707063 0.070578
3.912515 -1.740072
8.570272 -0.816151
14.241954 -0.345127
3.085532 0.207079
9.560709 -0.685473
0.948215 -0.618310
3.745303 0.231785
10.121582 0.756971
2.547082 -0.635846
3.415313 -0.131618
9.394210 -0.096772
3.952172 0.054880
3.727273 0.673885
9.741245 0.257684
5.443007 -0.067981
3.347684 -0.578047
9.919394 -0.909714
7.120675 0.185691
3.168926 0.016381
9.587211 -1.048919
8.670831 0.072959
3.728884 0.076319
9.381540 0.318348
10.071505 -0.975322
3.465256 -0.267713
10.170869 0.724121
11.501136 0.319120
4.063938 -0.413376
9.486260 0.978869
12.774947 -1.942748
3.557378 -0.535143
10.085129 -0.188329
14.380816 -0.765409
4.043945 0.824908
11.026132 -0.489575
0.796542 -0.353526
2.999661 -0.746365
11.376808 1.232933
2.095738 -0.412065
4.088783 -0.888309
10.931004 -0.883932
3.823065 -0.527525
3.246833 0.417648
11.175468 -0.727595
5.186446 -1.919385
3.923487 0.945640
11.448703 0.990679
6.790291 -0.443431
3.794391 -0.365276
11.114692 -1.018958
8.391899 1.099849
3.597324 -0.165448
10.859564 1.313931
9.896941 -0.667351
3.760745 -0.084036
11.749399 0.456432
11.137500 0.864889
3.575007 -0.264588
11.272625 0.132451
12.737597 0.828903
3.081350 -0.773406
11.579145 -0.054495
14.283525 0.107745
3.764467 -0.238688
12.691178 0.004079
0.191514 0.293469
3.749418 -0.161986
12.712000 -0.260269
1.651448 0.417988
3.795464 -0.631871
12.542722 -1.067240
3.232094 1.126627
3.546109 -0.960283
12.641842 -0.361546
4.732838 -1.247122
3.659707 -0.763606
12.838326 -2.392924
6.295745 -0.345722
3.568111 0.192114
12.699096 -0.780130
7.828219 -0.105750
3.426617 -1.012570
12.453995 -0.119050
9.380310 0.633260
3.256423 1.020677
13.228926 0.331274
10.748831 -0.541543
3.854750 0.133892
12.963704 0.799670
12.142649 0.458740
3.538960 -0.608780
12.996341 -0.373541
13.665727 1.896973
3.315542 0.379764
14.067212 0.189464
1.106386 -0.670942
3.581081 0.414129
14.115600 -0.540479
2.602285 0.529379
3.881624 -1.573419
14.019588 -0.257528
4.087714 0.590446
3.985243 0.287941
14.188148 0.703972
5.652076 -1.031427
3.668894 0.571243
14.334802 -0.455137
7.290354 0.885966
3.165928 0.199616
13.984005 -0.187894
8.675484 0.991220
4.038235 -0.569713
14.622526 -1.337389
9.949365 -0.669816
3.135311 0.425599
14.721993 1.675831
11.432260 -0.359939
3.720771 0.093654
14.443783 0.421580
12.930487 -0.143144
3.477986 1.541669
14.420642 0.309560
14.575432 -0.245182
5.856453 0.337632
0.366887 1.264421
0.644673 -0.290484
5.712411 1.097622
1.246724 0.325933
2.070681 1.373606
5.150248 -0.282595
1.069484 0.595286
3.676636 1.562205
5.743733 0.286999
1.114658 -0.484797
5.131594 0.264697
5.318270 0.249908
1.185299 0.334533
6.721793 -0.825198
5.796841 -0.898123
0.997016 0.816671
8.245508 -0.994727
4.853656 -0.254273
1.093326 -0.162862
9.777828 0.207594
5.721931 -0.022990
0.712053 -1.368062
11.335790 0.472282
4.943253 -0.032235
0.397948 0.096807
12.619649 -1.683675
5.644609 0.824145
1.199828 0.056073
14.365502 -0.602541
5.045810 -0.095883
1.919096 0.037261
0.837837 0.348301
5.260475 0.788074
2.645647 1.415969
2.525808 -0.021213
5.613447 1.113925
2.513001 -0.164527
4.185104 0.921648
5.497269 0.283993
2.437694 -0.506172
5.787004 -0.930982
5.007959 0.813813
2.671903 0.278154
7.228521 0.244429
5.102768 -0.282015
2.233443 0.633835
8.690466 -0.031417
5.622866 -0.515778
2.453328 0.003089
10.076297 0.806341
5.584429 0.216694
2.264209 -0.590964
11.573879 -0.792321
5.266927 -1.624521
1.840091 -1.410742
13.010887 1.439337
5.258016 0.101120
2.707803 1.081470
14.310576 0.761129
5.721563 -0.201226
3.457662 0.134046
0.917350 0.195385
4.672036 -0.355001
4.197901 -0.443217
2.123704 -0.312070
5.498687 0.964266
3.998013 0.744921
3.615986 0.302869
5.073803 1.078007
3.809978 0.114637
5.141438 -0.694492
5.847926 0.968187
3.865728 0.146929
6.641179 0.329215
5.417861 1.476752
3.833133 0.521304
8.166408 0.540463
4.724494 -0.505182
3.769953 0.767070
9.545870 0.353309
5.325181 0.325008
3.722293 2.026848
11.047956 0.703085
5.499679 -0.508250
3.411160 -0.415998
12.744154 0.037905
4.811734 -0.259150
4.131701 1.718292
14.331895 0.081439
5.068354 1.231709
4.888709 0.101357
0.740119 0.526653
5.694740 0.151424
5.432023 0.661593
2.137375 -0.003614
5.071264 0.402768
5.525002 -0.087652
3.748290 -0.294653
5.950198 -0.824351
5.096017 0.511219
4.981534 -0.062016
5.575785 0.627146
5.448714 -0.915668
6.538713 -0.949139
5.055846 -0.079415
5.278788 0.194117
8.056722 0.341469
5.762195 -0.176430
5.196656 0.673706
9.651915 -0.173132
5.064053 0.619767
5.221808 -0.435465
11.044327 0.407699
5.222108 0.570749
4.970640 -1.051497
12.500109 0.808151
5.703677 -1.238657
5.373812 -0.251972
13.975310 -0.815888
5.529598 0.627603
6.364118 1.347839
0.854023 -0.165400
5.722387 -0.117515
6.984293 0.515154
2.388855 0.638204
5.077475 -0.637165
7.089158 -0.578875
3.834863 1.086520
5.847081 -0.410016
6.710400 -0.351687
5.433781 -1.427101
5.145973 -0.087413
7.011469 0.092326
6.931174 -1.445642
5.803380 -0.502167
6.767545 0.218021
8.437531 -0.790897
5.181131 0.403411
6.933689 -0.125379
9.795079 -1.501355
5.735454 1.120440
6.621068 -0.431044
11.430272 0.178879
5.518060 0.719323
6.515434 -0.236002
13.022274 -0.089676
4.830688 0.317528
7.094049 0.192358
14.425297 -0.868122
5.340816 -1.694038
7.847833 -1.836914
0.977890 0.016336
5.211322 0.258927
8.598575 -0.146510
2.370178 0.566845
4.732212 -0.488358
8.606751 -0.289975
3.816727 -0.734111
5.382287 0.817897
8.164058 1.160600
5.187654 0.885001
4.657549 0.458755
8.537819 0.300183
6.547103 0.783794
5.295703 -0.758111
8.153146 -0.080818
8.182099 -0.564494
5.247921 -0.238828
8.542935 -0.621581
9.816555 0.188556
4.886704 -0.322005
7.938332 -0.153146
11.396619 -0.108466
4.832596 0.437782
8.027136 0.510546
13.052626 0.302742
5.584185 -0.380594
8.400224 -0.178756
14.409690 1.769458
4.532410 -1.397397
9.284760 -0.686132
0.551524 1.382777
4.986778 -0.363778
10.013519 0.366473
1.776944 0.618872
5.381111 0.657697
10.007547 -0.927402
3.331838 0.700325
5.174671 -1.221393
9.685681 -1.735589
4.957018 -0.191588
4.877032 0.376405
10.179170 -0.653066
6.473264 -0.720550
4.596762 1.303337
9.605822 0.179642
8.145315 -0.271372
5.102961 -0.036698
10.168752 0.169557
9.686525 0.120684
4.876839 -0.056684
9.404595 -0.894359
11.221865 0.716121
5.696900 -0.136609
9.245467 -0.409353
12.831337 -1.792805
5.067528 0.198115
9.893621 -0.026967
14.128940 -0.065233
5.570608 -0.414868
10.690928 0.015889
0.411484 -0.410277
4.740215 -0.622609
11.463242 0.758765
2.200433 -0.278684
5.458230 -1.386155
11.679030 0.317850
3.549466 -1.420973
4.795396 0.242253
11.462708 -0.688255
5.206905 -0.073798
5.463286 0.508609
11.667966 0.402942
6.730310 0.268158
5.409637 -0.636046
10.927042 -0.675196
8.107064 -0.490333
5.068737 -0.059068
11.665992 -0.100379
9.808543 -0.076749
5.058566 0.253665
10.960984 0.500894
11.173125 0.211879
5.084444 0.979647
10.670950 -0.365281
12.681791 0.881648
4.649667 0.459672
11.458308 0.518798
14.216488 -0.233658
5.248633 0.761574
12.256062 -0.872693
0.825277 0.912853
4.997334 -0.106676
13.183707 -0.318055
2.453412 1.205008
5.100065 -0.399021
13.024665 1.333772
4.176773 -0.224736
5.222802 0.487003
13.004123 0.061598
5.712058 -0.353383
5.338841 -0.263641
13.126081 -0.490737
7.234550 -0.441596
5.052618 0.267350
12.479156 1.280517
8.531025 -0.588010
4.602355 0.241840
13.227200 0.512389
9.935511 -0.205545
5.220182 0.145233
12.606156 -0.160431
11.244489 -0.493703
4.952116 -0.351615
12.158370 -1.284828
12.788085 0.872515
5.200352 -0.106173
13.001097 0.296322
14.188972 -0.531212
4.899562 0.001421
13.790747 -0.847419
0.597486 0.544253
5.067260 0.096715
14.625652 0.477079
1.846569 0.687010
5.277616 0.460179
14.452786 -0.469883
3.393495 0.164341
5.415186 -0.570466
14.458403 -0.018256
5.020555 0.319655
5.196615 0.835771
14.609641 0.641491
6.691848 0.956569
4.684292 1.088976
14.078013 0.006859
8.464717 0.544664
5.571662 -0.515830
14.584112 -0.007986
9.773794 0.201864
4.606578 1.068002
14.210599 0.720126
11.357818 0.243846
5.376068 0.249487
13.758982 0.704980
12.697338 -0.929703
5.051427 1.575758
14.613711 0.304509
14.098981 -1.055891
7.251563 1.568927
1.064976 0.915094
1.119233 -0.655093
6.898433 0.886215
0.563226 0.057268
2.550771 0.654652
6.806520 0.042259
1.058298 0.517733
3.930830 -0.133034
6.982912 0.858213
0.347593 -0.361252
5.543352 -0.820441
6.919056 -0.507706
0.566621 0.476650
7.162670 -0.604576
7.183468 -0.720567
0.794761 0.803254
8.661196 1.454272
6.385173 -0.382074
0.986624 0.928895
9.967151 -0.006148
7.185163 -0.156770
0.525414 0.892858
11.516818 -0.551780
6.339581 -0.542371
0.474727 -1.178709
13.132578 -0.445424
7.118345 0.985648
0.836734 -0.902974
14.488740 0.774771
6.556665 -0.135378
2.271664 0.207141
0.290015 0.163516
6.955712 0.400424
2.350389 0.106135
1.784211 -0.951004
6.808200 -0.636099
2.543160 1.023314
3.226831 -1.402325
7.123334 -0.011173
2.028239 0.355728
4.962286 -0.114370
6.859355 -0.371008
1.903307 -0.233409
6.433333 -1.192864
6.432493 -0.052196
2.490856 0.001609
7.856536 0.849500
7.069426 1.322828
2.327369 -0.763325
9.193515 0.338771
7.102050 0.628455
2.232243 -0.030851
10.829800 0.515972
6.901442 0.438601
1.807048 0.948762
12.389849 0.037688
7.028543 -0.108908
2.290462 1.307405
13.837322 1.219436
7.223369 -0.431934
3.741479 -0.265769
1.002462 1.288622
6.262543 0.861510
3.890394 -0.268414
2.326112 -0.784488
7.077898 1.214570
3.824265 -0.450857
3.983255 -0.122177
6.634714 -1.408244
3.365736 -0.126080
5.377796 -0.168950
7.411646 0.425811
3.341247 -0.900708
6.762550 -0.256929
6.936992 0.915436
3.940991 -1.105925
8.158535 -0.382457
6.336579 0.413413
3.729163 1.133711
9.580871 -0.489901
6.782005 -0.551860
4.016112 0.950458
11.141878 -0.166741
7.056230 -0.412790
3.302453 -0.056503
12.593521 -0.015550
6.390644 0.259669
3.868030 0.417447
14.117791 0.415319
6.526078 -0.447580
5.103385 0.662338
0.448025 0.725098
7.130185 0.075869
5.182124 -0.013458
1.942572 0.240250
6.572464 -0.977978
5.199747 -0.743288
3.422064 -0.817277
7.370822 -0.353001
4.745356 0.052756
5.293823 -1.441774
7.052584 -0.793131
4.896364 -0.592719
6.861599 -0.561687
6.616308 -0.208527
5.475976 0.539458
8.335726 -1.060121
7.273290 0.011619
5.018291 0.199166
9.769733 -0.129677
6.794704 1.604715
5.566860 0.595389
11.329582 -1.020417
6.741883 -0.659957
4.796405 0.269046
12.666768 -0.340294
7.271502 -1.134613
5.270382 0.133956
14.060558 0.767045
7.164414 -0.661573
6.616228 0.436647
1.071186 -0.677774
7.272351 -0.534582
6.511904 -0.896455
2.649088 1.298663
6.789175 1.415655
6.654021 0.124576
4.089013 -1.127415
7.261642 0.356178
6.135446 -0.202570
5.663094 -0.133662
6.830035 0.314976
6.508535 -0.766398
7.170197 0.425294
7.242577 -0.765013
6.971773 -0.886320
8.697432 0.206527
6.713724 0.587807
6.521397 1.000229
10.059252 -1.194092
7.253395 0.972375
7.190866 -0.513649
11.526505 1.695740
7.033139 -0.054411
6.594387 0.049738
13.000509 -0.736346
6.313786 0.158534
6.735092 -1.532430
14.532567 -1.115726
6.909816 0.054362
8.012312 -0.870906
0.371373 -0.391957
6.832985 -1.073636
7.990368 0.173817
1.933362 -0.861924
6.235189 0.165822
8.125409 -0.691265
3.515582 -0.961837
7.070529 0.527596
7.989585 0.949925
4.923190 -0.613039
6.402662 0.933421
7.909418 -0.471961
6.405520 -0.101459
6.834390 0.072762
8.093919 -0.266828
7.833913 0.350261
6.770116 0.636252
8.411489 0.089051
9.372467 0.235560
6.388690 0.769348
8.402996 0.568325
10.864308 0.575556
6.186044 -0.352233
7.853773 -0.913200
12.404799 1.135158
6.902428 0.116984
8.103598 -0.072018
13.734978 -0.285423
6.130294 -0.904184
9.249188 -0.182198
1.027354 1.654761
6.703217 0.716381
9.465578 -0.920439
2.516848 -0.902944
6.792820 -0.467814
9.505378 -0.870013
4.080576 -0.447748
6.702038 -0.096819
9.311903 0.720380
5.616622 0.342855
6.059785 -0.388993
9.397934 0.970204
7.075267 1.307047
6.084270 0.494376
9.581036 0.912961
8.663177 0.298646
6.784510 0.022609
9.962343 1.258041
10.021996 -1.745240
6.292489 -0.377184
9.861023 0.214164
11.532275 0.415318
7.171541 0.397683
9.765953 -1.078701
12.897621 -1.359731
6.730573 0.228922
9.560817 -0.364222
14.437506 0.091996
7.090200 -0.420206
10.928648 -0.998499
0.449139 -1.378183
6.334455 -0.166966
10.809074 1.165046
1.839046 -0.357897
6.897382 1.067367
10.962170 -1.395905
3.352393 -0.329046
6.149081 1.093195
10.813028 -0.118311
4.737821 0.021609
6.537148 -0.937881
10.713284 -0.516778
6.251101 0.165156
7.002347 -1.442332
11.061352 -1.136835
7.634830 0.335561
6.732724 -0.202358
11.365910 1.452101
9.066276 -0.196400
6.567567 0.780053
11.505289 -0.477109
10.575241 -0.010602
6.286019 -2.227479
11.413130 -0.794176
12.119649 -0.174582
6.265786 -0.002366
10.921334 1.020487
13.752737 -0.986084
6.543820 0.448088
13.156266 -0.633135
0.836931 -0.680927
6.283820 -0.451080
12.313773 -0.752490
2.159870 0.732797
6.573917 0.226405
13.013344 -0.520103
3.557381 0.396603
6.420525 -0.575312
12.323634 1.564280
4.961527 -0.894078
6.795104 -0.549938
12.378981 -0.081748
6.521894 -0.185600
6.729468 0.625623
12.743915 -1.490791
8.181869 -0.345938
6.125908 -0.354163
12.969342 0.164221
9.738368 -0.403923
6.860372 -0.346705
12.763921 0.024378
11.384552 -1.371077
6.498744 -0.492955
12.686744 -0.230191
12.984236 -1.069637
6.550112 0.805251
12.195804 -0.028982
14.535075 -0.218881
7.100777 -0.962378
14.564081 0.494952
0.761244 -1.518709
6.458682 0.744574
13.967342 1.088224
2.210204 -0.168874
6.719572 0.099520
14.531048 1.226029
3.875021 -0.744865
7.020335 0.717104
13.783305 -1.589967
5.279093 -0.522333
6.690131 -0.408342
13.969761 0.632651
6.744395 0.455810
6.105506 -0.466924
14.409603 -0.686045
8.222304 0.834650
7.031271 -0.760805
14.363416 -0.252919
9.833899 0.281483
6.176198 -0.945087
14.145967 -0.108243
11.309699 -0.173583
7.052596 -2.082657
14.120990 -0.326059
12.704273 0.083672
6.487017 -0.259578
14.068042 0.361997
14.245150 0.012157
8.791186 -0.358978
0.304626 0.794914
0.660933 -0.815642
8.451975 -1.693284
1.070963 0.509704
2.070386 -0.438360
8.332119 0.490277
0.201869 0.478360
3.453588 -0.311941
8.326997 -0.512357
0.836283 1.007092
4.817256 1.639016
8.350934 0.104123
1.159377 -0.471421
6.344979 0.001705
8.576274 0.101061
0.406163 -0.021424
8.321783 0.986455
7.901153 0.074558
0.751294 0.945214
10.121509 -0.687771
8.713671 0.052975
0.540209 0.635305
11.479402 -1.150729
7.904438 -0.936004
0.647669 -0.970149
12.957026 0.646035
8.638808 0.240314
1.154322 0.692995
14.247880 0.580164
8.087565 -0.970101
2.220666 0.015417
0.371125 0.004163
8.449318 -0.120216
2.586844 1.177592
2.214123 -0.521511
8.135767 -1.144887
1.830251 -0.309851
3.500641 0.197692
8.579074 0.361985
2.368662 -1.057546
5.022601 -0.463656
8.671697 -0.094862
2.688491 0.022605
6.617734 0.199102
7.917011 0.224090
1.864579 0.053773
7.778607 1.963519
8.554944 0.010360
1.843075 0.550303
9.231853 0.384165
8.669421 0.757806
2.029855 0.465519
10.760542 0.951262
8.596911 0.137034
1.896116 -0.795044
12.295611 0.918356
8.515348 -0.494641
2.624380 -0.429669
13.564815 0.645376
8.717488 -0.261151
3.556029 0.837866
0.952100 -0.481990
7.874294 0.037905
3.985240 -0.780915
2.536822 -1.003271
8.630763 -0.486277
3.558876 0.086276
3.954689 -0.308195
8.495679 -0.343714
3.853551 -0.355236
5.546623 -0.111161
8.730566 -0.693636
4.145650 0.592665
7.142676 1.092898
8.268450 0.547674
3.400205 -0.295930
8.496790 0.205288
7.882128 -0.391846
3.474432 0.538968
10.025890 0.092504
8.148059 0.500296
3.163289 0.140641
11.603188 -0.443826
8.329581 0.072198
4.058189 -0.362060
13.002316 -0.832998
7.818502 -0.364548
3.738329 -0.272521
14.504452 -0.621205
8.010093 1.006972
5.005916 -1.752273
0.627841 -1.061586
8.653805 0.938910
5.479644 0.199694
2.165341 0.822958
7.972529 0.025847
5.176182 -0.240951
3.783590 -0.114385
8.813878 0.406624
5.396697 0.337067
5.138560 0.469027
8.450616 0.147126
5.669396 -0.349511
6.686167 0.013154
8.141909 -0.689470
5.088443 1.073885
8.237432 -0.153024
8.763931 -0.069021
4.737952 -0.123394
9.743148 -0.674182
8.098883 -1.129677
4.723220 0.256957
11.406603 -0.057562
8.099801 0.633979
5.587641 0.563208
12.758877 0.151467
8.773029 -0.140732
5.373543 -0.149705
14.162418 -0.196090
8.662174 -0.629063
6.390494 0.304276
0.614055 -0.607037
8.590787 -0.080226
7.147150 0.122007
1.956094 0.470635
8.737495 0.669963
6.458302 -0.103081
3.393351 -0.429382
8.309696 0.641836
6.888152 -0.189252
4.779921 -0.169727
8.034828 0.468333
7.251942 -0.136209
6.457188 0.870887
8.479485 0.407898
6.730239 0.712706
7.881632 -0.021988
8.241143 0.594000
6.161859 -0.184103
9.405050 -0.200102
8.293312 0.215480
6.272120 -0.097036
10.989884 -0.263525
8.595483 0.251123
6.911307 -0.573464
12.547151 1.103137
7.800790 0.192268
6.819659 -0.666803
14.333837 -0.039013
8.456709 1.214855
8.016647 -0.148400
0.598359 -0.605293
8.236966 -0.325777
8.625163 -1.125884
2.039072 0.454361
7.718275 0.007177
7.814310 0.411739
3.369598 -0.513852
8.452316 -1.323436
8.440237 0.737871
5.489405 0.794699
7.819988 -0.848811
8.717103 1.155994
6.829719 -0.468355
8.345146 -0.464894
8.234723 0.730679
8.407013 -1.068863
7.835184 0.407524
7.624486 0.036957
10.072484 2.005033
8.662542 0.089478
7.922755 -0.330789
11.365195 0.357582
7.660851 0.860932
8.352775 0.345126
12.471447 -1.072008
8.337209 -0.686520
8.531780 1.101523
14.033026 0.508448
7.675768 0.920066
9.423970 -0.685339
0.776785 0.322966
8.004749 0.611030
10.126906 0.666404
2.285353 -0.463317
8.208690 -0.570156
9.228074 0.601939
3.594198 -0.129201
8.056865 -0.248001
9.857251 -0.761340
5.061705 -0.786064
8.033344 0.687453
10.207563 0.562356
6.628619 -1.265772
7.463528 0.768596
9.592238 0.678925
8.051918 0.789600
8.148682 0.065434
9.479361 0.164446
9.460277 0.664359
7.768312 0.012866
9.090755 0.697573
11.030685 0.091854
8.597517 -1.241354
9.585327 -0.023789
12.480998 -0.166796
8.161840 -0.251009
10.147058 -0.193395
14.111013 0.116828
8.559041 -1.080350
10.858943 0.009249
0.816175 -0.033783
7.607387 1.036983
11.590606 0.668002
2.071569 0.469160
8.355454 -0.994153
10.762947 -0.036444
3.799215 -0.584943
7.546194 0.129548
11.269300 -0.579692
5.163482 0.244270
8.145779 0.061566
11.682823 0.737783
6.714847 0.451268
8.306182 0.122532
10.943981 -1.148117
8.399742 0.576300
8.027144 -0.089688
11.036703 0.584515
9.973306 -2.083199
7.683147 -0.968263
10.626257 1.845270
11.488252 0.018587
7.541220 0.587632
11.324601 -0.723880
12.955788 -1.722629
8.056572 -1.608180
11.616696 0.283841
14.333426 0.363566
7.831284 0.046129
12.284595 0.715739
0.736972 1.534185
7.893651 0.321285
13.044155 -1.111099
2.269563 0.308518
7.950650 -0.719084
12.155733 0.996602
3.675802 -0.393461
8.077798 -0.072089
12.707301 1.356431
5.426537 0.142644
8.130476 -0.243521
13.138848 0.209758
7.045247 -0.976715
8.332544 -0.390449
12.459265 -0.148322
8.459841 1.507753
7.610073 -0.570429
12.762886 0.384868
9.878790 -0.522095
8.263249 0.864773
12.001809 -1.545637
11.195044 0.412131
8.030588 0.517436
12.733206 0.917479
12.481908 -0.444964
7.832340 -0.620975
13.131230 -0.479665
13.996878 -0.120277
8.336800 0.400226
13.714670 0.916653
0.610565 -0.551336
7.914027 -0.203119
14.529021 1.362816
2.061640 -1.964798
8.030266 -0.529044
13.704440 -1.047425
3.805313 -0.192003
8.547254 -0.250946
14.302619 -0.724592
5.209777 -0.886206
8.140830 -0.290041
14.642445 0.877042
6.800822 -1.003176
7.554709 -0.167828
14.084775 0.150691
8.317360 1.131011
8.531921 0.080284
14.169237 0.011861
9.573244 0.004689
7.853745 -0.170436
13.977659 -0.853750
11.173751 0.369531
8.599607 1.073827
14.193262 0.851975
12.606686 -0.888914
8.003475 0.654362
14.602304 -0.332684
14.200844 -0.900265
10.384978 0.204634
0.464951 0.509158
0.927047 -0.078308
9.913275 -0.167347
0.719300 -0.408259
2.474096 -0.150222
9.821305 0.578147
0.602231 0.976634
4.151818 -0.271835
9.823199 1.003057
0.693870 0.161521
5.642364 -0.054641
9.594415 0.059692
0.294416 -0.787538
7.170985 -0.024931
9.991825 -0.487319
1.027662 1.154874
8.474224 0.786893
9.453598 0.494273
0.533593 -0.024637
10.011688 -0.315065
10.196457 0.262994
1.177611 0.224898
11.372515 -0.260307
9.585684 -1.407117
0.517191 -0.643307
12.810879 0.778120
10.107662 -0.073319
0.918984 -1.802584
14.384177 -0.599909
9.534544 -0.906127
1.842276 0.143833
1.099519 -0.963947
9.927641 -1.076416
2.371290 0.880697
2.456203 0.055422
9.809838 -0.709594
2.151078 -0.502290
3.972223 -0.468893
10.034287 0.348109
2.452158 -0.515099
5.516953 -1.675515
9.860305 0.024738
1.753446 0.184426
6.934405 1.019873
9.538363 0.310578
2.535460 -0.604244
8.263334 -1.239880
10.278056 -0.418162
1.925498 -0.606205
9.894885 0.462420
10.004420 0.140191
2.698772 -0.958091
11.520922 -0.621583
10.004729 0.125799
1.993077 -0.503741
13.069650 -0.057082
9.671738 1.321308
2.375295 -0.577654
14.615587 0.322397
10.181877 -0.306193
3.450323 -0.495933
0.809584 -0.148460
9.391594 0.430214
3.971817 -0.747220
2.347456 0.710842
10.215142 0.662115
3.681452 -0.211182
3.703591 0.014334
10.046448 -0.457513
4.085201 -0.425634
5.313127 1.318397
10.166810 0.330493
3.339643 0.623653
6.908521 1.166868
9.991787 0.170042
4.016327 -0.117235
8.300393 -0.059057
9.431652 -0.482554
3.232147 1.795956
9.810048 -1.065777
9.388046 0.376192
3.998572 0.319685
11.171872 -0.078648
9.988197 -1.007464
3.545313 0.730229
12.846994 -0.537114
9.347977 -0.305599
3.903415 -0.275927
14.340470 -0.140006
9.512382 -0.602206
4.988487 0.217992
0.763194 -0.858411
10.196012 -0.335384
5.355347 0.526112
2.130407 -0.171618
9.577503 -0.812137
5.146059 -0.652273
3.809874 -0.466088
10.287487 0.811733
5.748437 1.060431
5.576619 -0.794869
10.152039 0.745648
4.872548 -0.139949
6.958417 1.171357
9.644191 -0.534905
5.531146 0.077406
8.506310 -0.847378
10.288522 -0.693640
4.730498 -0.330502
9.810707 -0.347092
9.645442 0.711816
5.519334 0.222334
11.111035 -0.402009
9.525483 0.785848
4.992715 1.017614
12.627675 -1.182320
10.282622 2.088042
5.636372 -1.153955
14.269886 0.283382
10.167157 -0.500245
6.661540 -1.127957
0.825524 -0.291452
10.083929 0.436052
6.901398 -1.166407
2.617213 0.551769
10.176939 0.252459
6.791014 -0.666897
4.252664 -0.316412
9.480104 0.479087
7.051423 -0.052542
5.733741 -1.103680
9.852716 0.489499
6.370734 -1.089244
7.144345 0.695779
9.958712 -0.432604
7.092829 -0.114694
8.516409 -0.143512
9.554346 -1.193432
6.675330 -0.714563
10.010729 -0.188317
9.967504 0.666408
7.042656 0.263462
11.464501 0.061241
10.207675 -0.300748
6.342079 0.649967
12.829471 0.297204
9.281875 -0.147756
6.939589 -0.158874
14.102196 -0.447560
9.846106 -1.103880
8.104500 -0.519455
1.292429 0.869046
9.668612 -0.721631
8.430927 0.898750
2.730169 1.325556
9.134486 -0.447745
8.034700 0.336213
4.113217 0.543390
10.101062 -0.227975
8.376570 0.562885
5.424838 0.235112
9.328890 0.733822
7.970129 0.308124
7.085277 0.228758
9.920540 0.431764
8.592900 -0.973292
8.428648 -0.319218
9.151576 -0.018542
8.257156 0.776131
9.762167 -0.107081
9.939222 0.081065
8.590150 -0.108880
11.019011 0.359647
9.393768 -0.669173
8.172956 -0.339689
12.899666 -1.266051
9.908485 -2.002574
8.224273 0.039566
14.615128 0.136388
9.227096 -0.957109
9.505047 -1.280426
0.302814 -0.012213
9.476113 -0.306638
9.772080 0.364719
1.805197 -0.924605
9.659247 0.526250
10.004592 2.310044
3.301128 -0.884019
9.621771 -0.354668
9.711254 0.251915
4.825052 0.831833
9.422827 0.263065
9.497721 0.828836
6.334651 -0.255430
9.054857 -0.132568
9.714271 0.382873
7.796046 0.156564
9.756752 -1.192267
9.867339 0.100640
9.362149 -0.297072
9.029452 0.027502
9.937950 0.323562
10.828147 -0.642318
10.039895 0.257895
9.537629 -0.366820
12.228147 -0.483099
9.751796 1.357255
9.545696 -0.206476
13.764949 -1.585186
10.033661 0.141876
11.035806 -1.139632
0.559764 0.504136
9.063185 0.626553
11.295753 0.383886
2.365031 -0.469801
9.901247 -0.148894
11.454595 -0.340293
3.800040 0.819736
9.045813 -1.073565
11.257537 0.305990
5.108793 0.415805
9.509187 0.217160
11.026997 1.750863
6.590318 -0.415494
9.891397 0.694458
11.089456 1.440466
8.132661 0.328885
9.501162 0.526170
11.395518 0.333314
9.572520 0.301108
9.776841 0.123236
11.331154 -0.762094
11.145861 0.163631
8.993732 1.817989
11.148221 -0.823897
12.520701 -1.112217
9.469848 0.517740
11.022812 0.569684
14.042858 -0.780673
9.406559 -0.283993
12.488352 0.025958
1.324105 0.322011
9.420084 -1.244845
12.771534 0.203390
2.819518 0.094849
9.278126 0.218489
12.875389 -0.131529
4.407181 -0.476823
9.673031 -0.440251
12.471405 0.859872
5.910071 0.540711
9.540353 1.473846
12.408401 0.067141
7.384969 -0.059490
9.897152 0.647876
12.682379 0.489608
8.774791 0.705604
9.153644 0.189996
12.820402 -0.443989
10.180930 1.017657
9.611412 -0.242133
12.744774 1.324362
11.781168 -0.481530
9.390852 0.141359
12.536472 0.416458
13.305345 -0.153093
9.302611 1.275457
12.565478 1.093212
14.778687 0.360970
9.875755 0.483927
13.908273 0.565791
0.493352 -0.523943
9.319787 -0.135913
14.157348 -0.027514
1.934623 -0.008282
9.562179 -1.043218
14.201736 0.793043
3.545553 0.319971
10.140000 0.253981
14.108482 0.480914
5.017430 0.868091
9.477974 -0.083512
13.903572 -1.796769
6.462298 -1.063272
9.097126 0.973058
13.934314 0.596681
8.089044 -1.492356
10.052010 0.485898
13.978470 0.733682
9.675038 -0.067006
9.388602 -1.150219
14.121197 -0.319972
11.102577 0.782397
10.203536 1.941672
13.959832 0.972143
12.535603 -0.943202
9.465971 -0.083903
14.269246 0.130596
14.004770 0.017218
11.828381 0.433449
0.811378 0.478544
0.315305 -0.050066
11.689794 -1.192419
0.440697 0.270978
1.787472 0.564964
11.248375 -0.049895
0.758186 -0.646623
3.338210 -0.644727
11.458099 0.408352
0.195571 0.088849
5.158338 1.268621
11.239991 -0.381900
1.206439 1.000553
6.437458 -0.044555
11.518913 -0.239709
0.785207 -0.877374
7.983339 0.194440
10.954702 -0.351491
0.366764 -0.083962
9.481586 -0.006958
11.797417 -0.097724
1.108014 0.886270
10.985014 1.825739
11.127728 -0.023277
0.383311 -0.591740
12.376928 -0.636047
11.522150 0.528952
1.141565 1.380817
13.686568 -0.947272
11.077892 -1.522004
2.153818 0.312159
0.579845 -0.314526
11.410165 -0.502121
1.869126 0.278813
2.075361 0.063889
11.332184 -0.233666
2.442386 0.442056
3.447914 0.618585
11.214426 0.102296
1.668669 0.293815
4.830439 0.035311
11.563169 -0.817492
2.684546 -0.843371
6.273662 -0.452758
11.034899 -0.797027
2.277260 -1.978200
7.910180 0.613295
11.703229 1.763117
1.708224 -0.155170
9.311795 0.148802
11.497709 -0.128239
2.613167 0.225562
10.713900 0.168598
11.385159 0.508341
1.964015 1.808127
12.255590 0.444611
11.236158 0.039303
2.591575 -0.471706
13.979993 1.087580
11.723665 -0.031595
3.700157 0.410264
0.685292 -0.553209
10.934023 0.321304
3.580187 -2.089310
2.155309 0.783639
11.718530 1.035368
4.079984 0.315228
3.482605 -1.668696
11.330652 0.425798
3.280590 0.847068
4.810723 -0.160483
11.441090 0.791306
4.188925 -1.867657
6.230366 -1.038004
11.667594 0.290383
3.685449 0.795409
7.731384 -0.786538
11.096216 -0.257050
3.353208 -0.454974
9.273248 -1.157761
10.880731 0.675570
4.049115 0.026373
11.105031 -0.876364
11.591909 2.097773
3.402151 0.235370
12.741215 1.025367
10.826532 -0.204162
4.133349 -0.548521
14.267996 0.261703
10.991735 -0.450820
5.159251 0.055016
0.695873 0.387180
11.831727 -0.239775
4.978076 1.459609
2.070462 -0.552081
11.051311 -0.803059
5.640228 -1.782545
3.444650 0.696319
11.414230 1.280994
4.910984 -0.316457
4.779715 -0.182240
11.568499 -1.360355
5.678024 -1.006704
6.590238 0.221778
11.271459 -0.281707
5.040399 -0.095685
8.234377 0.595059
11.820270 -0.802915
4.694966 0.915502
9.693192 -0.052545
11.160157 0.646845
5.623833 -1.186819
11.354947 0.362049
11.071730 1.125888
4.877339 -0.575678
12.738466 -0.066563
11.741186 -0.623249
5.412079 0.611615
14.007416 0.115607
11.684827 0.466420
6.607730 0.601391
0.362850 -0.589869
11.513835 0.677744
6.506420 0.843327
1.944981 0.079070
11.572762 0.504367
7.102692 0.586436
3.461121 0.187268
11.643571 -0.518308
6.376469 0.372708
5.005847 0.779544
11.009821 1.139910
7.147766 -0.369543
6.476335 0.193777
11.446396 0.075262
6.587888 -0.316858
8.040192 0.352953
10.983787 -0.421090
6.116552 0.163164
9.568483 0.885746
11.519383 -0.527193
7.116606 0.482762
11.129027 -0.898893
11.796906 1.218319
6.555629 0.309661
12.598586 -1.030589
10.936825 0.285726
7.111520 0.297283
14.012073 0.647099
11.223203 0.865744
8.081640 1.569477
0.499941 0.849782
11.224612 -0.995957
8.138778 -0.320872
2.153079 0.178220
10.736939 -1.065631
8.358673 -1.294807
3.855964 1.092326
11.501537 -0.227047
7.943000 0.868768
5.280421 1.782972
10.675939 0.145252
8.669681 -1.040150
6.986983 -0.930326
11.377501 0.762677
8.064178 -0.130113
8.468738 -1.536757
10.707218 -0.408982
7.695212 0.870171
9.892882 2.581424
11.397566 -1.044790
8.669296 -0.469598
11.321008 0.442162
10.840169 0.166472
7.892874 -1.137210
12.566306 -0.428339
11.248146 1.507913
8.686900 0.742842
13.971920 1.171111
10.739964 -0.321170
9.553919 0.086746
0.993078 -0.797531
10.946377 -0.158233
9.615275 -0.420310
2.546721 -0.268091
11.000350 -0.844867
9.845219 -1.080598
4.156764 0.721662
11.218207 -0.292235
9.462848 -0.433149
5.635349 0.189185
10.772091 -0.060858
10.222713 0.394693
6.906023 -0.458061
11.003053 0.022949
9.716692 -1.360653
8.307919 0.794487
11.141163 -1.158118
9.186222 0.164211
9.772348 -0.317204
10.607510 1.415791
10.079548 -0.859138
10.913901 -0.309387
11.433137 0.818621
9.590029 -0.986228
12.711531 -0.159036
10.976398 -0.153104
10.137704 0.141425
14.337502 -1.019573
11.483933 0.686107
11.107343 -0.663254
0.878654 0.601999
10.569969 -0.736353
11.272420 -0.554899
2.253131 0.777276
11.402743 -0.463200
11.295577 -0.348411
3.760389 -0.777955
10.570681 0.277166
10.920691 -0.034657
5.327375 -0.769630
11.097317 -0.189991
11.679257 0.266815
6.631333 -0.425238
11.353404 -1.706797
11.327065 -0.337365
8.154193 -1.333149
11.162690 -0.460800
10.822590 0.319775
9.605065 0.256395
11.409642 1.101107
11.589233 0.142492
11.335299 -0.168154
10.494212 -0.260207
10.967531 -0.848203
12.702908 -0.215220
10.900585 0.482574
11.686134 -0.196010
14.148579 -0.225568
10.743597 -0.927693
12.492180 0.847872
0.575491 0.427561
11.270326 0.019364
12.781720 0.605056
1.962055 -0.074508
10.813353 0.041696
12.830624 -0.629479
3.469639 0.748418
10.808022 0.356974
12.420129 0.654164
4.925121 -0.624915
10.879784 1.158483
13.132941 -0.280976
6.826185 1.410979
11.257537 0.879674
12.892574 0.442598
8.285189 0.256362
10.673329 -0.648712
12.324986 -0.198277
10.130919 -0.666252
11.019697 -0.440720
13.260399 -0.997817
11.281536 1.063654
10.930131 -0.841070
12.452000 0.243324
12.698756 0.561536
10.729384 1.094217
13.200061 0.128029
14.085581 -0.611664
11.352135 0.227400
13.938109 0.361058
0.841278 -1.389458
10.778573 -0.940782
14.198105 -0.317514
2.374608 -0.823802
11.252673 -0.556943
14.229632 -0.606955
3.918155 0.756555
11.579463 -0.849228
13.585348 0.905138
5.463483 -0.726669
11.047070 -1.182717
14.631571 1.842321
6.715571 -1.275173
10.585795 -0.610929
14.340010 0.419467
8.207440 0.591355
11.626112 1.243605
13.828465 -0.496032
9.802804 0.915705
10.768906 1.775210
14.740708 0.472214
10.910973 -0.356715
11.631611 0.284691
14.013523 0.668558
13.028053 -0.067331
11.041154 -0.960573
14.691367 -0.283698
14.335571 0.931991
13.196098 -0.729727
0.993221 0.088728
1.094337 -0.912424
12.991984 -0.331029
0.801008 -0.069800
2.644203 -0.431044
12.552379 0.378928
0.815835 -0.386837
4.135349 -0.620387
12.693494 -1.005600
1.154923 0.929289
5.679983 0.506961
12.605381 0.616510
0.292756 0.077647
7.008264 -0.462728
13.077391 0.058078
0.983568 -1.645508
8.522406 0.294076
12.433002 -1.343134
0.264864 -0.150425
9.863642 -0.484190
13.366856 -0.607650
1.017723 0.286387
11.226691 0.692421
12.706972 -1.130981
0.705420 -0.581631
12.629812 -0.063018
12.963706 1.605992
0.673851 0.014642
14.288047 -0.103259
12.537830 -0.343832
2.389457 -0.177606
1.236666 0.192695
12.815211 -0.422258
2.295650 -1.001894
2.840459 0.985800
12.658393 0.361585
2.273009 -0.012460
4.402140 0.822796
13.063280 -0.392165
2.586177 0.850725
5.828598 -0.239650
12.529490 0.413763
1.908826 -1.740343
7.175543 0.444378
12.677448 -0.421514
2.653923 0.347874
8.558651 0.379759
13.063568 -0.947883
1.902111 -0.799399
10.020145 0.252879
12.902723 0.219162
2.483931 0.255733
11.575789 0.599350
12.801583 -0.416426
2.177085 0.247697
13.124002 -0.262201
12.675515 -1.965128
2.204408 -0.916838
14.652858 -0.238074
13.246802 -0.180723
3.679844 -0.084439
0.840038 -0.039003
12.607170 1.417957
3.660063 0.346626
2.218423 -0.933769
13.132940 -0.044184
3.634282 0.275314
3.773736 0.818812
12.634579 1.048781
4.135257 -1.142597
5.227670 -0.048830
13.164428 -0.740191
3.443354 -0.957138
7.022023 0.177257
12.909057 -0.408014
4.125312 -0.847871
8.510707 -1.309648
12.733628 -0.408978
3.407826 0.179047
10.005039 -0.344910
12.305141 0.847548
3.858840 1.422934
11.482690 0.333673
13.217714 0.152437
3.730747 0.380041
12.804261 0.374200
12.382026 -1.154689
3.822577 -0.062787
14.132618 -0.191986
12.503294 0.374149
5.153540 0.246096
0.533205 -0.192301
13.160261 -1.190416
5.653929 -0.648067
2.067634 -0.750202
12.588284 -0.254654
5.423428 0.194449
3.637856 0.354911
13.043734 0.843477
5.643329 1.229532
5.265945 -0.854592
12.854259 0.265365
4.867721 0.077805
6.673198 -1.156701
12.767676 -1.364949
5.640417 1.063038
8.258362 -0.569611
13.289925 1.334013
4.916842 0.514039
9.763160 0.799488
12.529740 0.189555
5.279629 0.823660
10.974494 0.808095
12.593545 0.756915
5.060681 -0.118456
12.570983 -0.110067
13.246336 -0.008565
5.350039 1.038697
14.030275 0.065107
13.144694 -1.347133
6.639448 0.384925
0.835233 -1.065627
12.839714 -0.066291
7.051374 -0.234118
2.512500 0.105206
12.985168 -0.940323
6.939286 0.723812
4.167433 0.305508
12.843710 -0.343572
7.211365 0.593663
5.643783 -0.402913
12.800445 0.521304
6.517008 0.858911
6.994433 -0.243599
13.031788 0.314326
7.171972 0.657748
8.471268 1.552639
12.475232 1.117499
6.450062 -0.248164
9.821507 1.154055
12.941609 -0.731862
6.650816 -0.120238
11.367855 0.659974
13.371805 0.691364
6.394016 0.440269
12.829646 -0.220226
12.526469 -0.179097
6.728559 0.139978
14.083026 0.986173
12.617679 -0.127058
8.105557 -0.096703
1.243307 0.466433
12.837033 -1.607334
8.548258 -0.976635
2.688699 1.021347
12.378458 0.165619
8.499599 -1.326311
4.146688 -0.553185
12.919261 0.291321
8.775984 0.657263
5.631472 0.638753
12.188408 -0.056386
7.930572 0.203309
7.068970 -1.335002
12.783642 0.384903
8.723792 1.195367
8.360291 -0.053399
12.225857 0.326672
8.048933 -0.186970
9.904653 0.846850
12.815710 0.600544
8.149883 0.794428
11.409995 0.303321
12.339835 -0.466413
7.984234 -0.163269
13.007648 0.661719
12.723498 0.908580
8.125016 0.384598
14.623299 -0.045295
12.186836 -0.645743
9.562937 0.439990
0.299596 1.747404
12.245935 -0.936316
9.795146 0.614836
1.754891 0.828974
12.405704 -0.852666
9.907732 0.467214
3.319508 0.466838
12.487639 0.370672
10.081097 -0.601064
4.907650 0.947874
12.184286 -0.662295
9.421813 -0.063404
6.908634 1.560957
12.391088 1.916785
10.222345 -0.351981
8.233581 0.394077
12.695383 -0.364683
9.604301 1.053822
9.757903 -0.358169
12.117741 0.256369
10.073260 0.217030
11.270329 0.500126
13.000443 -0.178567
9.408803 -0.828853
12.320143 0.516638
12.682909 0.101057
9.530426 -0.274909
13.787205 1.022768
13.007772 1.336866
11.026171 1.006828
0.980385 -0.065546
12.127253 1.083780
11.367600 1.060300
2.318730 -1.235136
12.912942 0.245062
11.303765 -0.824230
3.765936 0.379246
12.024051 0.308987
11.511401 0.569196
5.255849 -0.132768
12.689891 0.045479
10.847817 -0.394075
6.741996 0.052759
12.981746 0.242126
11.571180 0.215052
8.435574 -0.983333
12.711716 0.225837
11.108994 -1.340854
10.061293 -0.330219
12.948399 1.404691
11.437704 -1.114305
11.675714 -0.565579
12.067765 1.760104
11.123110 0.403680
12.905795 0.131202
12.395000 0.193460
10.966831 0.059227
14.472837 1.175586
12.353382 0.039980
12.637771 1.170011
0.403486 0.671506
12.872185 0.765533
12.994043 0.397733
1.758339 -1.029695
12.390519 -0.180543
12.720023 0.636963
3.364839 -0.413544
12.854453 -0.598029
12.928150 0.010135
4.928242 0.294286
12.635750 0.302978
12.388364 1.099560
6.437025 -1.670048
12.754012 -0.417027
12.977249 0.255465
8.059713 -1.106220
12.096337 -0.725705
12.313725 -0.732676
9.481823 -0.160839
12.579560 0.203644
12.909162 0.765338
10.776088 -0.076211
12.439219 1.736858
12.842016 -1.223466
12.270198 0.445349
12.469536 2.273014
12.475745 -0.369816
13.760808 0.368760
12.797719 0.542904
14.474936 1.091959
0.922676 0.099228
12.411022 -0.456630
14.197290 0.428818
2.549268 0.825223
12.848837 0.752030
14.191800 -0.186375
3.970792 0.127756
12.969479 0.284948
14.572736 -0.926271
5.440318 0.502437
12.398852 -0.862714
13.804576 0.892582
6.814601 -1.685425
12.172408 -1.072721
14.374652 0.235567
8.382891 0.408759
13.128883 0.651101
13.757057 -0.766223
9.526209 1.171332
12.160935 0.639193
14.453725 -0.005259
11.492098 0.176116
13.131300 1.081501
14.132017 0.225003
12.827555 0.637664
12.542818 -0.766413
13.961464 -0.515775
14.368237 -0.627649
14.607754 0.174134
0.495940 -0.473784
0.413583 -0.458222
14.622206 0.688533
1.140460 0.484827
1.865413 -1.883533
14.008273 -0.067508
0.378625 -0.809821
4.027807 -0.913124
14.390207 -1.099895
0.677789 0.287354
5.500317 -1.683791
13.927130 0.904967
0.918231 -0.878368
6.898110 -0.347668
14.670620 -0.022121
0.609341 -0.819738
8.216152 -0.119382
13.903167 1.555973
0.341394 -0.683082
9.766221 0.607217
14.906457 0.073459
0.852186 -0.547185
11.116602 -1.003962
14.280747 0.223865
0.259107 -1.048797
12.593464 -0.170344
14.457025 -0.823849
1.195552 -1.005334
13.915214 -1.330410
14.085878 0.829655
2.214490 -1.186943
0.406465 -0.132870
14.145156 -1.520970
2.752248 0.302265
2.004091 0.682483
14.155501 0.009979
1.739109 -0.415935
3.253787 0.254534
14.311045 -0.913172
2.073356 -0.797077
4.804966 -0.088429
14.560780 0.259839
2.333831 0.611332
6.333800 0.854101
13.990391 -0.609574
2.170865 -0.024577
7.777268 0.054363
14.420757 0.301001
1.916144 0.150288
9.277288 0.023089
14.433064 -0.530436
2.384231 0.936947
10.843718 -0.869518
14.231599 0.157450
1.886019 -0.946334
12.364372 -0.301096
14.185458 1.273665
2.709303 0.083352
13.820951 -0.011467
14.820451 1.164775
3.603060 0.247558
0.753654 0.152243
13.861738 -0.000531
4.367603 0.724908
2.618706 0.003181
14.636155 0.558415
3.262169 -0.683371
3.631453 -0.033424
14.046922 -0.933367
3.621676 0.278646
5.251431 -0.427320
14.838360 0.310712
3.791895 -0.714485
6.632126 0.204907
14.333376 0.647749
3.628939 1.386624
8.072699 -1.313651
14.368639 -0.155936
3.480224 0.246182
9.616891 -0.399475
13.833157 0.004664
3.937511 0.115114
11.128626 1.346657
14.617749 -0.312219
3.500843 1.228174
12.343281 0.532457
13.858479 -0.142681
4.023988 0.687661
14.449528 -0.132649
14.053380 0.484852
5.020547 -0.681166
0.963919 -0.715837
14.931734 0.589530
5.566615 -0.510641
2.211811 1.419408
13.986854 0.607586
4.890662 0.636820
4.224061 0.360323
14.670294 -0.539630
5.014716 -0.058337
5.652831 0.380276
14.218923 -0.421728
5.153840 0.009465
7.255327 0.822719
14.463333 -0.374580
5.033698 -0.465082
8.764633 -0.166913
14.709454 1.018135
4.901699 -0.270256
10.293960 0.402553
13.966246 0.271203
5.490312 -0.565322
11.500565 0.315479
14.393259 -1.042818
4.911726 0.008479
12.921306 -0.056528
14.699998 -1.159767
5.314742 -1.661677
14.388666 0.258027
14.566212 -0.146626
6.426198 -0.320761
0.572041 0.456633
14.463510 -0.377182
7.069331 -0.794670
1.984338 -0.115735
14.052355 -0.636764
6.124111 0.337055
3.326013 0.573061
14.637359 0.642898
6.443494 -0.696423
4.767865 -0.983682
14.093887 0.411231
6.351710 0.518447
6.230442 -0.521510
14.498728 0.367877
6.578595 -0.596654
7.957016 -0.528073
14.131902 1.188103
6.294950 0.216173
9.639194 0.166379
14.332461 -0.746866
7.097699 -1.489498
11.020263 -0.265404
14.835933 0.162094
6.492513 1.078343
12.374928 1.445011
14.036549 -0.011773
6.925256 0.103123
14.136685 0.778247
14.222340 0.711565
7.957877 0.941497
0.645512 -0.602293
14.339681 0.108512
8.657134 0.595215
2.132174 0.042942
14.147588 0.759570
7.742960 -1.801854
3.436278 0.462714
14.170518 0.425334
7.931198 -0.355277
5.236585 0.292281
13.773294 -0.635335
7.891472 -1.010105
6.874064 -0.002456
14.282249 0.787387
8.222454 -0.316899
8.342104 -0.414704
13.732400 0.896877
7.843030 -0.535534
9.765458 0.525406
14.218453 0.269804
8.652472 1.196405
11.158132 0.836220
13.920393 0.256909
7.829790 -0.425904
12.560646 0.536378
14.250143 1.160527
8.434606 -0.138586
14.049166 1.027886
13.561426 -0.138607
9.375379 0.565558
0.880603 0.770476
13.794864 -0.040393
10.115386 -0.873980
2.426281 0.081190
13.823103 -0.609514
9.188305 -0.045736
3.882898 -0.151353
14.149169 0.112189
9.682034 -0.052446
5.330777 0.783339
13.811955 -0.196006
9.594616 -0.277219
6.866738 -0.083193
13.878448 -0.907855
9.836699 -0.104935
8.421051 -0.261593
14.240271 0.196876
9.253159 0.456293
9.722727 -0.030102
13.718183 1.694081
10.067824 -0.154514
11.079123 -0.224531
14.532704 -0.152182
9.372211 0.550530
12.731205 -0.154337
14.025519 0.414559
9.991218 -0.084733
14.313595 -0.679014
14.534349 0.213258
10.720136 0.013188
1.067015 1.327034
13.637207 -0.278785
11.725433 -0.662471
2.410561 0.507317
14.338812 -1.197417
10.708826 -0.094169
3.796182 0.369319
13.513233 1.402907
11.223825 -0.300509
5.187312 0.449127
14.258731 0.645390
11.262890 -2.309929
6.507817 0.402638
14.393845 0.645327
11.244499 -0.153903
8.002676 0.532706
14.241758 0.243611
10.939837 0.676153
9.559491 -0.132904
14.401801 0.791015
11.457967 0.180090
11.211804 -1.334171
13.717991 0.549847
10.721536 0.183545
12.839986 1.589646
13.741210 -0.211104
11.530668 -0.349948
14.283564 -1.039585
14.026489 0.598469
12.229895 -1.251154
0.778335 0.616708
14.451713 0.465995
13.080362 0.758227
2.084892 0.722053
14.058220 -1.356429
12.316326 0.106891
4.009469 0.238346
14.209838 0.154866
12.626547 2.345484
5.592474 0.517724
14.086110 -0.677469
12.743704 -0.435181
7.128588 0.537350
14.158853 -0.771213
12.703722 1.689629
8.657594 -0.239231
13.877969 1.526434
12.344809 -1.370450
10.042567 0.702540
13.999257 -0.094027
13.016286 -0.636332
11.522626 -1.011220
14.068500 -0.591226
12.242405 0.824072
12.811283 -0.177388
14.020459 0.898068
13.047547 -0.217368
14.277573 1.187635
14.094461 0.528408
13.817618 0.428224
0.673672 -0.246106
14.037003 -0.232261
14.638424 0.358293
2.155962 -0.819887
14.236060 -0.963661
13.771991 -0.847422
3.527291 0.729673
14.498098 -1.161614
14.080055 0.653811
5.101209 0.229393
14.001738 -0.026865
14.195739 1.419243
6.578732 1.166153
13.732800 0.594298
14.303038 -0.404075
8.110850 -0.683225
14.591058 0.324213
13.898558 -0.889761
9.927289 -1.024840
13.646396 -0.165158
14.417598 -0.673685
11.179653 0.298918
14.643682 -0.897610
13.676590 -1.326638
12.899573 0.063563
14.083202 -0.499799
14.618209 -0.036319
14.113896 0.025483
