3.576746 -2.317368
0.858870 -2.180897
0.506149 -0.812871
0.752993 0.980249
0.878928 1.385073
3.295146 -3.271375
17.027163 -0.547022
0.952083 1.437540
4.932753 -2.621068
1.184390 3.366805
0.374082 0.003922
6.379176 0.168599
3.230604 -1.889776
1.639240 1.116352
7.743195 -2.108164
16.240799 0.735920
0.042716 -1.616561
9.250441 -0.074624
15.693286 -0.879700
16.840147 -0.321975
10.856134 -1.894649
1.262334 -3.062716
1.378832 -0.279428
11.670115 0.410862
3.607733 -1.684800
1.052293 0.400928
13.875955 2.911826
1.827694 1.039042
17.080444 1.380696
16.978924 0.529977
5.292156 1.096252
3.515660 2.069059
1.214979 1.400036
6.352858 -2.698967
3.881759 1.681700
4.158990 -0.561349
3.083605 -2.371343
0.441622 0.508223
6.371781 -0.249363
5.791173 1.341239
3.196112 -0.587523
7.277742 -3.125393
5.802262 -0.052166
3.792044 -1.931903
9.107377 1.306492
2.471713 -2.300549
0.431656 -0.732458
8.980458 2.759603
6.134648 -1.256537
3.195000 1.083176
12.250395 -2.125062
7.103058 -2.963555
2.712193 0.050363
13.743393 1.288800
5.409140 3.485728
3.443292 1.205909
14.499889 0.086590
3.919366 1.550394
2.579119 3.044142
0.256108 1.214829
6.437091 -1.381360
4.446264 1.405059
2.268033 2.935740
4.765767 -1.780204
4.422714 -1.566776
3.006940 -0.837532
5.856148 -0.180929
2.535074 3.214107
5.577376 0.522117
5.660225 1.263698
6.124834 -1.018338
6.382396 -2.743499
4.962026 -0.126315
4.706616 -3.231744
7.730630 0.432481
5.171213 -2.255743
4.515293 1.546344
11.183328 0.546659
4.214715 -0.176037
5.955880 -1.659782
12.142570 -1.253957
4.773615 0.202494
4.397037 -1.772330
13.104173 0.139831
5.841241 -0.034033
4.882900 0.129904
16.011862 3.188112
5.326750 0.998770
3.147424 1.061786
16.274263 -0.830581
4.884209 -1.954518
8.769847 2.221045
2.352972 -1.280297
6.517649 0.513881
7.864356 0.565153
2.784712 0.545105
6.573579 1.514022
6.785107 -1.889269
4.571407 2.659191
4.125092 -1.771075
7.724607 -2.498633
6.799428 0.746770
4.432697 3.330988
6.463813 -0.544224
7.876482 -1.144109
6.028070 2.353489
5.527489 1.656089
9.987623 -1.267588
5.278012 -2.997697
6.848489 2.546643
10.938300 -0.994849
5.071097 -3.128642
6.018402 -1.559521
13.886964 1.432164
3.720876 -0.366494
6.742662 2.133670
15.205963 -3.437680
5.054695 0.525632
7.802341 2.043461
16.390141 -1.762799
1.612958 -2.352070
10.329490 0.230455
17.098896 1.928052
17.070974 -2.861081
10.189448 1.672514
1.632654 1.443183
7.177371 0.497930
10.243659 2.316641
3.751780 -0.626507
1.459394 3.227906
9.272535 1.006178
6.308358 1.914938
4.133990 2.578647
8.617952 1.154668
8.360571 -1.629491
3.094115 -0.023791
6.997312 0.339863
8.803246 2.411924
5.406428 1.293808
8.875416 -1.849179
11.437336 0.634341
0.418251 -1.688240
8.410206 1.003267
13.239787 1.230258
2.692117 -0.158430
10.261412 4.188593
13.000703 0.577628
0.563444 -0.886839
7.370162 -1.117981
14.837410 -3.635921
15.144277 0.285267
9.881721 -0.897493
1.011136 -3.006780
16.572798 -1.081100
8.787084 -0.620971
2.784855 -2.399723
13.481953 1.771785
10.891157 -3.279882
5.687023 -0.176846
15.123278 1.275637
11.555211 2.269617
5.600317 -2.072632
15.505406 1.751046
11.131725 -0.951247
7.456166 -2.989696
15.510020 0.424407
10.204467 -0.701853
10.631531 -1.409030
16.541372 2.173032
7.578709 -0.627324
12.044535 2.439237
15.153214 -2.925229
10.626438 1.430736
13.384689 -0.646261
15.022416 -2.438971
10.106019 -1.977625
15.043675 -0.994074
15.843306 -2.058177
10.676003 0.061192
16.711008 -1.803444
14.263104 0.842012
11.566904 -2.608767
0.767224 1.219442
12.767395 -1.440483
10.322842 -1.758824
3.768340 -1.639505
14.542322 -1.959860
10.787879 -2.564153
4.078909 2.344918
12.684635 1.259405
12.611576 3.597239
5.838348 0.452360
13.941239 -1.557698
12.169866 1.806436
7.052884 0.321164
14.681160 -2.766399
9.276858 1.609269
9.350311 -2.050788
14.201303 -1.112927
12.215534 0.837538
10.306951 4.045698
14.934066 1.398733
11.452694 -1.498781
11.725808 -0.767959
13.958776 1.559581
11.757195 -0.217873
14.365582 3.347863
15.783031 -0.410806
12.508525 1.163577
16.732445 -1.497675
14.274050 3.648875
11.919633 0.242857
2.596453 -1.380352
12.413685 -0.871436
13.141006 -0.198841
3.193616 -0.302295
11.173649 0.164102
13.334332 0.352647
5.041963 3.144600
12.405757 -0.338343
14.393771 -1.731310
6.365449 -0.831552
12.718932 3.222810
13.329818 1.050404
7.978965 1.959242
12.789163 0.806995
11.993361 1.376776
11.465557 -0.833773
13.930370 2.256775
12.815799 -1.565572
12.698593 1.365875
13.582919 0.796581
13.966456 -0.571481
14.089681 -0.261744
14.611732 -0.847182
13.087894 1.188762
15.358865 -2.302001
13.479632 2.588336
13.024183 1.103468
16.963505 -1.687885
14.320207 0.871410
14.725351 1.963678
1.323090 -0.777273
12.850416 0.983455
14.912474 -2.430345
2.353188 1.138110
13.676087 -2.262937
15.472824 -0.406383
3.875689 0.611174
12.623663 -0.948296
16.449339 0.945867
6.539484 -1.244184
13.120468 3.417229
15.293861 1.158192
7.712922 1.237386
12.540908 2.325437
13.113224 -0.829076
9.922253 -0.762612
13.080823 2.365029
14.523153 -0.048871
12.608093 -3.012575
15.132711 -3.161089
14.317522 0.000135
13.259103 -1.139061
14.931381 1.469699
14.893464 -2.496285
14.963664 -2.326731
14.839882 -3.719521
14.200355 -0.807287
16.814445 -1.348236
16.652945 1.824225
16.298733 -0.087909
2.071313 1.857761
16.268448 2.077276
17.030226 1.605880
3.603377 1.765859
14.444736 0.630450
0.039604 -0.350483
3.545469 0.783172
14.629220 -1.884016
16.577541 -0.451702
6.671072 2.883981
14.623081 1.908339
15.951367 -0.850542
8.486131 -0.588354
13.699991 -2.076486
14.495079 3.138345
9.339785 -0.098074
14.710527 -0.133593
15.048981 -3.702725
11.668228 -1.558423
16.566729 -1.071763
15.266619 -0.220883
14.287828 3.397371
16.588047 -2.998986
0.310996 -0.532320
15.581320 -0.269032
15.600744 1.584417
15.875604 -1.607336
16.295456 2.326899
5.325956 -2.716225
1.644968 -2.684794
1.242500 0.770082
5.487355 2.238191
0.498666 0.039518
2.730572 -2.499746
3.060221 -0.704788
15.197090 -3.347980
6.296226 1.566640
4.829167 -0.280673
1.764294 -1.708612
7.118130 2.452328
5.711586 0.776438
1.803272 -3.153975
8.725451 2.050312
4.920106 2.262967
0.531568 -0.886324
10.251423 -3.043497
4.504996 -2.138028
1.349080 1.877656
11.768909 2.175067
3.188003 0.391066
0.121883 1.473467
12.332192 -2.439291
5.063426 0.851719
0.670615 2.288075
14.702644 -2.391466
6.476722 2.069773
2.015436 -1.302448
0.008421 -0.494858
8.061934 -3.454480
4.473711 1.788576
1.305435 -1.418941
7.897143 -0.295357
3.678964 -2.316089
3.124293 -0.667469
5.065953 -0.924801
1.418094 3.169804
4.317211 0.836590
7.527835 -1.621819
3.386821 0.761307
6.242146 1.190270
7.273945 -0.405547
2.961242 1.891011
8.254821 1.537698
6.879774 0.435931
3.605364 0.986087
10.622537 -1.980424
5.463552 1.156083
2.451840 2.625863
10.471409 0.978293
7.767117 0.621557
4.029887 -2.915547
12.245273 -1.338621
7.085256 -1.596474
3.761725 2.933486
15.472953 1.814565
8.181394 -2.142728
3.036248 -0.494864
17.062487 0.668025
7.258801 2.306867
6.264159 1.219463
1.756801 0.797578
7.511856 -2.819072
5.470147 2.312160
3.572806 -0.157236
7.103998 -0.001234
5.208500 0.709759
5.409611 1.266825
6.894792 -0.111994
4.745686 0.114293
7.205408 -2.144699
7.543302 2.566470
4.717182 -1.200332
9.167909 -0.506018
9.632683 -1.711070
4.703533 -1.178233
8.972174 0.796699
7.497214 0.365637
5.281025 -1.234132
10.934323 3.230435
6.498505 -2.491897
4.658667 -1.752751
13.864938 1.856467
7.586905 1.474306
5.252306 3.669735
16.646175 -0.694215
6.674290 -1.244242
3.816185 -2.036631
0.221383 1.793380
7.438137 -1.505546
8.057195 1.417264
1.307457 3.059724
8.168904 -1.466128
7.207173 -1.386230
3.299831 -1.429903
8.451617 1.689438
7.004578 -0.846200
5.209664 1.655372
7.344287 1.461903
6.640256 2.020252
6.583430 0.694842
6.244356 1.926219
5.937799 -2.915430
8.192862 2.366932
7.448858 -2.962241
6.583548 -0.228026
9.652763 -2.331192
6.080213 0.647252
5.587695 -0.806268
12.324076 -2.629824
7.782368 0.076868
5.364778 0.360910
14.822828 2.045871
5.955931 0.284823
6.450120 1.177923
15.318439 -3.795509
6.627880 -2.035255
6.947530 3.592395
16.917578 2.535829
7.544102 1.268063
10.017237 -0.538308
0.718281 -1.364662
6.416684 1.816016
9.631489 -1.271283
2.082332 1.905699
8.094283 0.988589
9.011312 1.857194
2.666358 2.988580
5.852591 -0.386128
7.964431 2.189327
5.604120 2.111962
5.809840 -1.184173
7.730862 -0.238350
7.443931 3.687371
5.371920 2.555794
7.128607 1.751549
9.179793 2.038184
6.595485 -3.480131
8.684492 0.185318
13.435849 1.362290
5.316499 -1.392793
7.534435 1.238328
12.612166 1.945880
5.076171 -2.265825
8.003560 -0.923670
14.519561 2.687373
1.432826 -1.733190
9.460659 0.924501
14.366098 3.218433
3.323392 -3.096475
9.733888 0.561748
0.188893 -0.688042
2.127492 0.742705
10.415149 -2.080710
3.229057 2.057176
0.385790 -2.173196
10.360291 1.209779
3.329333 0.948919
0.068658 0.961914
11.894608 2.039888
7.331200 1.478369
1.208342 3.283568
8.737281 2.543600
9.068025 -0.682953
0.258100 2.128918
9.030159 2.052694
11.042088 -0.323739
16.131311 0.351709
9.602900 1.683365
12.268135 -3.718323
16.870445 -1.581707
10.536524 0.321491
13.996691 -0.422340
16.844332 2.111209
9.145753 3.161191
15.235314 -0.798120
0.352016 2.347420
11.629046 -1.362365
0.220046 0.400690
15.940648 2.510065
11.595182 0.851711
1.192312 1.835227
15.715002 1.824598
10.530715 2.009218
2.763038 -1.070438
16.657085 0.030271
11.517999 -1.029562
4.516832 -2.470095
14.378581 -0.287674
13.285133 -0.855370
5.638699 -0.590136
15.644468 -1.504562
12.846050 2.173038
7.013680 2.677479
14.834682 -0.700168
11.037296 1.331914
9.059150 2.963641
16.012396 2.151556
12.047937 -2.510106
10.438030 -1.439754
16.457954 -1.775893
11.622689 0.659746
12.618976 1.684513
15.948986 -0.004081
11.712711 2.227893
15.095305 2.650484
17.039268 -3.541077
13.263669 0.504100
0.954945 -1.090708
16.014635 0.178077
13.847971 -0.169449
2.593869 -3.610728
14.237207 0.682352
13.801323 3.456562
3.034922 -0.565859
13.632188 -1.207133
12.228518 -1.338701
4.353765 -2.411233
15.666986 -1.559679
14.989416 -1.525305
6.436367 -2.285344
14.525892 -0.885101
12.884409 -1.661862
8.621040 2.699143
13.703480 -0.522514
13.702818 0.726552
11.143293 -0.284238
15.486273 -1.206875
13.169381 -0.825170
11.790926 -3.412409
15.387113 1.556460
12.521095 -3.401784
13.621305 -0.075842
0.579364 0.781653
12.785311 -3.349545
15.922021 -1.109089
15.125118 1.734838
13.181989 2.671570
1.242533 1.958234
16.238798 -0.817872
14.906622 1.334984
0.998820 3.748852
15.200648 1.196768
15.558359 -3.581540
2.860570 -1.121157
15.269383 -0.641144
14.379640 2.248427
4.434258 -2.244814
13.853885 -0.640163
15.226775 1.646427
5.784330 -3.371820
14.286593 -1.282478
14.094300 -2.696065
7.297976 -0.078965
15.820056 1.908212
15.368499 -2.621336
9.771826 0.365938
16.564831 3.133142
14.860824 0.508045
11.445239 0.273027
0.578089 -1.634048
15.390181 -2.092521
12.823565 -0.979963
16.273151 -2.838249
13.517497 0.025530
14.784986 1.084118
0.938922 -0.025711
14.700691 -3.697517
0.136852 -1.378001
1.428215 2.752613
16.096619 -3.142744
1.341558 -1.300017
0.441160 -3.275734
16.424574 1.095882
4.809059 0.492029
15.349550 -0.395084
16.059654 1.967818
4.863076 2.733071
15.132413 2.410899
0.849010 -3.400866
4.920664 0.506809
16.836329 0.063967
0.761651 -2.266857
7.550125 -0.608466
0.326989 0.134751
15.920485 1.399153
10.178818 2.763860
1.045863 -0.359848
0.474450 -1.787650
10.090281 -3.076007
0.042303 2.782054
17.088242 -0.433053
13.843037 -0.995133
0.307969 -3.222519
15.835582 -0.909776
15.775476 -0.293736
16.591364 -4.289812
14.258291 -0.201010
16.420109 -0.047732
8.024378 -0.389523
1.492207 -3.231362
1.056983 -0.916178
6.181005 3.356561
2.360409 -0.648849
3.286588 -0.987708
3.680903 -0.449297
0.180626 3.734402
4.601180 -0.142451
6.590621 -0.621985
0.897009 -3.422475
5.389303 -0.385211
6.924104 0.902002
1.816129 -1.373362
6.913997 -0.049622
7.289170 2.728366
1.957792 0.401897
9.788059 -0.265293
6.440858 1.676707
1.353691 0.858148
11.605971 3.139021
5.262677 2.938130
0.126018 1.338705
12.840232 1.101615
8.248141 2.738862
2.361434 -0.966464
15.269175 -2.505178
6.262103 -3.452186
1.921215 0.193152
15.247151 -2.315756
10.225970 1.967819
4.321189 1.758980
1.750885 2.537376
10.388544 0.027650
2.523710 -2.039517
2.919353 2.422974
7.482727 -0.529559
2.436445 1.505315
4.676442 -3.731330
10.548616 -0.307302
2.105824 2.149087
6.753339 -1.384016
8.555522 3.903903
4.100499 -0.106575
7.687135 0.023665
10.154607 -0.417521
2.837749 1.406271
10.342065 1.890893
9.089349 -3.064291
4.347782 -1.871238
10.712555 1.873669
9.584124 -3.288109
3.304663 -0.622613
12.245877 0.471825
8.465482 0.579288
3.812585 -1.348399
13.962353 2.539372
9.971311 1.386677
3.453717 -1.754749
0.080377 2.333685
11.062834 1.758633
6.096344 0.673247
16.487082 3.440839
9.007076 2.865205
5.545356 0.127299
2.355490 -2.781342
8.392437 -1.284463
4.117183 2.496886
4.834262 -3.290874
8.677815 -1.741160
5.337276 1.445931
6.326298 -3.049597
8.187793 0.301835
5.935439 0.321904
8.078074 -2.693030
10.410661 2.022266
3.309462 0.907381
8.298099 1.063078
11.084190 1.123358
4.502912 -1.751539
9.900814 0.079347
7.832190 0.758091
5.731064 -1.346474
12.893600 -2.388275
9.325650 -0.859785
6.170903 -3.145310
15.831247 1.940061
9.495890 2.811478
5.158092 2.001155
0.210831 0.490631
9.115351 2.410114
7.601678 -1.814757
1.739017 -0.892885
10.409933 -1.294733
6.343524 -0.973415
1.314872 -2.964311
9.292223 -1.901198
5.732362 -1.774307
4.269317 -0.912188
8.995946 0.062338
7.154959 0.350554
7.074784 3.956345
7.355902 -0.501955
7.527678 1.610477
8.219030 -0.323083
10.798527 1.065452
6.309527 2.603489
9.227744 0.065617
6.902475 0.062353
7.102005 -3.067811
11.654968 1.181770
8.743310 -1.292486
6.813236 3.192282
14.111889 -2.434894
7.596342 -1.039550
6.991561 0.248070
15.508443 3.997113
8.464040 2.976330
6.669645 2.274481
0.445747 1.551795
9.142138 0.909227
10.983607 -0.515573
0.129901 2.408680
8.995941 -0.259744
9.219666 -1.694476
0.986681 1.977857
10.743310 -0.576262
7.600839 -1.898946
4.666860 1.280672
5.630092 3.855108
9.303060 -0.439970
4.015573 0.605238
5.783541 0.278402
9.043299 3.854133
8.969553 0.562658
6.462342 -2.537975
7.976405 0.246684
10.184827 -3.151648
8.129391 1.444514
7.773793 3.377645
12.731409 0.180128
6.749284 3.214907
6.940380 -1.603036
13.835089 2.706707
6.538306 -3.670493
8.583981 0.817636
15.601258 -2.407116
6.229683 -3.129977
8.841249 1.508656
0.299420 -0.663917
1.735363 -0.934241
9.583885 3.507921
1.696412 -0.654451
3.822383 2.293076
9.592888 0.435713
3.676040 -1.616428
3.325003 0.178167
9.492214 -2.890585
6.602290 0.207302
3.763898 1.695020
11.450911 3.830832
6.546596 -0.550765
0.571841 -1.879366
9.804066 0.624793
7.720776 -0.514250
2.927489 0.748708
8.853675 1.937261
9.695380 -0.934147
0.931836 -2.892099
10.040933 2.519260
12.624610 -0.855972
4.344743 -0.944305
9.047286 3.187510
12.950785 2.590767
0.503066 1.269849
10.848340 -2.690928
15.650282 -1.723314
3.515365 3.149736
9.163234 2.187188
14.504927 -1.483136
1.332808 -3.479422
11.471592 0.857385
1.862193 -2.027622
16.793472 1.687697
12.179741 -1.741178
2.596626 0.732842
1.029607 -1.846253
10.643992 2.113363
5.044093 -0.755418
16.193556 -0.568039
13.165109 -4.030871
5.405270 -1.388521
16.308828 2.390985
12.699513 -0.251764
8.801962 -3.647426
16.723675 -1.574274
10.947188 0.629830
8.887887 1.689796
0.077683 -3.534578
10.843177 1.402304
11.069793 -0.915177
1.796678 -1.829438
11.154609 -2.111356
14.406789 2.458012
0.381872 0.895591
12.275508 -1.479170
14.225814 -1.369045
2.786503 0.577557
11.403303 1.857921
0.834172 -1.894220
0.651783 -3.610676
14.690970 -0.305441
2.035264 -2.069366
0.262116 -2.189604
13.391898 -1.552526
3.996625 2.665540
15.430846 0.211771
12.572867 -2.000358
3.881515 0.610162
0.068028 -3.022718
13.908105 -2.073667
7.080647 -1.446610
15.693225 -0.233005
14.365789 0.165364
8.305525 3.714368
15.210103 1.047671
13.756274 -1.059495
10.115584 3.856622
0.301155 2.286735
12.965699 -2.190382
11.471757 1.397269
16.820110 -0.339059
13.701671 2.520450
12.964188 0.663218
0.881634 1.444296
14.230640 -1.555455
14.823964 2.553042
2.263810 1.853207
11.942498 -1.846518
16.126759 -3.044016
1.113545 -2.203439
16.282372 -2.985027
3.158032 -0.303235
16.794846 -0.681088
15.136234 1.816943
3.622131 1.969911
17.025024 2.112458
14.854513 2.388159
5.342746 0.462035
16.316933 -1.293652
16.824295 0.623650
6.128455 2.921755
16.219154 -1.158233
16.083080 -0.165464
7.776013 1.104721
0.044555 1.595099
13.882884 -2.059333
9.992188 -2.144156
0.111030 1.812947
16.906994 -2.066544
11.752380 1.819261
1.442682 -3.253675
13.753750 -0.755214
13.133504 -0.176299
1.296194 -3.214346
15.858452 0.317046
14.253613 -1.921229
3.300953 -2.470496
16.388638 -2.230664
1.604191 2.076543
3.864177 -0.050743
0.990289 -0.735739
2.238043 4.493478
2.559999 2.933233
17.053894 -1.564652
3.259012 2.454944
2.167423 1.619319
16.343819 -3.412480
5.111296 0.582626
2.308769 -3.766930
16.455063 0.131137
7.601066 0.639211
0.778594 1.561619
16.798918 -0.082243
8.516052 0.655453
1.998462 2.507108
15.725949 1.706530
9.301166 -0.403227
1.894578 1.888572
16.407347 -2.198459
11.129739 -0.453561
1.425108 1.389650
17.054323 1.975195
12.813220 1.270237
2.686676 -0.655024
16.735815 -1.103050
14.127717 -2.973388
3.224545 1.143261
0.584192 0.660584
15.728880 -2.426479
9.409909 -2.448624
1.641182 2.818873
17.036695 -2.460333
6.878132 -0.548670
2.666401 -2.892992
1.720994 -0.700623
8.269611 3.355284
1.942535 0.869955
3.026718 0.177471
8.567243 2.296404
1.911091 1.657905
6.131028 1.091638
8.962853 -1.723857
2.260108 3.372426
7.912475 0.982049
9.120713 -1.342426
1.456464 2.611290
9.628230 -2.030037
8.407421 -3.658745
2.485750 -0.099138
11.040557 -0.448413
9.386179 -2.974003
2.261397 2.363572
13.790936 1.369762
6.603990 -1.224459
0.918897 2.699011
13.713675 -0.343692
10.133704 -1.660422
2.739999 -1.608561
15.441809 -1.828107
9.026068 1.476171
2.920967 -2.702259
1.667426 0.349039
13.335081 0.725539
3.318235 1.174800
4.212674 -0.767561
9.520648 2.995450
3.530641 -1.171164
6.298465 0.927795
12.119825 0.699679
2.710148 -0.115010
7.816173 -2.140956
8.685213 0.797025
3.239417 -1.498455
9.367184 2.927574
11.739329 2.502248
2.688409 -2.145042
9.533507 -1.980725
10.999662 -0.411696
4.010215 0.493072
11.626864 -1.515249
10.719045 -3.053229
3.742531 -0.306216
13.893049 1.032949
8.943455 -0.759180
4.302635 -1.589200
15.718646 2.675710
12.844410 -0.634916
3.120431 -2.471731
0.852778 0.376939
11.444567 0.454455
4.708964 1.172228
0.458504 0.501713
9.617950 2.316305
4.080582 -2.209489
3.408384 -0.656150
10.486965 2.031307
4.619750 1.034710
5.207566 1.305924
11.296403 -0.483852
3.847726 -1.926614
6.572063 0.790664
11.802220 0.969435
4.651782 3.154133
8.260918 -0.845787
12.699318 1.828515
5.432084 2.284364
9.827775 -1.145399
12.369277 -2.232754
5.370659 2.917221
11.613836 0.815776
9.407240 -2.711941
5.078167 -1.194699
12.360821 -2.442514
9.623065 1.172860
5.204592 -2.505100
14.229180 2.014655
10.839635 2.484213
4.517911 -1.829003
15.583596 -1.269044
12.035081 -1.945623
5.892666 0.941332
1.723698 -1.799670
10.902376 1.191917
5.420504 0.341153
3.182023 -1.717099
10.175802 -1.924109
6.452387 -0.300765
5.892353 1.666491
11.600736 -1.998626
5.612583 1.938357
6.718441 -2.848979
10.094131 -0.549888
5.168218 -1.279911
7.424998 -3.880658
10.603770 -2.891917
5.810321 0.284557
11.033480 1.970332
8.674364 2.318579
6.476380 2.557678
11.436346 -1.099152
11.165527 -2.258016
5.344944 -0.753811
13.005301 2.875174
10.860869 -1.178578
6.458813 0.504662
14.541697 -2.273012
12.561109 1.154904
4.892624 2.311543
16.230631 1.165940
11.700393 1.536014
7.504240 2.175737
0.591487 -0.047766
10.077207 0.362901
6.982243 -1.529980
3.109759 0.184571
11.356770 -0.476094
9.048864 2.941964
3.823833 -0.858523
7.437109 -0.451381
8.422321 0.343034
6.249566 3.778659
9.138954 -0.712559
7.601543 -3.015735
8.873795 -0.328710
8.287971 1.664265
7.990437 -2.918231
10.485655 0.964468
9.941458 0.676980
6.907798 -4.100701
12.679046 -1.753138
7.974973 -1.956203
8.501874 -0.654231
14.569634 2.746456
9.505142 3.376202
7.894224 -0.238096
15.321353 1.956271
8.127951 -0.804404
8.349574 1.775160
16.675467 2.067718
7.824951 3.021325
11.111996 -0.837903
2.224040 -0.161798
5.872538 -2.473148
11.348600 1.638816
4.402869 -2.874331
7.273343 -1.752431
8.399576 -1.776576
4.293102 -1.199621
5.098294 -3.391739
9.259265 -0.911836
6.789095 1.059996
4.439218 -0.341906
8.178835 1.227560
10.129004 -3.491332
2.952545 1.904446
10.609265 2.423266
9.783629 -2.289626
2.074433 0.288335
9.241678 2.764179
11.265012 0.444265
5.349201 -0.842579
9.889710 -0.312764
14.250186 -1.840775
7.999676 -1.188148
10.001431 -1.306788
16.044746 3.046391
5.011635 0.908965
10.061919 1.229496
0.703400 -2.931493
3.586875 -1.618869
10.248587 -1.815153
1.990433 0.330179
1.359826 -1.871517
11.948982 0.780730
3.759668 -2.500748
2.920878 -0.625883
10.709541 0.232301
4.965111 -3.538184
1.858572 1.472882
11.010220 -0.845166
6.614731 -3.355846
2.546449 1.690634
9.902128 -0.075068
8.106215 -1.942285
1.225531 -3.341322
10.225608 0.333341
9.916038 0.899472
1.924621 -2.786420
11.183358 -0.175377
11.288370 -1.411365
3.608848 -1.942079
11.110855 0.138790
14.499340 -1.892339
2.624098 1.273015
10.207387 0.962746
15.686371 -3.150346
4.061615 -1.101618
11.230280 4.411735
16.507236 -0.359974
1.659568 1.536558
12.900435 3.385353
0.519152 -0.985736
1.290717 -1.676219
13.224891 2.465179
2.489964 -0.115982
0.711057 -2.584602
12.386843 -0.088224
5.725667 -0.771870
1.887104 -1.394610
12.725998 3.665712
7.092666 0.605187
0.934617 1.102980
13.141677 -2.255582
8.552758 1.771053
0.723671 0.161151
12.115149 0.680127
9.976241 -3.033803
2.244720 -2.468406
13.160707 0.085500
11.538225 0.448552
1.148203 1.235949
11.890168 0.479223
12.750360 -1.843873
2.300168 0.746722
12.885915 -1.561480
14.402876 1.271653
2.103931 0.223529
13.766496 -0.812297
16.089108 2.122394
2.660546 -0.192202
14.831232 0.073007
0.695085 -2.735639
1.508098 1.406280
14.778709 -1.283580
4.217027 2.816830
1.572664 -0.929784
14.145251 2.622020
5.901428 2.367009
0.753872 -1.002208
15.723344 0.871504
6.766035 2.932592
0.391614 -0.616239
14.939261 -0.060015
8.566908 -0.834058
2.011673 -2.489836
14.040077 1.717620
9.727336 -1.170658
1.215667 -1.321848
14.624247 -2.641200
11.332837 -1.648337
4.066610 1.265928
15.730684 -0.893972
13.278114 -1.877861
2.078658 2.957789
15.675393 0.406734
15.965138 -0.453028
3.523711 0.655731
16.339800 2.046561
16.880600 0.975921
5.051308 1.373450
16.970303 -0.354901
0.877103 -2.694582
4.302626 0.667621
16.364658 2.067458
3.092820 -2.092458
3.269451 3.034464
15.282427 1.277688
4.154938 1.538739
4.254999 -1.661043
16.351732 -1.425276
7.232662 3.077602
4.283468 -2.094519
0.378227 0.439774
8.576550 -1.825261
3.572156 2.920073
16.425310 -0.822386
9.982312 -0.271547
4.414628 2.970378
16.376146 2.698876
11.582121 -0.683076
2.391958 -1.498188
15.395818 -2.860305
12.684072 1.085601
3.950335 -0.465983
16.130356 -0.445053
15.128177 -2.777338
5.173367 -0.143112
0.915178 -1.853888
16.506556 1.563247
10.992533 0.309180
2.503844 -0.539191
1.158570 2.965513
9.708745 3.876176
1.239342 0.862786
1.681269 0.034096
11.492054 3.194586
3.777731 0.525619
3.922253 -1.371727
11.172345 -2.154451
2.570868 1.753738
5.168614 -1.163674
10.705234 3.675838
1.465341 0.672181
8.485985 1.772692
10.980786 1.553015
1.089325 -0.298131
10.192515 -2.244708
9.916037 1.880269
1.611619 2.028035
11.692561 0.795472
10.434408 -1.455144
0.849374 -2.750589
13.841832 1.561305
11.684143 -0.906504
1.866012 1.605958
14.879121 -2.919972
11.087759 -2.956808
1.400209 -1.100303
16.587486 1.640594
11.930932 -1.382075
4.036570 -1.298970
2.098471 -2.538649
12.362206 -0.205407
2.423692 3.572732
2.775118 -1.910887
15.029443 1.013694
2.642502 1.992843
4.786140 2.334702
12.798371 -2.568273
2.619205 -1.939543
5.875376 2.603038
13.206343 2.050317
3.920992 2.436599
7.076591 1.246994
13.179729 1.780079
3.740389 -0.737732
9.186172 1.490586
12.660935 0.211796
3.864017 -3.952774
10.787576 -0.221794
11.236531 1.181399
2.196504 2.213874
13.013943 -0.090046
11.670382 1.347821
3.104248 2.627830
16.473768 2.790347
12.923096 -0.433900
1.731678 2.942305
16.543047 0.990921
13.427805 -1.380365
4.881016 1.003332
1.150117 -0.028920
12.694400 -1.116395
4.933051 -2.518481
3.481132 -2.903343
13.512448 1.013302
6.070434 -1.667734
4.744093 1.522948
12.503598 -0.700312
4.426412 -2.900953
5.329897 1.923684
13.388275 -0.175838
5.694250 -0.688948
6.535394 0.425360
13.713507 -0.594094
5.253132 -0.247952
8.286783 2.734093
14.145687 1.666724
5.039864 1.461983
11.041429 2.280912
12.335690 2.483754
3.896286 -2.380614
12.974477 -0.670595
14.185027 -2.872820
3.633377 0.844674
13.848992 0.181974
13.548353 0.941183
3.505560 1.601147
16.327711 -0.612824
13.222177 2.452074
7.367277 0.205720
1.661560 0.693897
13.906876 -1.762001
6.010360 -1.524702
2.675431 -2.024108
11.603404 0.791636
6.048718 -0.479921
4.876200 -3.078893
13.835489 -1.536331
7.515240 2.652084
5.868173 2.159874
12.376803 -0.177255
6.551903 -2.136918
8.442685 1.768031
12.192640 -1.226630
7.078622 -2.138656
10.466819 -0.482915
11.641519 1.555445
6.881155 -2.255038
12.124407 -0.984471
12.635943 -0.567967
6.631069 2.381748
13.574717 1.608325
12.161673 -0.463307
4.987110 -1.835565
14.475002 -1.388523
14.446535 1.063720
5.129491 2.228369
16.760412 -1.372274
12.801404 3.346150
8.992942 0.408888
1.076022 -0.294144
12.367979 0.291310
6.783797 -0.486478
3.322560 2.461638
12.515534 0.763157
8.047659 -1.877795
4.734967 -3.074063
10.661585 3.971474
7.099152 -0.314485
7.549378 -0.247297
9.125255 0.338729
6.077235 -1.937967
9.865641 -1.982646
9.381759 3.148531
8.814734 0.743606
11.694140 1.713376
11.071378 0.551112
8.608507 -2.325824
12.004443 -0.114623
11.316623 -0.076526
7.957057 2.208442
13.672746 0.738967
12.565782 -2.989881
6.536384 -2.385478
15.380198 -0.121612
9.885541 -1.612140
7.652680 0.958497
17.040888 2.042659
10.779000 -0.315297
8.980232 1.933273
0.921404 -2.633532
11.435970 -1.865744
7.869200 -1.814419
2.308762 -1.424858
8.914508 -1.641117
10.526557 -1.024016
3.585469 1.474842
9.244238 2.533638
8.446112 -1.426809
4.111192 0.849795
6.673516 2.529526
9.591559 -0.465549
7.674407 -2.825101
7.711223 0.908010
9.041594 -0.916362
9.160360 3.408592
7.311835 -3.247359
8.964719 1.683514
11.655651 1.962469
9.634363 0.866496
8.423056 -0.393825
13.492805 2.921196
9.119758 -1.068781
9.848352 2.461715
14.509530 -1.458951
9.823743 -1.116267
9.495380 -2.530585
16.457197 -0.296327
3.053335 0.561878
11.881931 -2.684706
2.733440 -2.269972
4.002233 3.761965
11.910158 -2.062748
4.373127 0.985269
4.665530 -0.475355
10.408309 -0.672831
5.382731 -1.042039
3.111909 -2.160112
11.714212 -0.321908
8.204915 0.516074
1.413173 1.467411
11.316921 1.278938
8.483651 3.187868
2.479572 -3.273368
12.318577 -0.348617
9.852024 -0.893958
3.798474 3.121210
9.955030 0.594233
11.439243 -0.391599
7.112292 1.290472
10.187499 0.939926
14.394671 3.289774
4.693889 -1.694027
9.549747 3.066146
15.919187 0.064656
6.256516 -0.135748
10.423902 -2.044343
16.349052 -2.895252
3.554533 -2.224210
13.026864 2.793762
0.091785 0.740590
3.138629 3.055892
13.396585 -0.272719
1.784710 2.406503
2.841016 -3.610509
13.463883 0.470797
3.624712 -0.686553
2.550232 2.143120
12.638487 -1.525113
5.194220 -1.236455
3.297623 1.179104
13.379901 2.426411
8.542188 1.132375
5.001497 -0.557656
13.977859 1.144814
9.003147 -1.661316
3.843481 -0.650885
13.539183 1.373864
10.396297 2.628715
2.894313 -1.404175
12.061041 -2.077862
12.884883 1.474391
3.954312 3.046115
12.867204 -1.968694
15.495366 1.982726
3.602702 2.301609
14.625779 3.114352
16.114679 0.936365
4.452277 0.954048
15.046464 -2.754524
0.744795 0.165650
2.426449 1.583587
15.058452 2.765113
2.551094 0.904895
5.623491 1.802584
16.746975 -3.279193
4.400571 1.887641
2.078485 -1.565149
14.491213 0.715716
7.711311 1.912519
3.636136 -1.337949
15.220984 1.629482
8.567952 3.509386
4.977428 0.352165
15.256408 1.078242
10.260537 1.455163
3.092343 -1.854950
14.998795 -0.170988
11.098481 2.913152
3.400762 -1.862893
13.887185 -1.548483
12.905368 -0.659977
2.745955 -1.463344
14.718047 0.605297
14.469934 0.077533
5.585211 1.248319
16.102190 0.069865
14.404373 -3.857935
6.725579 -3.268350
17.018517 0.244270
0.034896 0.486589
6.815529 2.121260
0.527600 1.378832
1.688671 0.818885
6.969582 -0.156577
0.787402 1.902620
3.576957 0.214117
4.954347 -1.649016
0.459283 1.752931
6.023208 0.326076
6.027917 2.144505
0.405092 -0.280333
7.627059 -0.919490
5.382252 0.331723
16.034330 -3.354965
8.684715 0.823984
6.103244 3.255396
16.573385 -1.577049
11.079159 0.005407
8.074442 -0.219848
1.767980 0.179989
12.576080 -2.522441
9.135913 -0.833273
0.252607 1.646306
12.664880 0.178030
6.685544 -0.008054
0.064248 1.650977
15.295362 2.911181
13.081938 2.248216
0.737652 2.502519
2.584476 -0.496364
8.384039 2.098939
0.111459 0.308311
2.463680 -3.833401
9.393250 -0.503371
2.671523 1.589890
4.556868 2.531119
8.291282 0.278434
0.738249 -0.387449
4.853564 1.107898
12.403891 0.025755
1.046443 2.397950
9.023146 2.236537
13.363970 -0.810980
2.004180 1.909733
10.226068 1.077117
11.828116 -0.106884
2.318332 0.614740
11.280725 2.112995
12.282621 1.098933
0.335839 -3.338038
13.475871 0.231408
12.991982 1.917364
0.600638 0.239491
15.154521 -0.605347
12.282238 0.027898
1.251973 -4.283042
1.082750 -1.855091
14.057891 0.179324
1.984836 -1.511437
1.461142 2.896596
14.449810 3.169237
1.997208 -2.320608
3.159415 0.341413
11.510511 2.208545
1.326195 2.124938
3.833848 -2.944335
14.520593 1.324529
2.742082 -3.351130
6.626497 0.631300
14.912236 2.923073
3.470241 2.028515
8.479157 -0.034985
14.607538 -1.779179
3.366823 2.276468
10.459754 2.446058
13.609526 -2.027933
2.966135 -0.428462
12.001789 2.074956
12.987173 1.674531
2.109992 2.307142
13.674305 -1.026909
12.639176 0.073440
3.380017 0.602981
14.849324 -3.278570
14.611999 0.787909
2.071990 3.679075
16.826412 -0.147345
15.102395 0.643634
4.794250 3.885511
1.806155 -0.718628
13.782721 -0.881787
3.604051 -1.267679
2.454820 2.352257
14.540566 1.059705
4.822725 -2.165127
3.807924 -2.924376
14.396735 -2.896965
4.355362 -1.132390
5.513487 -1.573497
13.825064 -0.318346
7.088441 -0.354897
7.748176 0.377307
14.071207 -1.002804
6.627055 2.097544
9.757650 -3.164951
13.581739 1.571141
6.764750 -2.767429
11.690457 0.105431
13.643881 -0.729937
5.187426 -0.243769
12.924623 -3.762724
15.763662 -2.938404
5.694270 1.546391
15.446717 -1.564335
14.825653 0.482273
3.587501 1.403316
0.632282 -2.544031
14.679872 2.458627
6.393887 -0.425475
1.096972 0.039292
15.541430 2.093595
7.089562 -0.934318
2.640589 -0.885108
15.459550 -0.565962
6.269898 2.683309
4.559101 3.340265
15.106822 -3.065941
6.162455 -1.267002
6.235177 0.379524
12.157929 2.001547
7.233643 -1.387438
6.307200 0.792171
11.079164 -2.195671
8.075665 1.181348
9.134078 1.372442
10.169739 1.728761
7.547966 -0.177511
10.686137 -2.036824
12.925998 -2.153323
8.270125 1.499638
12.574334 -2.677280
14.003928 2.423299
5.231976 1.818316
14.894682 1.634749
12.981093 -2.668203
6.279167 0.007782
0.128829 -2.897025
14.514773 -2.085913
8.416908 -1.022449
1.980862 2.195590
14.251127 -0.165401
7.546389 -2.806504
3.876666 -2.103221
13.083191 -2.630748
9.103271 2.500920
6.395484 0.459781
9.362613 2.231053
8.477971 -0.388802
5.973439 -1.049158
8.529976 -0.980998
8.842451 0.921609
7.603750 -1.120605
9.583979 -0.143987
9.237464 2.550332
9.607304 -2.180769
12.301922 -1.865687
10.061260 -2.596376
11.747622 -1.185967
11.002205 -2.600629
9.329539 -0.920336
14.751781 -1.978239
11.735110 2.260665
9.561388 1.898153
16.517284 -1.442507
11.209807 -0.144519
7.889259 -0.175456
15.708642 -1.068497
6.229664 -0.307504
11.234506 3.147786
1.149314 -0.064569
9.957385 -2.188768
9.006375 -3.329080
2.602128 0.374227
8.244926 3.310249
9.609082 0.819377
5.049021 0.896818
6.448693 -0.396156
9.811039 1.296996
5.654851 2.294581
4.345328 2.427664
10.384123 -0.054192
8.132158 2.436147
4.709174 2.578507
10.044690 3.243304
9.904449 -1.352840
6.127685 2.335762
10.111266 1.447633
12.522042 1.301712
8.291271 -1.774631
9.835200 3.694992
12.835978 -1.490029
8.197894 0.069040
11.439312 0.480050
13.790214 -1.555259
10.977054 3.050627
10.705829 2.362603
0.496558 2.201798
4.468186 3.082391
11.824780 -1.527351
1.417828 0.592269
5.080358 2.759921
10.798033 0.852435
2.863799 -0.133247
6.028081 1.745575
13.186954 2.289280
4.344532 0.667172
4.979063 -2.191563
12.508945 1.381813
5.789261 -2.147881
5.647921 -2.888561
10.978414 -0.288005
6.948584 3.080215
4.531369 0.007141
11.935317 -1.206953
9.530244 -2.827228
3.642269 -0.285423
11.698682 -0.106522
11.198897 3.913286
4.503080 -1.760732
11.039010 2.172878
12.859449 0.862710
5.299116 2.266996
11.432548 1.502225
15.082244 2.316388
7.100246 -2.118094
11.761709 4.047818
15.249823 -1.325868
5.015806 1.263842
13.390374 0.797687
1.185822 2.605875
4.610816 -0.652717
12.924312 -0.113768
3.177227 1.187490
4.130816 -1.732736
13.897210 -1.377004
4.888737 -0.460352
3.511681 -0.372444
13.356449 1.862085
6.627672 2.053162
4.759205 2.320421
12.555534 1.424153
7.742756 -3.330396
5.584344 -1.730067
13.225560 1.677488
10.506478 0.475693
4.860860 -1.556927
12.698646 0.137961
12.089242 -1.420458
4.414816 -1.893605
12.695013 0.668508
13.822282 -2.816654
5.751763 -0.592390
13.072257 2.748859
14.976636 1.695123
5.536172 -0.916111
12.191901 2.116958
16.847227 2.759189
5.323810 -1.922863
15.920466 -0.429427
16.384363 2.102693
4.231236 1.881649
14.621596 1.043908
2.522521 2.977697
5.410040 -3.454020
14.982862 0.552074
3.911200 0.419754
4.584942 -1.424708
15.748063 -3.537732
5.409909 -1.762552
4.846329 1.531503
14.689759 -1.999978
6.985804 -1.778806
6.426111 -1.332101
14.532270 0.731027
7.992420 2.740731
6.386385 0.824223
14.595733 -2.154267
11.314441 0.773068
4.670174 1.982941
14.603114 -1.654469
11.963470 -2.300818
4.628389 -1.100586
14.434548 1.784242
14.441253 0.893938
5.249521 1.154612
13.979575 1.648444
16.460505 -0.795274
5.711056 -2.953941
15.774671 -1.918390
1.985865 -0.235383
6.878002 -3.440725
16.111479 -1.800006
3.191904 -1.821305
7.167477 1.396415
16.121502 -0.139860
5.071488 2.774917
7.694229 0.927560
0.096047 -1.860605
6.606107 2.889779
6.567066 1.371001
0.318517 0.772140
9.556787 0.173132
7.993311 3.074286
0.658165 1.162570
10.943208 -0.567672
7.291070 0.882763
17.064098 -1.002688
12.493788 -3.577102
7.580268 -3.269902
14.592618 -0.449917
12.951705 1.067247
8.279492 3.329393
0.788619 2.476006
14.285443 -0.908627
7.072114 0.161405
15.413921 -2.310219
16.303303 -1.989480
15.208218 2.134445
0.517389 -1.652910
2.016890 2.205010
11.260342 -1.620357
0.616664 0.793767
2.336684 -0.138575
13.661679 -0.737463
1.012818 4.051388
6.275948 1.717057
10.008533 0.474552
0.991974 -2.258028
5.448263 2.671955
13.851642 -1.798518
2.035039 -3.447000
8.268521 0.169235
14.770249 2.438870
1.502135 -1.242321
11.206491 2.443042
16.150898 0.230741
2.831151 2.439093
11.624654 3.404353
14.768899 1.923797
2.146027 2.390604
13.019070 -2.609674
14.654948 0.351039
0.507953 0.883357
15.952407 -4.007707
13.848733 -1.585201
0.443032 -1.782782
0.654159 3.517806
15.740451 -3.305144
2.236233 -1.026448
1.516312 -0.736999
15.644519 3.429869
3.392907 0.834808
3.025933 -0.455423
16.184214 -1.833631
3.276707 -3.102583
6.002912 0.004307
0.925541 -2.897913
3.817545 -0.879861
5.215496 -2.993906
16.312366 -2.478341
2.557122 0.625253
7.726856 -0.847154
16.354605 -1.996310
3.299979 3.477573
9.740671 2.382117
15.166815 0.648960
4.088330 -0.822614
12.313183 -0.631400
16.118473 2.360735
3.049339 -2.883757
14.163124 -0.719990
14.271129 -1.848585
2.128201 2.394697
15.026190 -0.222196
16.567358 -3.315613
3.028457 -2.748284
0.184846 0.947628
16.703854 -1.594900
4.079375 -0.197683
1.716544 -0.599813
16.296938 -2.413554
5.565958 -0.739302
3.062326 -0.837671
0.279899 1.934862
5.740884 -2.494682
4.511971 1.314781
16.128052 2.467197
4.407585 -2.886118
4.588873 0.864917
15.090487 2.135626
4.533303 -1.086336
7.090833 2.320472
15.176093 0.958285
4.947309 2.255063
9.547125 -2.537919
16.379589 0.003567
4.752673 1.673190
11.007625 3.456149
15.130480 0.379017
6.012197 -1.840829
12.453174 2.744461
15.086074 -2.015433
3.713782 -1.045935
15.533620 -2.661211
16.096298 0.060820
4.935875 0.620888
17.088465 -1.114609
16.544722 0.678153
6.081534 0.761417
1.321003 -3.116573
0.380196 -3.525820
7.100534 -0.667404
2.609535 1.218457
16.609604 -1.037095
7.562582 0.497912
4.042650 1.600426
16.728750 1.124467
6.909948 -2.400295
5.730965 -1.601598
15.228506 -0.317803
6.059631 0.555325
8.095093 3.614047
13.111332 -2.776786
8.101420 -0.942397
9.135653 1.782658
13.502049 -3.530152
8.465347 0.027961
10.793471 -3.192011
15.625729 -2.015967
6.424383 0.567225
10.737974 0.053774
15.630754 -1.829794
4.869941 -3.076046
13.944266 0.000277
15.797893 1.221911
6.808868 1.247203
16.914347 -1.865685
16.074575 1.106234
8.070600 0.704841
1.070382 2.075717
15.402921 2.123183
8.207604 1.637832
5.169812 -3.497715
0.441754 0.038145
9.085216 -1.225510
4.521875 2.146281
11.087929 -0.610871
8.719613 0.879581
6.062595 -2.426386
15.499415 0.017501
7.670557 0.570897
7.042634 2.055016
10.961912 -0.114506
10.231418 -2.433380
8.930162 -3.082900
15.440088 -0.846168
7.642580 1.197645
9.044067 2.634658
12.761153 0.879058
8.252906 3.987350
14.660415 1.357823
14.251389 -0.149020
6.731526 -1.669871
15.941856 0.704726
14.245155 -0.891977
8.047985 -1.427967
0.276900 0.141137
9.650754 -0.306243
10.628485 -0.970785
1.832572 2.381452
10.734968 -3.484433
10.880695 0.581503
3.287597 0.645138
10.158935 -0.257677
9.952350 1.729585
4.807904 0.353145
7.967581 1.841426
10.265266 -2.509181
6.687561 -1.737129
5.882190 -3.645521
11.029390 -1.587241
8.867655 -1.596663
7.715363 2.971593
10.812152 -0.446672
9.272394 2.626646
6.486800 1.534944
9.941830 -2.473971
10.447079 1.487501
10.514435 -3.538439
9.893013 -0.790184
12.886735 0.981070
10.041492 1.106743
11.388123 2.214707
13.958462 -0.465804
8.913133 -3.136776
11.480280 0.206791
15.493841 1.321981
7.486229 -0.249691
11.729162 -3.598065
16.948959 0.267279
6.260275 -1.080487
12.231021 -1.747430
2.694381 -1.999259
6.930887 -2.820995
11.668774 0.420006
5.791113 -2.566583
7.250766 0.620494
11.489043 -2.405159
7.624893 1.842021
8.263605 -1.990702
12.460632 -0.486617
8.823225 -0.770547
6.381662 0.369775
12.727651 -1.302318
8.678220 -1.522041
5.496713 0.298809
11.178098 -1.026888
11.235791 -1.654029
6.188045 -0.194242
11.845153 1.777945
13.483082 4.076946
7.428332 -0.847219
13.124967 -1.565931
13.999938 1.607752
8.703641 1.027363
13.046545 3.241959
16.449968 0.524105
8.083328 -1.589931
14.220556 -3.181291
0.845890 0.965365
6.784557 -2.250396
12.928119 1.020167
1.082357 -1.322012
7.242408 0.722556
14.464247 0.733182
4.054008 -1.234275
6.147538 0.117852
14.407948 -2.801898
5.713373 3.244187
6.279408 1.919516
13.064256 -1.435741
6.887642 1.684700
7.234509 2.438656
13.713724 -1.557669
9.808269 0.680876
6.814290 -1.127769
12.919737 0.692037
11.953818 -0.344062
5.797570 -1.338793
13.885188 2.733916
13.208960 -1.029888
6.533238 3.547050
14.668118 -1.198714
14.805644 0.277637
7.017303 -1.300339
13.514409 1.349799
16.286243 -0.504370
6.321585 2.616787
14.755095 -2.434266
0.691004 0.046444
6.131999 -1.549533
14.127331 1.739832
2.471067 1.086476
8.651011 -0.485607
14.860678 -1.899924
5.245368 1.715337
6.040644 -0.264874
16.149050 2.237246
6.448569 -2.118534
7.164813 3.126436
16.249775 2.327029
8.063111 0.649152
6.728099 0.334690
15.405764 -0.999220
9.705535 0.023411
8.163869 -0.376353
14.036733 -4.524068
11.269114 0.966292
9.162030 2.602239
16.271006 -1.478645
14.091875 -1.023542
6.089284 3.214336
15.674725 1.092176
12.759697 -0.657412
7.420120 1.903564
16.077953 -2.536749
14.025968 -0.402633
8.695282 -0.288092
17.010778 1.728799
0.446111 3.427706
9.951303 0.720542
16.602320 0.788940
2.718167 -0.214344
9.708447 -2.135814
1.033687 -1.069165
3.674659 -2.840835
9.176482 2.439409
16.437870 0.102960
5.797901 -2.535153
7.842872 -0.432433
0.908989 3.404321
8.284399 -0.049183
9.730928 0.932543
16.975702 -0.298220
11.003036 2.830506
7.787002 -0.587029
15.860244 -1.888540
11.160189 2.810815
14.076612 2.534789
0.527405 -0.855144
13.682155 -0.458684
9.609866 -1.337362
0.902816 -1.431395
15.454422 0.309069
7.808667 -0.674913
0.991099 -0.208617
16.305517 0.424879
15.168266 0.109331
16.306154 -1.453995
0.904499 -2.247086
16.067005 -2.944561
1.558327 -1.716214
3.342871 1.137114
15.720979 -0.686899
1.485100 3.214434
6.339474 0.170698
15.117205 0.460787
0.785117 2.959194
7.933292 1.133420
15.390424 2.618263
1.885393 -0.029096
9.445024 -2.912018
15.856829 1.872173
0.756975 0.876876
12.469797 -0.171010
14.196438 1.388652
16.965425 -1.079547
11.874331 -0.061603
15.665597 -2.205281
1.218571 -1.139458
14.230876 -0.492911
15.806337 3.058843
0.773908 0.942108
0.241146 -0.427644
0.422644 -0.749017
1.139639 -0.752662
16.831266 2.895401
17.094687 1.517949
0.855911 0.692545
1.643371 -1.754459
1.645287 -0.663303
3.781107 -1.228606
2.008998 -1.781042
0.553161 -0.781560
4.177571 0.157297
3.460223 3.409968
2.649798 2.605166
3.169744 0.837052
5.067739 0.810391
0.660236 3.748158
3.780372 -1.069026
7.031018 -0.835047
0.844330 0.030217
3.152013 1.841162
8.635009 -3.066079
0.750993 0.109140
2.882372 -2.199899
10.693447 -2.610240
0.891474 2.695538
3.452028 0.031836
14.292822 1.031946
16.096842 -2.303807
2.070388 1.807096
15.862173 3.130780
0.705197 -1.065870
4.581519 1.170558
0.287793 1.417726
2.353873 -0.379369
5.355074 2.151974
0.859006 -1.654495
0.915416 2.636839
5.418882 -0.807477
2.206935 1.092540
2.327401 1.264187
4.489388 -1.975458
6.385829 -1.900647
16.602299 -0.808740
5.078661 -4.212524
6.207060 1.433360
16.468660 -0.716503
4.438804 0.898434
8.237409 -2.908748
0.618361 -3.525262
4.629781 -0.137706
9.722075 0.861136
17.010500 3.535612
4.014943 1.961631
12.785841 0.584575
0.238105 3.261093
5.388159 -2.266453
14.322567 1.350557
0.927357 -1.240335
2.777881 -2.968868
16.163851 0.772162
0.315630 -1.569471
5.977382 -1.286425
16.100403 -1.238879
2.256035 -0.688259
7.018218 2.369219
1.857052 -0.642203
1.453897 -2.621261
8.400878 0.657930
3.098914 0.436456
1.172471 -1.822294
7.533948 -1.957554
4.881828 -1.943296
1.135653 0.970572
5.810595 -3.676805
6.118768 -1.239008
17.010014 1.617198
8.026762 0.164315
7.994174 1.821081
16.682564 -1.419910
5.983736 -2.600355
9.239225 1.495244
17.012484 -2.347211
5.831610 -0.904857
12.552354 -2.347898
1.362714 0.655124
6.787534 -3.843671
13.350560 0.239928
16.752157 -1.084119
4.093340 3.171680
15.652551 -0.499889
1.032789 -0.669111
6.485778 -2.409817
0.587187 -2.176497
0.688978 -0.536181
8.251925 -0.386976
1.220209 2.864335
15.094148 0.569392
8.990628 0.140654
3.482142 -2.713694
2.381150 -0.564233
9.159321 1.525563
4.622673 -0.918479
16.814840 -0.622231
8.752727 2.061870
6.273660 1.908364
13.669087 1.572101
10.480209 0.462864
7.599215 -2.089776
14.211974 0.181857
8.758333 -3.392290
7.714815 -0.668451
1.231370 -0.140264
7.632769 3.106899
11.781786 0.292165
14.301219 -0.763558
8.502357 2.805647
15.389371 1.878368
12.819453 -0.779774
8.187937 2.640458
16.490870 -1.601638
0.076323 0.571766
9.511403 -3.147670
0.001772 -2.599415
11.698866 -0.189922
9.862890 1.554118
2.234213 2.117299
9.202371 3.163265
12.135808 -1.277541
2.893672 1.207090
11.927473 -3.088585
10.189528 1.805657
5.320748 0.998046
9.785270 -0.094333
10.136630 1.765439
6.558868 -2.773712
10.279656 1.540932
8.839826 0.077086
7.770910 1.856969
12.074085 1.935783
8.359790 -1.983595
7.710155 0.901630
8.338493 -2.357510
10.151082 0.616880
10.861324 -0.920079
10.400172 -1.909501
10.231710 2.030043
10.967271 -2.125182
12.249617 1.470514
9.622139 -0.533408
13.518291 2.521266
10.703166 0.232230
10.873660 -2.604002
15.612254 2.766346
8.690818 2.345965
12.443295 -0.094434
1.112458 -2.983505
7.811731 2.301097
13.294004 -2.270578
2.599918 -0.630165
7.656821 0.220923
12.071985 0.887974
4.014569 -2.106494
8.564788 -1.800451
11.277918 0.587972
5.425403 -0.033207
9.081776 1.737752
10.400295 3.484216
8.281791 0.532514
6.822848 1.674441
12.053448 -1.187537
10.310465 1.481054
7.454391 -1.078926
11.269260 -1.708886
12.089213 -3.127321
9.468486 2.540534
11.266823 3.203234
12.153193 -1.422116
9.123661 0.118655
12.981020 -1.067542
14.615619 3.773976
10.296801 2.259690
12.277679 -1.235045
16.775702 0.386905
9.512345 2.797069
13.891119 1.713176
2.209688 2.629335
8.302243 -3.342882
15.052413 0.584553
2.686940 -0.505816
7.717138 2.428267
13.278476 1.568346
5.476631 -1.684081
7.941635 -2.901832
13.520647 -2.574343
7.360393 -0.168503
8.287347 -1.167570
14.740417 1.289591
8.702168 -0.351842
9.267986 -0.038842
15.302335 -2.733312
10.440875 -0.397038
8.556176 0.712288
12.231540 -0.914126
10.847540 -3.381578
8.723147 1.293173
12.884441 -2.457128
12.665792 -0.134550
8.350981 -0.864759
14.643248 1.137934
15.028675 3.249005
8.824281 0.384931
15.128291 -1.862304
16.690599 -1.437691
7.517060 -0.916541
15.981626 2.656610
1.315708 0.213675
8.633027 1.395791
16.291193 0.592100
4.030666 -3.234725
10.477341 -2.341957
14.869370 3.444391
5.445830 0.349769
7.564507 -1.114071
15.203662 -1.802510
6.709202 -1.084270
8.902730 -3.804742
16.277075 -0.748886
7.686396 0.863760
8.289997 -0.132740
16.583244 1.527469
9.552745 -3.083081
9.167244 2.924347
15.619458 -0.858279
12.284913 -0.489387
9.496156 0.869054
14.446791 3.677500
13.575823 -1.149311
8.323097 1.745729
16.499607 0.070015
15.632401 -2.490776
10.104534 0.410146
14.119942 1.881725
15.768807 1.855344
10.644302 -3.836834
0.043092 -1.147364
0.757024 0.310958
13.290879 -0.553921
1.477902 0.577244
4.433589 -2.958873
10.592109 -1.271223
16.594629 1.943187
4.440540 2.767124
9.585867 0.670845
0.689377 3.436859
7.254994 -0.158276
9.912435 3.031105
17.016973 1.437972
9.091232 -1.160851
11.327864 -2.448922
16.403412 1.621209
10.082398 -3.143325
13.123328 1.551974
1.292154 -1.116982
12.094716 -2.416068
11.301245 2.732006
0.534628 -1.132265
11.964704 0.372763
11.180532 1.501887
17.058977 1.095224
15.161366 3.601294
10.016610 -0.733483
16.449892 1.695840
16.309082 -1.670316
0.983527 -0.229453
2.409181 -2.004096
0.996417 0.564524
0.104509 0.948787
2.558692 1.610100
2.465485 -1.968051
16.888401 0.738120
2.693933 2.006815
4.474856 -1.649777
0.438739 2.776853
2.086829 1.681928
6.230887 0.880166
0.056099 1.850791
1.710872 0.796137
9.188234 3.690532
1.976904 0.355215
2.040781 2.802746
9.540752 -0.153061
16.582745 2.422081
1.303622 -0.406931
10.819223 -2.553873
17.098482 1.690196
1.981507 -1.050214
12.928952 -1.009517
0.396127 -2.801827
1.787918 1.507658
14.737404 0.530872
17.067022 -1.614708
16.549614 -2.055611
0.327866 -1.906879
2.335075 0.295963
3.537497 0.992437
0.249930 -3.861352
1.633227 -0.762562
2.540233 -2.395689
3.555264 0.393645
3.840662 0.250729
4.587968 2.446923
4.921090 -2.184574
2.151914 -1.610939
2.110829 1.945838
6.354792 1.793407
2.441017 -2.863043
3.230824 2.252610
7.704885 -1.789609
2.667268 -0.051913
3.004194 2.961143
11.007339 2.658601
1.535750 -1.028434
3.087071 -1.375117
12.635790 1.396894
2.252835 3.858489
2.196242 0.772264
15.105242 0.044837
3.364099 0.063352
3.554369 -0.909267
15.938718 1.389792
2.233778 -1.322332
1.745273 1.358507
16.852407 -1.254018
4.773166 -0.204177
6.152726 -1.240349
16.668472 0.623588
2.043113 -0.838516
4.914796 1.379014
4.314707 -0.613548
3.843087 -2.069668
6.012113 -1.494368
3.666944 -0.497287
4.007646 -2.105948
3.512941 0.328902
6.490049 1.636409
1.323563 2.050546
5.082220 1.186545
8.012621 2.711415
2.364792 -1.590616
3.877286 -2.201300
9.484402 1.348698
1.348234 -2.094760
4.548620 0.112181
11.408755 -0.463179
1.472623 -1.658184
5.030239 -0.588536
13.161580 -2.679513
2.536535 -1.633581
4.236855 -1.333815
14.402262 -2.225667
1.505684 1.455477
4.495164 -1.557696
15.778600 -2.456837
3.349385 0.966290
6.768966 0.986375
0.361019 2.298830
2.771247 2.181373
5.339604 -1.719575
2.510276 -1.779104
1.705667 3.247638
6.493344 -2.496386
3.496083 1.061383
2.633100 -0.744838
6.271311 3.099177
5.213252 2.004145
2.543357 -2.335633
6.389039 0.361238
7.119458 2.430480
16.905863 2.404726
6.227808 0.186210
7.504930 -1.164891
0.683354 3.129317
6.168112 -1.269752
10.823645 0.445814
2.370110 -0.232354
6.227614 -0.094283
11.977383 -1.740754
1.918164 2.162975
5.973086 1.456472
14.826077 1.426574
1.962564 1.407351
7.003638 1.463868
16.288313 0.461558
2.278384 -2.154025
8.343518 1.407355
0.536858 2.904730
4.086329 2.977811
7.098258 0.432131
2.345313 -1.516702
3.021735 0.026811
7.678462 -1.122844
3.876099 3.161630
0.999101 -0.006254
7.497118 3.212524
6.812441 -2.451564
1.227048 0.794566
6.846566 -4.013655
8.520741 -0.318652
0.000078 0.511498
7.604363 -3.111085
10.016743 -0.755826
2.293449 0.042002
8.491375 0.306166
13.012600 3.997295
16.168653 2.746269
6.871772 -2.191619
13.774432 -0.533984
14.333888 2.361910
6.987296 -1.797340
14.058283 1.292202
0.103347 -2.899984
7.743215 0.422628
16.562071 -1.493396
13.051614 -1.719417
8.648362 -1.655696
2.974391 0.897149
13.860188 0.010096
10.178786 -2.930248
2.337240 2.406114
13.818130 1.518300
9.323065 0.037864
4.692656 -1.957025
11.673723 -1.702890
10.031277 -2.109820
7.248785 0.716497
10.304978 0.720540
11.587306 -3.116574
7.831251 -0.544270
12.646575 -1.653851
9.826629 -1.177128
8.900997 -1.768315
11.718395 -1.553529
9.022759 0.462233
10.329494 3.816844
14.008968 -3.969459
9.214031 0.851667
13.743649 0.012185
15.606332 -0.898599
8.876276 -1.342018
16.519318 -0.511295
12.775222 3.116812
10.733646 -0.150193
0.785466 2.333225
11.907890 -0.079995
12.355486 1.558516
0.585893 2.509799
10.621562 -1.720669
12.178116 -3.659558
1.729119 -0.843357
9.926579 1.592836
11.872636 -0.901377
4.554838 -3.023956
8.783284 2.822680
11.935383 0.769963
6.967580 -0.906040
11.137705 -1.896898
12.635517 3.079833
8.960629 1.536320
9.730446 3.092628
11.329073 0.629929
9.677305 1.872934
10.550575 1.913756
12.340047 1.622527
11.033427 -2.080034
11.406391 -1.811515
11.469466 2.180429
12.545600 -2.383184
11.938872 -2.910354
11.289203 -2.175166
14.247583 1.290503
12.280499 -2.992215
11.390701 -2.140882
16.225058 -1.073583
11.436933 2.102804
13.814902 2.811992
1.679199 1.023180
8.937085 2.817785
13.428825 -0.073179
4.100155 1.101196
9.548985 2.546375
13.204339 2.637382
5.850185 -0.070546
9.354683 -2.764427
14.698871 1.700603
6.950898 -0.359373
9.589863 -2.647146
13.463733 1.307851
8.078534 -1.614696
9.339863 -1.297438
13.487679 -2.135233
9.876277 1.593964
11.844831 3.656635
13.470868 1.496426
11.690668 0.798266
10.491003 -0.466539
13.010376 2.760064
13.205460 1.485109
10.952654 1.297874
12.545152 -2.471506
15.060946 -2.790087
9.955097 -2.130734
13.841340 0.146824
0.492309 2.395706
9.473551 -0.272013
15.607308 -2.719720
1.386348 -0.075017
9.800805 -0.982293
14.978981 -0.800772
3.697629 -0.421629
12.126154 1.031443
15.786983 -0.281249
5.080115 0.440168
10.792518 -0.986829
16.632532 -0.826177
6.350784 2.390391
11.388251 0.183950
16.845098 -1.292253
8.099200 2.959204
10.074734 0.990688
15.223472 -3.056593
8.833250 1.708956
9.966716 -1.733019
13.969163 -1.666171
11.704666 2.525576
10.736741 1.091892
16.287485 -1.228864
13.236855 -0.573825
10.482215 3.906907
15.440255 0.495490
14.763266 -0.361182
10.912729 -0.090479
15.291002 -1.371375
0.248345 -3.467467
12.304434 0.830605
16.484600 -0.806687
1.203835 0.688755
11.119897 0.925968
15.532107 2.137097
2.133656 -1.766149
11.940359 -0.545557
0.741943 1.138541
5.400219 -2.860048
11.962950 -0.120456
1.143998 -0.759366
7.088552 1.401289
12.834523 2.144686
16.248148 2.735743
9.201111 -2.477239
12.765659 2.148558
0.263261 -2.370903
10.649885 1.690531
12.546383 -3.705463
16.220905 -0.350059
12.178823 1.248344
12.295995 -2.708577
15.731971 0.460938
14.056489 0.048469
12.005615 -0.883864
15.640226 3.158235
15.940316 -0.441199
12.314014 0.429226
0.029112 1.767418
16.681763 1.912557
2.675164 0.878745
2.338156 1.748368
1.944810 -3.179464
3.295713 2.163687
1.751300 -3.673395
3.765330 0.909233
1.823688 -1.975991
1.104406 -2.449226
4.841238 -2.059830
1.377842 -0.584293
1.484021 -1.265153
7.893824 -1.203119
3.890310 2.089119
1.887765 -0.432030
9.565666 1.995692
2.854810 -0.374965
1.002674 -1.011931
10.788903 -2.699694
2.922168 -1.613066
1.979965 2.986088
12.452098 0.715785
1.761287 -0.241285
1.415257 0.339366
13.597157 3.320884
1.367596 -2.013362
0.391756 -0.422058
15.331995 -0.260064
1.824684 0.561063
0.755300 1.116619
1.613559 3.358971
3.476707 -2.450124
3.878457 -0.987101
1.582569 -0.556123
4.522945 2.077563
2.632297 -1.969240
2.601207 1.913048
4.593528 3.232161
3.130851 -0.994473
4.385056 -0.000144
3.831027 0.868546
1.885255 1.151394
5.597150 -0.861068
4.246557 -3.104402
3.136889 -0.368187
8.328607 2.039914
4.077657 -2.098138
3.711268 -2.037844
9.942410 1.623169
4.278187 -0.721856
3.109655 -1.335942
11.872308 -1.785866
5.203480 -0.641814
1.979048 -0.268967
13.355449 3.436745
3.709286 -1.114633
2.937775 -1.610901
13.886144 -3.394799
4.160491 0.826275
2.037383 -2.464966
15.316401 0.702960
4.397046 -0.014126
5.582529 1.994815
1.573093 -3.074706
3.012755 -0.779622
3.670917 1.335431
3.349306 2.705377
5.454394 -3.629046
5.411832 0.828278
4.514891 -1.394616
5.542431 -1.077347
4.345451 1.215192
5.875160 2.538862
3.122217 -2.559299
4.869649 0.224995
8.138040 1.354111
4.328726 1.371367
5.472003 -0.449888
9.440618 2.315421
3.103849 0.267478
4.903511 -0.949018
10.963654 -3.005185
3.006972 -3.076098
4.100301 1.227225
12.586253 2.379288
4.205493 2.631803
4.863397 0.474051
15.014952 2.759866
4.306945 1.563773
4.545158 -2.613774
0.034157 -0.760745
5.570843 1.849552
7.247283 1.220234
1.245205 -1.424261
5.761076 -1.832759
6.159921 -2.314814
2.840022 2.340500
4.437899 2.094581
6.760011 0.749626
5.270017 1.048725
3.900666 -0.999175
5.392527 -1.338845
6.467738 1.899946
2.142998 -1.439265
5.752023 2.651066
9.680809 2.042998
3.557256 -1.824878
6.703096 1.205511
10.581427 -2.078212
3.676921 -2.796255
7.318037 -1.396725
13.459867 -0.115433
3.176241 0.575173
5.691616 1.339152
13.541110 0.496290
2.998675 2.536957
5.345189 3.062991
16.260378 1.673356
5.971857 -1.002020
5.440690 0.992135
0.734555 -2.630153
4.219923 -1.272896
8.340338 -3.227994
0.761333 -1.943822
5.037300 0.360254
7.583648 1.307037
3.873260 1.850379
4.187467 -1.965496
8.647747 -0.582690
5.112963 -2.616182
2.606281 0.185150
7.897210 2.423814
5.916611 0.734748
2.382058 1.773852
8.237482 -1.422671
7.727861 0.940432
1.951655 1.609493
7.469546 2.397370
10.279462 -1.985523
3.434622 0.451064
7.974488 2.185333
11.739335 0.627597
2.302655 -1.905526
7.796008 -2.961883
14.641207 0.428636
15.793434 -2.423247
7.568960 2.593490
15.329935 0.151888
3.355002 -2.287531
8.250165 0.134444
16.069454 -0.239832
3.088770 2.306524
8.621289 -0.437136
2.317763 -1.884277
16.799118 -0.165703
10.595470 -2.871900
6.267203 -0.158184
14.987750 -2.564565
9.568469 1.083299
6.221624 1.217627
15.829847 -2.461616
9.432194 -0.835949
7.794130 -1.238950
16.594845 1.596251
9.192973 2.608989
9.373713 -1.188838
15.436048 -0.793868
8.344348 2.820825
10.812379 0.124987
14.703013 0.318863
7.947957 -2.131259
12.473948 -2.697772
15.778990 -1.024530
8.746657 1.937387
13.818955 0.893892
13.103588 -2.188231
10.070285 0.060129
15.094700 1.773891
1.481939 -0.383232
8.808353 -0.270895
16.029348 2.810282
13.818103 -3.032871
9.827241 -0.398341
16.719873 0.615042
15.997011 2.253698
9.856981 0.091894
4.783233 1.328342
11.823872 1.806787
11.770825 1.404999
4.335460 2.543436
10.914153 -1.578986
11.671071 2.601470
5.998171 -2.804782
12.213619 -3.930242
11.692836 -0.041090
7.341853 -0.926962
11.789587 0.162782
11.212852 -1.778166
10.166625 1.244118
13.599100 -1.676851
10.494290 0.290224
10.460824 -4.715354
14.293770 0.515149
9.728084 0.524725
11.967060 -3.383714
12.283180 2.387048
12.839771 -2.317497
13.368134 0.383131
14.242797 2.712620
11.540538 0.726776
16.106783 2.443485
12.366755 1.412572
11.546748 1.739029
2.363508 3.843035
13.226480 -0.784805
13.087394 3.027334
1.585336 0.074918
10.703403 -2.698842
13.071477 -1.294695
3.294994 -2.662651
11.093949 -0.953219
13.253670 -0.885100
6.931752 -1.808417
13.047529 3.171155
11.706512 1.238057
8.916678 -0.494776
10.965096 1.883711
14.206334 2.967196
10.177451 0.889773
13.344981 -1.011044
10.985117 -3.277338
12.923203 -0.152915
11.242805 2.021461
14.586390 -0.870856
13.103819 3.297164
12.758371 3.055962
12.733599 1.423813
15.224019 1.348467
11.652123 -0.925925
13.742216 -2.591132
16.565615 -2.769973
12.641500 -1.375636
14.755572 3.716086
0.591296 0.104954
11.575211 0.073496
14.774199 0.798801
3.650582 -1.603570
12.932606 0.147930
14.008996 -3.035304
4.657885 -1.647294
11.101087 -1.650067
15.164936 -1.603604
7.287166 -1.962820
11.876902 2.712485
14.654210 3.548704
8.835485 0.123124
12.480179 -1.707934
15.061772 1.155496
10.781438 0.717207
10.883289 -0.386446
15.506614 0.365708
11.614756 -3.284226
14.081813 1.742691
15.802706 -2.855963
13.399134 -2.579720
11.725311 1.605858
14.103886 -0.691489
14.680285 0.923746
13.353702 -0.813849
14.399487 2.003374
15.879577 0.488252
13.795336 0.588423
15.977358 1.145957
16.960674 1.852070
13.840399 -1.576792
16.347599 -1.755510
2.068729 1.602950
12.206048 -2.343064
16.572893 2.635810
3.495430 -1.736554
13.511223 -0.572673
16.880890 -3.724514
4.970428 -0.312494
13.444107 -1.212586
0.201415 -0.580243
7.914962 2.159186
14.285932 -0.934253
0.482008 -0.413779
9.590158 -1.294415
14.122984 2.041305
15.901320 1.589907
10.336297 0.383343
15.887418 0.413993
16.020098 -3.254138
12.754870 2.993453
15.360666 1.811226
16.566740 -3.066511
14.463634 -1.683121
13.677228 -1.522743
16.057556 -1.576789
15.181662 2.388551
