3.345114 3.063697
0.041097 2.311007
16.410950 -0.498477
3.794364 -2.614268
0.822764 -2.351111
1.442797 0.431511
0.748170 -2.836433
1.983619 -1.106240
3.564956 -1.601897
16.086517 3.893860
16.387209 1.405391
5.886031 1.259628
3.842292 1.942325
0.710444 -0.893745
7.205809 2.960367
15.090836 -1.737782
15.987737 2.887641
8.854357 0.895078
5.027982 0.158903
0.475974 -1.253957
11.108702 3.430653
4.036757 0.008708
1.991865 -2.942791
10.998548 1.501480
1.023981 -0.073499
1.504059 1.603475
14.500702 -1.114355
2.551429 1.218073
0.927087 -0.384637
15.229945 1.097198
3.694270 -1.392368
2.403923 -1.246056
2.173454 0.196192
5.358234 2.060370
3.177121 -1.592737
2.382486 0.704476
5.256760 2.469213
2.096044 0.702179
4.495727 2.489166
5.478300 -2.705863
2.454822 2.311519
6.160701 0.039065
5.429266 3.886574
2.422573 0.634924
7.910099 -1.577294
4.825850 -0.297903
0.764681 -3.955963
8.761582 0.440714
5.556221 2.933586
1.797019 0.213859
9.968984 1.666835
6.289720 2.245048
1.453835 1.099074
11.750200 1.362787
5.704833 -0.339374
3.769279 1.930662
14.912992 1.022441
3.664346 -2.463119
1.926447 0.245146
16.400827 -1.196541
4.374429 -0.796319
3.397993 0.758372
0.884254 1.861721
6.287742 0.359889
5.904333 1.012705
2.429132 2.167958
6.072006 -1.750123
5.321239 2.883861
4.445677 -0.954864
4.822854 0.405799
4.116046 2.539632
5.084690 -3.220075
6.137311 -1.393062
4.175903 2.798145
7.758261 -0.986975
5.450395 -2.217921
3.550402 0.097503
9.264246 -3.220057
4.942512 -2.291702
5.182001 0.743944
10.881655 2.522247
6.337559 -1.098322
4.605753 1.690771
11.701220 -2.816438
4.682195 2.508198
5.145823 1.440329
14.535606 0.541047
4.956967 -1.076324
4.819610 -3.479151
16.205809 1.499450
4.947372 0.975155
5.152451 1.770308
1.530926 -0.670705
4.112905 0.249550
7.936491 3.334920
3.545479 -1.197919
4.686213 -0.571626
6.279747 3.700363
4.893559 0.169745
5.764281 2.295622
5.375834 2.038929
6.244234 0.694549
5.075029 -1.388974
5.528120 0.862779
7.861116 3.036862
6.038943 3.186595
5.161035 0.259353
9.433749 0.377896
3.404601 3.113657
5.951827 0.240292
12.037645 -0.888273
5.064902 -0.651403
6.709347 1.169232
12.105415 2.290770
3.339085 0.185730
5.821549 -0.235737
13.746030 -1.325379
5.465090 0.614102
6.646244 3.772671
0.594953 0.536214
4.071321 -1.464939
7.383409 -1.153297
1.707389 3.685366
15.657287 2.053194
8.125494 -0.798162
1.361268 -0.096293
2.276483 2.486037
8.214030 0.461284
4.197911 -1.623442
3.842119 0.904351
8.396276 2.826727
6.501279 0.543395
2.549433 -1.116587
8.103917 -3.027076
7.735253 -0.742204
3.425397 3.012985
8.180069 -3.306847
9.475054 -0.883765
3.862617 -1.570977
6.506687 -0.622192
10.398411 -0.763774
0.154608 1.643653
8.696420 -1.664497
13.261720 0.827553
1.900622 -1.617852
8.231063 -3.964108
14.261379 1.733246
2.916126 -0.131544
7.229791 1.624964
15.417058 -0.835623
14.064271 2.054509
8.872975 2.645592
0.891365 0.583006
13.564962 -2.706800
10.605347 1.014831
1.732588 1.899613
15.811069 -0.176478
10.663467 0.499587
2.737248 1.744857
0.717500 -2.582357
8.897733 -2.516955
4.688091 -1.273278
16.029446 -0.045139
9.799919 -0.117845
5.823739 3.424366
15.195044 2.260637
10.586232 0.995801
8.761138 1.500995
16.401760 1.249855
8.271437 -1.580953
10.449000 -3.731861
15.574631 0.823606
8.370134 -2.856733
12.017655 1.320673
15.376776 0.147100
9.456895 -3.460126
14.363729 0.166630
14.039660 1.090936
8.453428 1.265723
15.236136 -1.009097
13.621075 -2.604858
10.205263 -0.511395
16.411329 1.492739
12.855732 1.838115
12.338985 -0.899285
1.373870 -2.109789
12.922677 -2.302389
11.819841 0.368903
3.048012 2.053533
13.325125 2.501774
11.311127 0.653199
6.530883 1.755258
12.606626 2.267899
11.229646 -0.247635
8.217929 -2.662692
13.708062 -2.613314
10.101786 -0.750401
9.532121 0.941794
12.697146 -1.898079
9.366475 2.748091
10.708731 0.171964
13.713834 -0.395159
10.492541 3.703089
12.999533 -0.795525
12.085013 -1.200675
10.292197 -0.923255
13.530146 -1.405482
14.278970 0.400741
11.848968 2.282060
0.499434 -1.298522
13.133349 -1.831093
11.650222 1.813133
15.648953 1.113223
11.851794 -1.957515
13.826288 -0.736261
0.838511 -3.168826
13.961998 -1.909226
13.158380 -2.975219
3.354495 2.750456
12.680805 -2.334121
10.777056 -2.501037
4.685260 0.066050
12.214320 -1.060111
12.344530 0.399240
5.687130 -2.148319
13.132063 0.520167
12.845521 2.712333
9.121252 1.409969
12.634900 -0.342820
11.344734 2.449951
10.021499 1.489648
13.222694 -1.038155
12.561263 -0.805952
11.172322 -3.814600
12.627061 0.136482
12.041533 -2.442334
12.938047 -0.191784
13.699519 1.453385
12.018178 0.511051
14.219834 -2.995709
13.416469 1.089551
13.360613 -1.792605
16.386454 0.342974
14.844505 0.152726
14.607450 2.059995
2.677128 1.849418
13.629813 1.863270
14.686483 -1.661713
4.141139 0.357956
13.344338 1.742531
13.691730 -2.529603
5.615585 -2.634212
13.096235 -0.961524
12.934163 -2.206579
7.285502 -0.548248
12.376647 1.324484
14.384469 -1.212149
8.415051 2.007268
13.708133 -0.023973
14.043685 0.291471
10.317039 3.082059
12.786006 -0.606799
14.517965 2.026519
11.635560 1.830691
14.846789 2.858762
13.233057 0.393397
13.824154 -0.541335
14.497068 -2.723927
15.820226 -0.929158
16.062634 -0.419292
13.694032 -1.441518
14.867428 -3.062299
0.999791 -0.648836
13.535318 0.335172
15.626139 0.027717
2.635832 2.194131
15.193848 -1.930105
15.581356 -0.936250
4.487276 2.000134
14.581075 -1.975695
0.404371 -1.014122
5.674119 1.250308
13.464825 0.566331
14.686237 -0.784776
7.081169 0.997832
13.229045 -2.329210
16.005852 -0.175274
8.409254 -1.110194
14.417685 -1.980748
15.436194 1.395370
11.631188 0.165739
16.118202 1.725490
16.137085 -0.108909
12.058517 -0.038349
0.027954 1.992084
15.672015 0.434967
13.610430 -1.207439
0.059069 1.619187
0.102202 3.833941
15.148952 -0.420959
5.246028 2.970774
1.896071 1.547787
1.204211 0.161820
5.088222 -2.176964
1.469435 -1.738392
2.829792 -0.674521
2.006840 -0.905137
0.514433 -1.548568
4.028545 -2.482416
2.733403 0.043177
0.972727 1.536683
5.721165 0.016553
5.777807 -0.996666
0.873673 -2.113302
7.152184 -0.720869
6.666845 0.022280
1.229865 1.774332
8.717056 -1.378808
6.547728 -0.088425
0.240632 2.604573
10.248477 -0.940746
1.292361 1.133826
0.190547 -0.552949
12.435478 -4.328283
5.752996 -1.177091
0.681134 0.492810
13.731255 -3.185182
4.638576 -0.427897
0.833552 0.960114
15.401358 -4.457919
6.116318 0.307078
3.553499 -4.289749
0.681449 0.640992
7.088120 0.863942
2.596542 1.041939
1.805651 -1.170805
6.612844 0.597408
2.037416 -3.116110
3.386896 -1.031949
6.182061 0.574716
0.901874 -0.538093
5.473461 -2.680838
6.943887 2.590822
2.289204 -3.252467
6.917511 0.273044
7.065210 -1.818356
2.877193 3.297618
8.656892 0.220131
7.211544 0.073485
1.962910 -3.567444
10.390060 -0.577339
7.915086 2.707435
1.364905 1.281533
12.387639 0.960668
6.730593 0.372886
2.039478 2.662949
13.444346 1.145114
5.398706 -0.462311
2.362114 2.785346
16.044846 1.406188
6.562972 -0.398152
5.357724 -3.026354
0.559374 0.571855
6.802995 -3.109561
4.230243 1.939571
2.522816 -2.256959
6.076535 2.824328
3.544964 -0.323304
4.084265 -3.267154
6.523365 2.736372
3.819044 0.761001
5.816203 -2.750716
7.775578 -1.928285
3.948256 1.607927
7.102807 2.331307
7.619540 1.293473
4.682612 -0.930231
8.766933 2.510532
6.954386 2.309757
3.700716 -2.103865
10.194978 0.802271
7.139936 1.204919
3.034871 3.066659
11.945223 1.260228
6.334939 -0.636712
5.036847 -2.556949
13.699665 -3.447362
7.189062 0.553110
4.131536 -1.973760
15.806391 2.722886
5.629294 -1.887673
7.500123 -1.254468
2.281546 -1.402035
6.063468 -0.024213
6.953186 3.689889
4.038437 -2.341418
4.998327 0.536880
8.061429 3.431213
5.192430 1.948622
6.470727 -2.293805
6.895166 0.130241
5.775083 -3.148108
6.289085 -3.012035
7.036027 -0.202485
7.557148 -2.464995
7.138840 -1.465387
6.543512 -0.669040
9.150247 2.779635
6.167220 0.801079
6.693304 -2.717719
10.634976 -2.266727
6.786607 -2.923314
6.152551 -0.709609
12.351558 -0.110594
3.658132 1.403101
7.540252 2.748393
13.927995 1.231195
6.216097 -0.695371
5.648481 -3.038100
15.281685 -0.038485
4.098319 -2.638766
7.962399 1.376733
0.050833 -2.348701
0.994080 3.614119
7.954188 -1.514473
1.848542 1.175372
6.723064 -0.602722
8.444207 -2.003747
4.951117 -0.601043
5.746283 1.704658
8.466273 0.607318
6.723114 -3.157286
6.258047 1.395747
8.145006 2.997266
8.905489 -1.701899
4.574358 -0.028394
8.135128 3.061791
8.098331 2.864105
4.853096 -2.247128
7.850620 1.609546
10.708711 -2.454448
6.427139 -2.705417
7.874316 0.961259
12.077770 -2.647248
4.997943 2.500206
8.280849 -0.089727
13.042564 2.976993
4.617320 -3.307665
6.698740 -1.783011
15.389037 -0.625294
15.262003 -2.443540
10.487335 0.028416
0.896990 1.465742
16.217707 -2.241736
8.556634 0.764580
3.030611 0.801743
1.222487 -0.512059
10.520757 -3.775411
5.732364 2.589893
1.085533 1.571644
9.266740 0.371929
7.019952 1.918568
0.143298 1.814595
9.904231 -3.018259
9.683897 1.082410
15.148132 0.389582
9.783691 -0.852195
10.669930 -2.405306
0.368465 0.443867
9.783636 3.226549
11.463170 -2.316739
3.600492 -0.199541
7.659430 -2.038203
12.068813 1.021958
0.338852 -3.008945
8.772269 0.368152
14.961523 1.863838
15.428013 -0.713117
9.134511 0.671527
16.118353 1.621603
14.577088 1.590311
11.808496 0.987651
2.308681 1.975616
15.264246 -1.629117
11.806580 -0.271579
3.992409 -2.631735
14.586287 -0.690359
10.728617 -0.287895
5.298210 1.844140
16.231106 1.671404
11.519098 0.924681
5.379502 2.496989
15.253951 0.117917
10.984470 0.579327
6.951256 -2.926421
14.391453 -1.478796
11.711668 -2.588815
9.928997 -2.470089
13.811932 2.899787
10.817210 -0.204416
11.268968 -2.029972
15.419606 -2.002250
10.052661 -2.160114
12.620815 -1.710590
13.613305 -2.036544
10.069793 -1.914614
14.608248 0.807708
14.954203 -1.431956
10.875727 2.308192
15.488453 -2.376441
14.349709 -0.204494
13.264863 -3.449754
1.478161 0.893217
15.702230 -2.543916
13.079846 2.290830
2.848020 -1.000330
13.724890 0.910359
12.127453 1.021043
4.744177 -1.069947
14.695348 2.349737
12.485416 -0.188357
6.159703 3.377105
14.221040 1.310696
11.833225 1.714657
8.046632 -2.631345
14.940453 -1.092061
13.126403 0.125554
9.173751 -0.716316
15.342056 -0.571883
12.913605 -1.964887
10.890842 0.932199
14.338678 1.967658
12.078948 1.396107
12.452542 -1.416970
15.234905 0.385134
11.395966 -0.077700
13.731492 2.884818
14.947493 1.055537
12.728913 -1.344128
15.466492 3.247433
15.961681 1.738956
14.076114 -2.502997
1.299860 1.900513
16.434120 -2.045639
14.564235 -2.540197
3.532773 -2.678875
15.065936 0.893694
13.584525 1.723027
4.623727 0.714747
14.897257 1.347996
14.689275 2.070467
5.922388 0.893217
14.829198 -2.003668
13.665876 1.809437
7.390064 0.359954
14.130479 -2.243840
14.535856 -2.397455
8.672686 -1.196133
0.577738 -1.849642
13.380929 -1.847976
11.271624 -0.882407
14.369089 -0.227098
13.770143 2.820156
12.013970 -1.691742
15.637687 -0.023052
14.848363 -1.475353
15.030697 3.162663
14.954831 0.769636
14.128189 -1.131857
16.375412 -0.845845
1.276179 2.866908
14.518219 1.061617
0.711019 -2.733868
0.355085 1.583381
15.406863 -2.744330
1.968808 -0.702413
0.451121 -2.014628
16.151058 2.173848
4.231419 1.781749
14.804394 -3.266633
15.830083 -0.599739
7.190562 2.531402
0.026227 0.537364
0.034853 0.475795
7.745746 0.400846
15.412862 -1.075941
14.629368 3.041036
10.319358 -1.902565
0.522378 3.041087
15.200102 0.988363
10.814047 0.776628
16.029058 3.306017
14.369823 -2.124493
12.157234 -1.560993
1.108015 -1.340879
14.783772 1.493649
15.248244 -1.200700
16.321951 -2.557867
15.395455 0.378021
0.103666 -1.923033
5.194619 -3.918358
0.285472 0.869887
0.518870 2.041934
8.124775 2.356414
1.304581 -1.054699
2.758632 0.180005
5.263890 -0.862894
0.331024 -0.449264
4.138083 0.917238
7.866069 2.848353
0.433249 -0.119577
5.618978 0.141602
8.450089 -2.786100
2.103287 0.049007
6.157833 -0.638848
7.788508 2.124291
0.820110 1.502771
7.339825 -2.058731
8.355072 0.526157
1.126340 -2.732006
9.130020 1.532152
7.719603 -1.898442
0.586634 3.311292
13.970287 0.712548
6.376182 4.130550
0.681762 -0.502912
15.425046 -0.504403
6.731975 0.050872
1.481884 1.000485
0.550184 -3.172269
8.819464 0.776322
2.806056 -1.929091
1.817875 -1.734753
8.042887 1.081146
2.952256 -0.027361
3.436481 -2.091304
7.097213 0.918906
2.333708 0.793501
5.077768 -1.540983
8.408016 0.991238
3.650739 -2.367779
5.413364 -0.446588
8.571175 0.430258
2.595481 0.313801
7.898853 -3.253640
8.783517 0.918041
2.257266 -0.037666
11.279118 2.264239
8.282456 2.807142
0.581454 -1.071092
10.852810 0.612395
8.701699 3.121773
3.035191 -0.007536
12.862172 -1.587565
6.833262 0.555452
2.354502 -1.385183
15.194840 -1.114279
7.924087 2.561446
2.687084 -0.138725
0.093695 -0.018442
7.808375 -1.200958
4.105977 -0.712140
1.043667 -3.419703
8.532552 0.285284
4.481778 -1.571755
2.643157 1.834393
7.577133 -0.497840
4.431046 -1.072660
4.180834 2.905565
7.484729 0.122117
5.424832 -2.598721
5.595367 -0.649288
9.010809 3.543002
4.964081 0.273539
6.443307 -2.258069
8.535812 1.158285
2.931381 -0.419629
9.622682 -2.363260
8.376054 -2.494126
3.961683 -4.020927
11.213155 -0.896192
7.907060 0.400409
4.653861 2.796819
12.660113 3.139473
7.368100 -1.089566
3.584038 -2.532185
13.952650 -2.119443
8.821999 -0.957902
3.635757 2.268221
15.103684 0.488309
7.900074 0.072357
5.789081 -0.018489
1.652561 3.315918
7.660875 0.413316
6.009888 -2.475944
3.481287 -1.509492
7.992076 -1.205135
7.171124 -1.564550
4.741361 -2.088403
8.563462 -1.814216
6.561149 3.033643
6.413650 -1.099797
7.230924 3.013297
5.563972 -1.219466
7.298243 2.251572
8.796807 0.887984
6.484994 0.890259
10.043332 -3.696402
7.462932 1.275320
5.370748 -3.250044
10.508761 0.156694
7.080300 2.694450
6.630231 -0.044527
13.996656 1.558750
5.327876 -2.005031
6.703948 2.074941
13.828293 -1.613265
7.584285 3.251127
6.588812 -2.700421
15.964145 -0.016493
7.022592 -3.053511
7.240147 1.852981
1.263257 0.547258
5.724655 -2.778087
8.741879 -1.560934
3.588729 -0.676540
8.679882 -3.879663
8.478504 -1.567235
3.694455 -0.361793
7.586906 1.726835
8.030871 0.800156
6.409484 -2.730456
8.060205 -2.530932
7.463377 -1.701174
8.020885 2.880652
7.904578 0.144281
8.101240 -0.150412
9.813495 -1.875132
7.725704 -2.367485
7.027154 0.158295
11.196569 2.562953
6.515729 -1.956805
8.284083 -1.697542
13.849560 -1.141129
6.263663 0.274552
7.505773 3.253906
15.506273 1.305157
5.820782 1.068169
8.380592 2.258177
0.472377 2.786106
0.525684 -1.807474
8.341532 1.538033
0.231055 -1.599594
3.196507 -0.744888
8.898333 2.729588
1.174542 1.307384
2.249634 -3.909350
10.048543 0.279119
4.440330 -1.666467
2.838574 -0.539146
9.897340 2.696266
6.328390 -1.655170
3.466324 -3.668214
9.548330 -1.784847
8.031025 0.551290
1.802395 3.117357
9.517525 -1.982419
8.731540 0.628610
1.648393 0.606361
8.877585 -3.309287
10.346591 -0.611919
1.493560 1.945129
8.543718 0.421966
12.135178 1.882203
1.418743 -0.309828
9.829861 -1.354535
13.389720 0.993310
2.108814 -0.713929
8.750837 1.089803
16.239920 3.101247
0.483383 -1.389903
10.053338 -0.352369
16.313911 -2.840068
0.147233 1.364815
9.557224 0.050252
1.612319 -3.037000
0.451705 -0.830770
10.522108 -3.635091
4.068768 0.510440
0.592348 2.655597
11.736853 -1.003916
6.882710 -2.683681
0.232872 2.391480
10.458021 2.837338
8.041034 -1.410395
16.269516 1.236634
11.722768 -0.160851
9.798231 -3.368550
15.529413 -1.704929
11.280853 -0.699189
11.394850 -0.255515
0.431383 -1.806894
11.111887 -0.039958
12.894460 0.105109
0.169173 -0.254193
10.600933 -3.430010
14.653915 0.667881
1.738754 -0.904396
9.931310 2.483637
15.142291 0.982653
15.841533 0.528627
12.326007 -2.635691
1.238670 0.415445
0.563085 -2.797752
11.926411 -2.662737
2.963315 -0.032569
0.237652 0.280622
12.957509 -1.679513
4.295642 0.019081
16.214899 0.898398
13.187726 -2.032820
6.194170 1.177029
15.895238 1.398984
12.361138 1.064379
7.951939 -2.064631
0.192637 -2.755450
13.418069 0.814354
9.582707 -0.804609
0.838092 -1.626746
11.634484 0.798031
11.346805 -0.388423
16.041218 -1.371224
12.695993 -0.832352
12.588895 -1.198379
1.270111 2.127733
12.900943 0.466088
13.195961 3.810517
16.365797 -0.989353
11.611859 3.423481
16.137287 -0.232841
0.147497 0.641264
13.448870 0.644008
15.986541 3.007212
0.983842 2.964618
13.677432 -0.643986
2.348150 1.360175
0.256501 1.655676
14.632564 2.480084
5.206367 1.727743
16.405170 -3.808080
14.920985 1.456312
6.829265 1.099489
0.815341 2.672460
13.695985 0.503153
7.767051 -2.613707
1.445524 0.385220
14.597227 4.467494
9.219595 -0.240408
2.015495 -1.530998
14.285580 1.258547
10.793609 -3.193097
1.290004 -0.645638
14.789362 -0.965803
12.428971 1.972530
0.159335 0.777163
14.001971 -1.115454
13.911543 2.771377
0.066112 -0.824138
12.371096 -0.483519
14.518372 1.557464
2.088322 -3.637146
16.059002 -0.376506
1.496639 -0.681465
0.902949 -0.109623
0.392484 -2.049395
2.725723 2.806798
3.673803 2.524158
1.405586 -0.599779
3.887222 -0.597017
4.420516 2.312629
1.084892 0.911647
5.660731 1.053959
15.973826 0.173414
14.564539 -1.804101
8.439895 1.828035
0.300358 1.576451
15.863116 0.252004
9.319121 3.160906
2.231518 3.682713
15.952330 3.099143
11.159943 -0.672881
3.361313 0.513371
0.773170 2.385522
12.041542 0.838458
2.262298 2.506661
1.226632 0.223809
13.391270 1.868531
2.644579 3.028192
14.810524 -3.078632
16.248581 -0.405552
8.449625 0.043792
1.188764 -1.598516
1.058140 -3.276402
9.827910 -2.285737
2.417405 -0.144770
3.257663 1.703086
8.663125 -1.724991
1.624646 0.018992
4.427800 1.981720
9.865979 2.881463
1.252533 -2.134211
6.098014 0.260845
10.899560 0.137984
2.224658 -2.016460
7.336481 -2.576170
9.860623 0.039896
1.377947 1.469879
10.109177 -0.080173
10.346616 3.183887
2.351472 -0.485571
11.954677 -1.929203
9.479056 1.078727
1.432038 0.314742
13.267423 -2.999037
8.046380 0.959179
1.103644 2.925690
15.816498 0.592442
9.927457 2.585295
0.590213 -0.997809
0.038823 1.284276
10.184208 2.792726
2.231428 1.957851
0.925272 -2.653976
10.312566 1.213362
3.711646 -2.399505
2.076121 -2.010366
9.389223 -0.334303
3.952077 1.791235
4.007699 0.239438
9.946747 2.594321
2.656323 -0.286320
5.046922 2.984481
9.735667 1.944490
3.307896 -2.917702
6.728362 -0.823552
10.132048 -0.943290
2.699133 1.011730
8.885623 -1.592433
9.967735 2.160458
3.430492 -0.696645
10.532598 0.877079
10.154261 -0.346771
2.955820 -0.955514
13.910209 2.626128
8.431575 1.345718
2.105504 -1.733040
14.392859 1.666381
9.557200 -1.350740
2.150939 0.857631
15.692007 -2.298665
9.440284 2.215698
3.700532 -0.221091
0.283223 -1.898403
9.806236 0.380265
5.596944 2.160860
3.082214 -0.402095
12.320873 0.872464
4.349411 1.556258
4.760084 -1.862273
10.333279 -2.753706
4.513654 -0.811312
5.355849 1.256066
10.407568 2.994795
5.464355 0.112270
7.418300 0.858023
9.313210 -2.043783
4.177428 -1.191766
8.201319 2.888399
9.064384 -0.711905
4.757823 -1.582595
9.759076 -0.309360
10.068104 -3.938259
4.198117 1.396151
12.226807 0.727279
9.345684 -1.105176
4.609853 1.684665
13.711240 3.776940
10.851877 0.955476
3.275381 -3.530944
15.624766 2.327036
9.507870 -0.916676
5.162878 2.810575
1.345021 1.135441
8.829214 0.506149
6.924229 -2.668591
2.613915 1.551471
8.927524 0.288969
5.515748 0.479167
4.644648 0.246673
10.221474 -0.579926
6.293917 -0.864458
5.879417 2.714225
8.757218 0.156917
5.840423 -1.788697
8.226131 -2.744476
10.304827 1.804015
5.794941 -2.667252
9.099485 -1.531778
8.866254 -0.993956
5.621694 2.316141
11.558970 0.442322
8.525712 -2.457221
6.190418 -1.226736
13.188558 2.524557
7.922473 -3.753893
5.174938 1.730135
14.595061 -0.067212
8.540119 1.969384
5.229865 0.715394
16.353085 0.520507
8.779979 2.993087
7.057453 0.173748
0.724746 1.544399
7.246198 -0.999418
7.813936 0.778420
3.099480 2.398375
9.480859 2.176308
7.866476 -0.269580
5.646712 0.505703
9.134212 -3.072671
8.758946 1.854591
7.015326 1.204850
11.414405 -2.107060
7.214091 -0.124604
8.529449 2.665053
9.602696 2.954754
7.636662 0.196487
9.028339 2.307405
9.352592 0.619832
7.532052 1.973335
11.616565 -0.064318
7.993145 -3.688593
7.918890 -1.325990
12.933214 1.181523
7.958662 0.991792
7.995327 3.903200
14.797197 -0.102220
9.095941 -1.240066
6.481267 -2.462642
14.916660 -0.046120
4.670181 -1.637876
8.928804 3.072058
2.059584 -1.036907
3.105997 -0.029816
9.342363 -1.509225
2.939610 1.299882
3.683847 0.192631
9.158385 0.372979
4.802869 3.397654
4.610099 1.248326
9.963597 2.689749
6.510477 -1.327311
5.398699 -0.213802
9.771501 -3.874535
8.046925 -1.493681
4.986374 -0.144845
9.248487 -1.698574
9.670665 -1.064825
3.416583 0.224436
9.026107 -2.943015
11.172591 -2.823319
2.975289 2.319993
8.950760 2.839904
13.030420 0.803190
3.432673 -2.016317
9.070996 -1.948982
15.106685 1.333470
3.005413 -2.596613
10.356668 -1.047561
16.404919 2.377703
1.775158 -0.269788
9.843655 -0.235872
1.234482 -1.361446
1.874974 -2.545741
10.818255 1.788353
2.781982 -1.941455
1.666780 -0.297304
11.759490 -2.360251
4.397920 2.719842
2.580554 3.485104
11.583236 0.292970
5.915257 -0.440240
1.863074 -2.768495
10.751990 -2.172364
7.529304 -2.405296
1.542338 -4.049356
10.830545 0.307981
9.893534 0.683395
2.081740 0.118512
10.137479 -0.347567
11.626115 -2.317606
2.352029 1.902359
11.423002 0.745018
12.748695 -2.681780
1.632348 0.442680
11.636335 -2.456967
14.398507 -0.573596
1.642947 1.184565
11.505637 -2.287380
16.225105 0.119385
0.603842 -1.892423
11.212157 3.110137
1.429013 -0.650858
2.254974 -1.541468
12.722988 2.570285
2.924842 -0.617682
1.741855 -2.697765
13.824581 3.410377
4.222898 0.613487
1.401367 -1.572490
12.906887 -1.194458
5.687834 -1.596193
1.077007 1.264003
11.988164 1.186082
8.613208 -2.490244
2.773441 1.131366
11.504865 2.988878
8.874915 1.341071
1.677267 -0.035217
12.642244 -1.707135
10.082179 -2.105319
2.168725 0.352577
12.782927 -3.194503
11.731504 -2.465735
2.117484 -2.636475
14.437075 -0.831361
13.949327 -2.879284
1.733047 -1.557884
13.108879 -1.217263
15.274398 2.218765
1.215134 -1.757818
12.824656 1.072720
0.842805 0.703310
1.717849 -1.391334
15.243986 -2.522455
3.081254 -1.156665
1.933183 2.441311
15.372643 -1.545828
4.776428 0.073116
1.586039 0.271136
14.472571 2.937482
6.279367 -2.162919
2.717053 -2.365022
14.359694 4.087209
7.681979 -1.407990
2.723284 -1.085167
13.393346 2.119349
9.083948 -0.755072
3.918118 -2.369975
15.367214 -1.292884
11.354080 -3.916736
2.825762 1.190000
15.896511 3.411395
12.937320 -0.687091
3.969014 -1.593586
14.829387 3.980951
13.587536 -0.402596
1.558427 -2.742382
16.184958 0.621549
14.227631 -0.523149
3.049995 1.919480
15.734064 1.222612
14.813170 -2.537220
4.973863 2.329116
16.249855 -0.837094
2.374853 -2.078822
3.334009 -4.486590
16.075901 0.944048
2.945190 0.738369
1.352774 2.394970
16.317122 -0.456729
6.150138 -0.878400
1.514781 -2.061852
15.582506 -1.806051
7.780391 -0.056139
1.798001 -0.396842
0.104842 -2.111121
9.300994 2.185558
3.159745 1.208169
15.132931 2.332686
9.819533 -1.331397
4.809230 -0.035693
16.142668 1.094846
12.685717 -3.501021
3.923879 0.683237
0.717838 2.053445
13.804517 1.201006
4.862714 -1.607991
15.806729 -0.386796
14.553409 1.874294
11.379749 -1.757253
1.703160 -0.248883
16.228571 -2.370205
11.378539 3.664622
1.993029 1.595285
2.351172 0.106733
11.420048 2.704265
2.859987 0.328704
3.989614 2.042665
11.422411 -1.892737
1.722386 2.424854
5.629642 1.208679
11.487206 2.799822
0.654479 0.808916
7.004436 0.363849
9.521894 2.256621
1.194687 -3.184825
7.875645 0.500722
11.503348 2.291961
1.234054 -2.137596
11.450796 1.279177
10.306206 1.174269
16.336502 0.468017
13.536759 2.587975
10.674462 1.469095
1.381120 2.269891
14.651761 1.777580
10.965418 -1.891020
16.065825 -2.806317
15.154906 0.909348
11.702180 -0.296780
3.115461 -3.249909
0.918076 -0.159799
10.991015 -0.362500
4.436922 -3.259737
3.596110 -0.351537
12.882613 1.324842
2.683835 2.120962
5.047136 1.896542
11.430010 -1.769932
3.410226 0.778109
5.923587 -1.951026
11.169044 0.549936
3.884962 -0.038504
7.627699 3.444935
11.345859 -0.509850
2.411696 -0.287333
10.183805 -4.149996
12.595328 2.601774
2.471362 0.938044
11.361641 0.458956
11.462036 -1.087149
1.603899 -0.164663
13.167520 -2.614256
13.867739 -1.310631
2.890097 -0.209203
14.665637 2.828318
12.951150 -0.471398
2.556749 0.162065
16.047285 2.238003
10.874275 1.413812
4.669262 0.238280
0.417238 2.551630
11.361380 -2.150566
5.278095 2.444185
2.076502 0.580932
13.580161 -2.621219
3.553357 0.364200
3.662135 2.038895
11.730912 1.075957
5.092181 0.177741
6.325584 -2.514534
12.923099 -0.556472
4.011946 2.573151
8.062756 0.617305
11.090161 3.275783
4.178008 0.528378
9.346786 1.243677
11.558764 1.557950
3.849530 -0.831484
11.112847 0.694504
11.570370 -1.328739
3.267165 -0.955423
12.721881 0.274896
12.063188 -1.880067
2.732960 -0.208829
14.412693 -0.634608
14.029076 1.553603
4.148097 0.071140
16.302092 -0.215638
10.315901 3.044338
6.760632 -1.652432
1.663118 -1.305033
9.755442 -3.080840
6.996738 -1.440946
4.190176 0.798290
11.300257 -2.763531
5.845154 1.432782
4.535587 2.567407
11.723003 -2.938359
6.792717 -0.893585
6.850897 -1.487437
11.931742 -3.216472
5.483113 -0.803794
8.311477 -1.509443
12.138544 2.155791
5.291311 -2.690137
10.165400 -1.381213
10.421762 -1.500693
5.187286 -2.472426
10.827772 0.747275
11.601092 -3.741595
5.069204 -0.032035
12.558775 1.039661
9.954909 3.619768
4.869428 -0.656622
15.355323 0.311665
12.471265 0.586435
4.209283 -0.985532
15.523890 3.767855
10.064457 -0.694894
8.117775 -2.097693
2.716939 0.506453
8.272777 3.497639
8.406587 0.524575
1.818467 -1.220390
11.425846 -0.017757
7.441454 -2.676170
5.049749 2.449961
9.923048 0.784890
7.178745 -0.865877
7.369637 3.839902
13.068907 -1.672040
6.977881 2.864001
8.066166 -0.909617
10.562706 -1.230774
6.942312 3.640931
10.350385 1.494122
10.272498 -0.396370
6.224046 1.292420
12.316322 -3.171123
9.241503 1.629986
9.115143 -0.385975
12.517147 3.034420
11.465904 1.174678
5.751915 2.210392
15.475316 0.555538
10.074845 -3.742007
6.303376 -1.482452
16.401583 -0.420176
4.659489 -0.577218
9.637740 0.594618
0.174043 -3.800591
4.494554 3.746640
10.090995 -1.598056
3.398872 -1.073665
9.223387 -3.064795
10.150162 -0.132223
4.125010 0.752334
5.465588 3.625914
9.842087 2.534400
4.919161 -0.885700
8.664441 -1.411875
9.177879 0.046244
8.573103 -0.907877
7.171329 1.536890
9.093355 -0.134224
7.693247 2.529916
5.203240 -0.357622
6.825009 2.729574
9.141321 -1.245709
5.045465 2.074065
9.298673 1.605299
11.706801 -0.821836
4.955365 -2.205912
8.439404 -1.691883
14.861655 -0.581226
7.707655 0.621944
8.334712 0.645298
0.118297 -2.075961
2.407698 2.365818
11.682903 1.021405
1.384008 -1.721667
3.638465 2.871710
10.554113 1.624953
1.793106 -0.231034
3.857216 0.278528
10.803613 1.329116
5.100947 -3.228486
5.649253 0.994141
11.281282 -1.943610
6.053635 -1.690181
6.812778 -0.497851
9.948226 2.740554
6.100387 2.570536
3.044353 -0.444878
9.920671 -0.497959
9.818849 1.076302
2.986830 -1.730820
11.510252 2.564063
10.729962 2.264696
3.635452 -0.289248
10.428432 -0.767544
12.210630 -1.897669
2.960179 1.018277
10.529683 2.182895
14.089378 1.497895
4.490510 -1.190116
10.584144 -1.492520
15.194084 -1.841028
2.836589 0.092437
13.010982 4.316211
0.245219 -0.216003
3.739066 -2.851242
12.787140 -2.424663
1.905561 1.302077
3.159125 2.395153
12.713314 -0.569379
4.616570 -2.215317
3.469609 -1.092776
14.703401 2.590227
5.244009 -1.346529
3.004923 -2.051866
13.404060 1.618285
6.207619 0.955609
4.954538 -1.649821
14.011342 -1.535352
10.306525 -1.818351
3.462636 -2.502665
13.403189 2.319047
10.729960 -2.137343
3.861150 -0.974145
12.220018 2.399660
12.138081 2.573709
2.917795 -0.299364
12.868222 -1.090392
13.692000 2.867572
3.205848 -2.458005
11.901443 -1.085401
15.288892 -0.465616
3.757347 -0.822751
15.429635 2.926004
1.239563 1.240783
2.655861 0.031045
14.212667 -1.261385
1.812951 -1.986103
3.220395 1.191714
14.369376 -1.543132
3.494322 3.266423
2.990637 -1.012505
15.730382 -0.998343
6.537683 -3.324407
2.160145 1.115714
12.573609 -1.461177
7.432534 0.565714
4.245707 -0.116251
14.428830 0.691567
8.675430 2.807909
6.731204 -2.306481
13.686143 1.842111
11.634536 0.122233
2.956655 0.984408
14.172901 -1.995388
12.344764 2.004538
5.616955 -2.043931
14.139763 -2.013191
14.953701 -1.114086
3.585697 3.009587
13.850997 1.920055
15.141415 -0.644910
6.498782 -1.766335
0.616984 1.499322
2.106487 -3.452796
7.080986 1.916958
0.494914 -3.837393
3.911327 -1.429719
3.515490 1.999687
16.276184 0.113401
4.626612 0.557821
9.486090 0.756513
16.230141 2.703159
5.277664 -0.160733
4.871644 0.665021
15.773438 -0.782991
7.611495 -2.849601
3.247427 3.307807
15.989923 0.576612
8.344790 1.481789
5.812570 -2.009280
15.221451 1.412984
11.384654 -1.092966
8.560732 1.025985
16.188784 -3.023732
12.555443 -0.124944
6.702560 -2.899587
16.333344 -1.871460
12.479318 -1.570384
6.138862 0.219228
15.422388 0.697639
15.885035 -3.016152
11.210929 -0.316437
0.552062 -0.302125
1.244748 4.223185
9.155906 1.699021
0.151240 1.369342
3.531082 -3.588357
10.488842 2.412804
1.063412 1.745189
4.355693 -0.758510
11.228899 -0.657053
16.376926 -3.068493
5.510548 0.168457
13.485405 -0.347472
0.429558 -0.700503
7.034434 4.142987
11.037598 -1.992263
1.157629 -2.949581
8.924588 0.593147
12.502705 0.555338
0.765218 0.752034
9.922121 2.695282
7.534934 -0.877005
14.594518 1.294496
12.959442 -2.000688
9.285242 -0.272453
0.307841 -2.676996
14.837660 0.906375
12.166004 -2.807107
0.050215 1.977159
16.314726 1.373586
12.655344 2.413642
1.629698 -0.898855
1.011318 -0.577283
12.217164 2.008554
3.730856 -1.220349
2.504763 -0.719989
12.255436 -1.967008
1.313232 0.201084
3.923557 -2.447654
14.082109 1.366301
2.023495 -2.284563
6.186194 0.130353
12.517602 1.222413
2.438519 -1.619986
6.915516 -0.963511
12.041457 2.827967
2.717255 0.973047
8.681005 -1.175391
14.344259 0.415620
2.686417 3.581693
11.510822 0.738932
13.242173 -1.118260
2.650728 3.092173
12.999272 0.861459
13.759936 -1.624168
1.174451 1.792200
14.034644 -0.839360
12.327924 -1.234490
1.206413 0.424669
14.908661 -2.652485
12.613665 -1.909103
4.631975 -3.391350
0.889139 -0.763540
13.812847 -1.689768
4.619487 -2.958030
2.282809 -0.670897
14.005305 -0.809513
5.047004 3.470280
4.516932 0.028212
13.220669 0.655243
3.968661 -1.498924
6.258474 -1.794390
14.511178 1.968707
3.726220 1.048775
9.030840 -3.339446
12.863640 -3.654996
3.832988 -1.026981
9.917475 -0.682234
13.088526 0.307311
4.263034 1.961748
11.784465 -2.610413
14.504485 0.230633
3.932902 -3.819149
12.834441 -1.206356
12.983340 0.344532
4.302993 1.656406
13.563123 -3.155866
13.117199 -3.713324
5.736399 -0.172220
16.004089 1.827653
11.802227 2.494901
6.226140 -0.657215
0.709603 1.675132
12.739750 2.494198
6.579852 1.183563
2.272551 -0.396432
12.584792 -3.932377
5.342383 -1.878650
3.379699 1.132401
12.861332 -1.457499
6.095407 -3.881093
5.436344 -1.360834
13.237818 -2.408013
5.465882 2.611382
7.129531 -0.236262
13.607717 -1.507849
5.335180 -1.297762
9.043644 2.541944
11.725298 3.392301
6.372478 -0.411848
11.461690 -2.992715
13.101669 -1.791060
5.937907 -2.879011
12.262165 -0.024626
11.189119 -1.487446
4.303996 -0.893607
14.175759 -1.554362
11.087200 -1.184506
7.720487 -1.579832
0.095887 -3.004817
9.750885 2.632958
8.578278 -1.052846
1.020362 -1.885922
11.247442 4.131346
6.784971 0.176486
3.158993 -0.438819
10.290723 0.682407
8.707653 -2.344424
4.400007 -0.295861
12.918195 -0.939646
7.848658 0.228372
5.872488 3.358479
12.321039 -2.921657
8.526179 -0.349671
7.556424 -0.452595
12.595033 0.009418
6.959369 -3.102589
9.850858 1.595111
6.769456 -1.645388
9.858585 1.006122
9.179317 4.034122
10.577877 1.153559
5.898275 3.149039
13.976134 2.276955
9.599683 2.877353
7.495059 -1.433560
13.518968 0.273043
9.364039 0.800153
8.040491 -0.829386
15.772545 2.989809
6.938316 2.193787
9.980313 0.076069
0.593921 -0.707121
6.454914 -0.420122
8.972924 -1.135894
1.920256 -3.856186
7.400840 -3.612015
9.634774 0.371176
3.990199 -0.352097
8.314460 2.858769
9.122319 0.299898
5.404492 3.224983
8.431286 -1.009523
10.423738 2.109756
6.910084 4.190054
4.312543 1.265081
10.743809 2.721370
9.032235 1.957158
4.465219 2.296435
10.666300 -2.503786
10.699128 1.170395
6.442296 -1.467119
8.654115 2.313064
10.580214 -0.910172
4.361589 -2.170704
9.667716 0.906163
13.610216 -0.983793
6.306734 -1.550801
9.322950 -2.895169
15.526843 -2.601638
4.090527 -1.633168
11.572318 -1.880294
0.468951 -0.603103
5.448126 0.809940
10.397653 -0.614770
1.451003 -2.392950
3.344211 -2.904711
11.438713 -0.983973
3.375619 1.455937
5.181358 1.043501
11.540405 -0.664914
7.789073 2.386250
3.567240 1.218017
11.185610 1.173530
7.294075 0.056792
4.129697 -1.466965
12.435428 0.615285
9.467992 0.527757
5.102131 1.031972
12.306776 -0.937679
10.906313 -0.854066
5.383532 1.728528
10.941053 0.031511
12.437204 -1.558263
4.239092 -2.357324
11.529508 -2.227858
13.634484 1.547408
5.885867 2.257456
11.000451 2.247434
16.120382 -1.770248
4.399904 0.694377
13.727841 1.402034
0.685401 -1.613433
4.930995 -0.440976
11.704244 1.513832
2.426659 -2.706187
4.462383 2.508950
13.042609 -2.566942
3.394477 -2.122586
4.265964 0.899548
12.280699 -2.641715
6.019914 -1.786891
3.899743 2.368633
12.861712 1.110039
7.772166 1.818520
5.483255 -2.856872
13.153794 -0.212980
8.717977 1.805503
6.602886 -2.785599
13.039107 2.507492
10.057527 -1.769171
5.623187 -0.039028
12.601146 2.456508
12.570172 1.458545
4.629293 -1.653133
13.251840 -0.902899
13.812304 -2.447454
4.774782 0.878277
12.597872 -3.490325
15.611834 0.363812
5.609286 1.459011
15.150628 0.915331
1.215303 2.048429
4.635868 0.201411
14.460431 -1.974328
2.413485 -0.736592
4.682369 -1.088798
13.636044 -1.160778
5.044127 3.264762
4.405020 -2.241505
14.243148 1.183295
6.799701 2.951781
5.979230 -2.332964
14.518942 0.178782
7.757390 -1.059712
6.397318 2.671131
14.806520 2.596009
9.720263 -0.167079
8.004265 -0.516520
14.113924 -3.014200
10.190290 -1.313094
4.624597 0.675248
13.964865 0.674680
11.992051 1.064996
6.636720 2.427586
13.135908 1.270583
13.736970 -1.662131
4.448603 0.779170
15.093252 3.237961
16.073536 0.726308
9.804708 0.052498
1.072415 -1.409569
2.174038 3.320909
6.394695 -0.620322
15.459073 2.441677
3.037215 -2.239382
4.738647 -0.196364
15.091879 0.037437
4.041689 1.955209
4.815819 -0.624199
15.784218 -1.049804
5.861690 2.633036
6.497977 1.448298
16.020512 -0.715763
8.408803 -2.108222
4.938795 0.739269
15.740456 2.244460
9.666327 1.043695
7.510698 3.334707
15.416770 1.302836
11.238857 -2.170968
5.739693 -0.756284
14.545034 -1.290404
13.076902 1.957563
6.659165 -1.394082
15.604874 1.251137
14.126644 1.848137
7.862777 -1.413403
15.935658 -0.559753
15.438974 1.900325
14.418784 -1.239447
1.698557 3.874714
1.016487 -0.330539
13.084633 -1.497168
2.167823 2.915878
2.741639 0.044186
14.219671 -0.226501
1.898053 -0.395545
4.212120 -3.394854
12.813437 -1.564690
0.866618 -1.434830
5.474474 0.718958
15.148196 2.446317
1.160983 1.395268
7.401531 2.594024
14.321230 0.011232
1.042331 3.246384
9.134632 0.014960
14.007790 1.922582
1.046967 -1.955893
11.041569 0.653209
12.983773 3.625968
0.938341 0.277451
12.496329 1.091156
12.004266 2.954458
0.021846 0.214762
13.645395 0.317860
13.300681 -1.441528
16.133169 1.234845
14.825339 2.923850
13.504372 0.949292
3.151096 3.022925
1.250157 1.553490
14.748915 1.360045
2.783885 -0.761806
2.415482 -2.391176
14.604789 1.110331
3.475900 -0.172727
5.210271 2.596610
15.568213 0.644213
2.980260 -0.347019
6.681294 -3.812228
14.073301 -1.041186
2.411395 -3.745134
7.960826 2.238663
12.754609 0.231272
1.251901 -0.113353
8.246612 -1.860479
15.924363 -1.322822
3.309720 1.155732
11.625999 2.366298
15.390773 -3.706179
3.576012 0.782677
14.341000 0.172422
0.295068 -0.677456
2.851348 3.664826
15.196596 -2.465962
13.876903 1.047454
1.065499 2.152253
15.876858 2.866465
13.814715 1.892667
5.825209 3.321963
1.099198 -0.871391
15.395987 2.913452
5.606819 -2.158605
1.750786 1.139130
15.708569 -2.616513
5.891829 -3.122662
4.122015 0.762444
14.519132 0.720113
4.069706 1.575768
7.361156 3.609138
16.311008 -3.789258
4.726231 0.934371
6.649354 1.492767
13.509727 -1.659282
2.316119 -1.994086
9.782586 -0.017077
14.435789 1.050853
4.187296 -1.248511
10.667204 -1.638707
14.812110 -1.916100
5.329470 0.200073
11.854100 -2.659782
14.800996 -0.330400
2.615455 4.287163
16.059544 -0.864135
15.866455 -2.347709
4.048108 0.988741
15.981793 1.538849
12.968516 2.142682
7.481220 -1.023167
0.704578 0.779200
14.277228 -1.576720
6.090330 1.857992
3.107446 -2.436831
12.926700 3.566267
7.176154 -1.543557
3.997854 0.309630
14.249600 2.817489
6.876078 1.264755
6.559245 -1.517509
14.052340 -2.830179
8.340158 -0.408578
7.409415 -0.075214
14.880236 1.193230
5.777226 3.073952
7.857879 -1.066729
13.890007 1.063570
6.100322 -4.335506
10.682220 -0.270212
14.342309 -2.718111
5.826156 1.827810
13.432860 -1.418237
14.175069 -0.648983
4.835933 -3.258992
14.778082 -2.316323
14.217448 -3.520188
6.663337 0.842098
14.986152 -2.199135
13.225265 0.945498
8.323900 -1.237610
2.587288 2.345579
11.591595 2.989551
7.934603 -0.432433
1.779000 0.428360
13.584456 0.405985
8.926987 2.465883
4.382327 1.000909
14.746854 1.581058
8.374835 -1.427061
5.638784 2.896122
13.144287 1.682814
8.493639 -0.852901
9.172211 -0.886438
14.403890 -4.274776
6.977681 0.463313
9.121045 -1.500473
7.932271 -1.796784
8.844069 -2.416592
11.400064 2.497999
11.636241 0.314907
7.097789 0.884963
13.056229 2.727775
12.428647 -3.415384
5.881263 0.461494
14.055786 1.790459
12.558320 -0.131711
7.254955 0.545506
15.374936 2.709756
8.578609 2.618455
9.822717 2.994850
0.799081 -0.867572
7.699008 -0.754427
9.985437 -4.267790
2.282186 0.453167
8.308114 -1.482471
10.948147 2.256163
5.283811 -2.681018
9.957456 -1.810351
9.764067 0.877961
5.783603 -2.518664
10.405090 0.069260
10.167997 -3.731086
7.419108 1.933737
8.243588 0.410854
9.878548 0.257549
10.105618 0.985830
6.201400 -1.330805
10.350143 0.715261
10.841893 -2.470455
6.630209 -1.366180
9.672147 2.149013
12.462680 -0.106633
7.705742 -1.679245
9.596285 0.908463
13.763883 3.171692
8.033321 0.852266
9.661003 -2.119895
15.495723 1.753340
8.524199 -2.039796
11.425569 -1.233572
1.629279 -1.944392
6.810164 2.441589
11.485442 -0.959827
1.749062 -0.403017
5.001518 1.960231
11.626313 2.306221
4.277419 -0.726681
6.725545 -1.110345
11.079459 -1.890985
4.703844 -2.806697
6.733919 -2.004736
10.818955 2.512505
7.565797 -2.150049
5.786417 -1.028668
11.427207 -2.825588
9.398378 -1.873880
6.749321 0.741656
11.861493 -2.198178
11.518856 -1.436084
7.140589 -1.642236
11.328266 -1.375725
13.127711 1.382773
5.947839 -0.293295
10.038391 1.499849
13.936759 -3.828710
7.727858 -0.236645
11.359929 -3.008560
16.369013 -1.879019
5.591745 1.841089
12.246245 1.803796
0.841573 1.729056
7.809043 0.908386
12.929280 -1.350591
2.441867 -2.708769
6.422161 0.016037
12.203478 2.825159
3.384089 1.418368
6.145195 2.758759
12.770024 -1.565290
5.162284 -2.232807
5.657472 -1.560197
12.922417 -0.564296
6.885304 -0.630516
6.916909 -0.987503
12.362448 2.114605
8.107390 0.433036
8.193014 0.371892
12.565379 -2.900841
10.850994 1.807150
8.022407 1.728627
12.725647 -0.862371
12.639300 -2.641928
5.751028 3.015195
11.767503 1.592077
14.344039 -1.601303
6.739513 0.256750
12.627902 2.704721
15.526862 -0.303559
7.152556 2.862120
14.537691 -0.280660
1.734807 2.453793
5.934562 -1.996896
13.300508 -1.512610
2.120462 -0.651292
6.016902 1.834716
13.923711 2.587078
3.870263 0.629238
5.956402 0.898647
14.447324 -3.263570
6.024069 -1.567523
7.345243 -0.784465
13.702031 3.268532
6.778195 -1.253616
7.439255 2.478009
14.149252 -2.142015
8.488500 -0.848773
9.837570 -2.193968
13.424797 0.983992
10.564700 0.947955
8.655157 -0.385149
14.120829 1.717688
11.787098 1.770556
8.889433 0.770924
13.704922 -1.640235
13.849718 -2.308512
6.103649 -2.377366
13.783075 -2.853140
0.218165 -0.608381
7.010214 -1.211857
16.151596 -0.974040
0.712430 -1.047094
7.979684 0.239632
16.006590 -1.206373
2.336348 -2.232368
8.075232 0.791087
15.618670 -0.313900
4.305814 2.728770
6.398718 1.051918
15.565300 -0.889619
4.866377 2.617792
6.680813 -1.809231
15.919012 -1.899355
6.675492 -1.319840
8.024240 -1.499476
15.886857 3.380830
9.548261 -1.937538
8.682899 1.272942
15.352672 -0.523287
13.989702 1.887842
10.332145 -2.316280
14.690842 -2.408658
14.158488 -1.751688
7.441899 0.696476
14.277261 -1.961199
14.845560 2.640963
8.729892 -2.244575
15.961591 -1.362270
0.612621 2.392311
15.977146 0.289579
2.416409 2.113357
0.826532 -0.497864
14.344802 -1.431786
0.921708 -2.957058
2.464668 -2.793589
15.723447 -1.911193
2.906321 -1.297509
3.905169 0.369191
15.724279 0.028995
1.782944 0.544988
5.490532 -0.877051
0.404377 1.483324
1.505122 0.777746
6.871951 -1.339147
16.129019 -1.905905
1.075334 1.854987
9.246459 -1.335061
15.375520 3.421831
0.034954 0.498311
10.565418 0.649106
14.909934 0.190796
2.185066 0.921517
13.158828 -2.326390
13.280984 1.584562
15.520404 1.199547
13.065918 1.920750
15.492759 -1.218474
1.606294 -0.191364
14.787963 2.710230
0.145935 -3.425327
3.424281 1.497182
2.270618 -0.171705
15.301953 -2.205656
4.382091 1.860361
3.226051 -0.680806
15.981359 -3.080958
4.351795 -2.205346
4.965274 -1.226119
0.650556 2.861087
3.184861 1.882678
7.224818 1.650931
15.856622 2.441549
2.582910 2.452932
8.404104 1.800556
15.269645 -3.238291
2.380650 1.283227
10.098900 -0.199450
0.639296 1.871508
2.401767 0.922019
10.381285 0.324593
0.114413 0.596387
2.722531 -1.563466
13.360306 2.067110
2.664320 -0.192704
4.158290 -1.799987
14.390492 0.449489
15.188646 -3.412566
3.997989 0.870490
1.174247 0.669728
0.326761 0.208182
4.883616 1.475926
0.925422 0.486305
0.340501 -1.967288
5.206865 -0.470841
2.844182 -2.560255
2.589964 -2.361531
3.950732 0.081008
4.608150 1.671518
14.734622 3.153422
5.208900 -0.381397
6.061307 2.250007
1.580794 0.743355
4.522264 -0.896682
7.581614 -1.498180
16.012272 0.689557
4.416630 1.226236
8.305644 -0.596803
16.077784 1.677926
3.908751 -0.236890
10.024884 1.209939
1.097656 -2.270568
3.817683 1.246139
12.214250 -0.720577
0.805819 -1.781120
4.206667 1.674856
14.311049 1.082663
1.689425 0.765870
4.377135 -1.297236
15.885045 1.892363
15.099327 -0.196053
5.624152 -2.188786
16.365294 -2.449137
16.057882 2.342915
6.860201 3.091619
2.601623 0.885724
14.383883 2.776089
6.803553 -0.417870
4.893207 -0.944894
15.991489 -1.433208
6.414114 0.190469
5.958640 1.275131
15.573488 0.681639
7.494041 0.492273
7.517950 -0.868761
0.129782 -1.647380
5.984964 2.523712
7.769387 -1.297759
15.353291 1.390184
5.452681 0.847881
9.708289 -3.421564
16.009855 0.624983
4.538030 -3.087003
12.966876 -0.295761
15.817619 3.029955
5.532673 2.238749
14.437010 -2.557848
0.412522 0.127216
5.551571 0.960924
15.699159 -2.677711
14.352490 -0.208423
7.294845 1.030713
1.876611 2.450663
14.654937 1.577536
7.848042 1.467149
3.545542 -0.670522
16.093023 -1.018005
7.504729 -2.085016
4.480951 0.347004
13.572724 -0.768608
9.583054 -1.410171
6.060823 -0.675434
15.425206 -1.006624
9.327661 -1.895671
7.302931 2.115503
16.167578 -1.271281
7.072193 2.458383
9.131857 -1.071636
15.507551 2.962455
6.730146 2.605834
10.922732 -0.183342
14.356442 -3.474236
7.206178 1.703399
12.254882 0.653757
13.235390 1.708810
7.357958 2.269169
13.709727 2.395512
14.607460 -1.028092
7.328964 0.771962
0.129128 -2.767002
9.279109 1.378308
9.842910 2.474941
2.462901 -2.171551
10.951511 -0.520575
9.512918 0.025635
2.242456 0.814143
10.996876 3.400407
10.235417 1.968490
3.907551 -0.971507
10.937558 3.550802
8.412544 0.889411
6.484271 0.326460
10.583776 0.187096
8.710658 2.129379
8.253611 -0.721357
9.606104 -0.743793
8.756155 2.487748
10.413491 0.881885
11.070640 2.602799
8.222275 -1.757411
11.532761 -1.210676
10.860196 -0.799655
8.694852 -3.522203
13.458356 0.149855
10.823706 1.657292
7.342774 2.742467
14.820930 2.433324
9.707438 1.514343
9.822733 -3.236885
15.942230 -0.455676
10.084456 -2.094673
10.716805 3.129663
1.127321 -0.772483
8.161135 -1.836275
11.327714 2.146847
3.356736 -1.940747
6.115164 1.291839
10.456022 -1.172305
3.134162 2.187363
9.693432 -2.797991
11.533731 -0.063285
6.359999 -2.649211
7.261311 0.852866
11.989242 1.145088
6.308098 0.427222
8.297629 -0.540703
10.913316 0.201156
8.565408 -2.254207
7.360150 1.016538
11.388175 -2.777154
9.917487 -1.427529
7.948816 -0.820384
10.619433 1.444621
11.640140 3.730233
7.087804 -2.497908
10.862130 -1.686492
14.821943 0.490612
8.962610 -0.425654
11.082252 1.742687
14.973906 2.222991
7.497610 -0.883078
12.880575 -4.053771
0.753819 -1.080173
8.993268 3.052478
12.933305 1.974087
3.670544 -0.204069
7.693276 -2.108081
12.490432 0.555158
4.579305 0.380921
8.788028 2.296623
12.976936 -2.308681
5.821785 -0.223752
8.491946 -0.167463
12.379949 3.853509
7.401457 0.537354
8.398956 -1.191697
12.750780 2.925606
9.116707 -3.535321
9.458863 3.556409
11.662242 -0.391535
10.031600 -2.700286
8.925391 1.528378
10.703425 0.029014
13.111447 -2.203821
7.986712 0.767317
12.247335 -2.247981
14.330281 -1.268937
8.528770 2.932512
13.251964 -0.805753
15.650095 2.264016
9.870513 1.442146
13.674175 -0.810560
0.399869 4.051261
8.771778 -0.538546
14.390572 -0.963517
1.527169 2.905224
7.654455 3.280893
14.211897 1.025377
3.457915 -0.385415
7.393434 0.212230
14.121137 0.888998
5.097712 -2.476598
8.957521 -1.954798
14.122558 -1.611452
7.322585 0.648865
9.189569 -0.062282
14.593108 3.174210
8.988139 1.152484
9.804831 1.447418
15.092026 -0.671357
12.473800 -4.168667
9.375722 -1.692108
11.858027 3.372866
11.807176 -0.839760
11.294195 3.491952
13.265719 0.240732
13.763900 0.123310
7.731056 -1.183178
14.540828 1.485168
0.125125 -1.129384
9.853722 -1.739412
15.866032 -2.513452
1.952348 -0.723269
11.076468 -3.171240
0.063097 -0.742519
2.994019 0.550142
10.444090 -3.367628
15.352209 1.260445
4.194635 -1.029170
8.219584 0.558890
15.243944 1.395302
6.129907 2.949261
8.101026 -1.472977
15.655077 0.912141
7.802928 1.157427
9.401370 -1.545871
15.500830 0.033873
10.773323 -1.073108
9.800695 -2.716955
0.608590 -0.422425
11.761735 2.060635
11.228824 -3.109908
16.126711 -1.096974
12.100429 -2.177732
9.377672 -0.806796
14.920592 -0.968768
15.638732 -1.784267
10.646859 2.332039
15.464073 -1.452621
0.422379 -2.268643
15.934227 -1.087330
1.531744 -0.273421
2.290416 -2.808849
0.892260 -0.977526
3.767240 0.403650
3.823635 1.828588
0.850555 -1.849809
1.155126 3.407936
5.167590 0.952350
0.575617 -2.058141
2.874117 -2.396889
5.330758 -0.820980
1.197672 0.643004
1.651914 1.548601
8.680935 0.820518
2.391479 -3.062152
2.718647 -1.029376
9.700084 -0.759424
0.724872 0.691650
0.602501 -2.448477
10.708659 -1.873076
15.892182 -3.944427
1.490799 1.847553
11.579843 -0.657137
1.858356 -1.843397
2.845666 -0.050631
13.645997 -1.883049
15.126794 -1.370985
15.951161 -2.723154
1.340716 1.667878
0.411982 2.455636
0.519863 1.101359
1.081089 -2.085358
2.222672 0.704232
3.079999 -0.921074
2.903876 0.846081
2.213619 1.793796
2.247156 -1.859603
4.443810 -1.988606
2.953399 0.106818
3.940908 -0.157908
6.414063 -2.366901
2.346802 2.732805
2.838424 -2.090438
7.975051 -0.102427
0.947864 2.425396
3.393252 -2.160719
8.937757 -0.859101
2.543668 2.166722
4.397301 1.358413
9.082521 1.670091
3.252357 -0.339326
2.462463 -0.796294
12.701045 0.272597
4.153246 2.080883
3.675811 -0.034678
13.715484 -0.996623
0.736595 1.641280
1.573092 -1.877328
16.215782 0.525519
0.966238 -0.063900
3.278225 1.944846
0.508288 2.896439
2.074903 -0.398078
5.050850 1.584556
3.382623 -1.706952
3.723173 0.005381
5.103758 -2.909369
4.109517 0.621773
1.387179 1.904956
4.259416 -0.987085
5.818987 -0.910031
3.222811 -1.437117
5.224404 0.459117
7.583060 -1.166336
0.867593 -0.298326
5.235209 -2.259498
9.171680 1.498119
1.339113 0.745732
4.150199 -1.354861
10.548132 -0.119211
4.105903 0.381419
3.789934 2.423974
11.943072 -2.296905
2.644906 1.194438
4.416485 1.217314
12.676807 2.918701
3.129323 -2.642875
4.552095 -0.475651
0.579209 0.882020
1.646653 -3.082816
4.313268 0.229162
1.773698 0.742535
1.149575 -1.406453
7.038939 -3.121267
3.553285 -0.573177
0.870602 -0.149343
5.544787 3.842722
4.600774 0.707549
2.516675 -0.963055
5.680773 -3.518538
5.223917 -1.516533
1.350187 2.022209
5.859689 3.110480
6.454408 -1.265315
1.933342 1.624600
6.219773 -0.233213
8.083726 -2.408739
16.386850 -0.280136
5.153741 3.425906
11.254687 -0.879916
0.969140 -0.469901
5.560289 -1.142752
13.113709 -2.242988
1.800431 -2.411358
5.879855 1.500465
14.657000 1.923827
1.902482 1.978649
5.812814 -0.528146
0.316399 -1.445415
1.425200 -1.930877
6.252814 1.847464
1.932820 1.249996
11.745133 0.031640
8.434363 2.766619
3.539947 2.725589
1.244087 2.433400
7.122298 -0.926322
5.291640 1.750625
0.034238 2.254513
8.160396 -0.846983
6.115485 2.430905
0.972639 -0.709724
7.463315 -1.521180
7.396405 -3.946729
0.772394 1.636918
6.483163 0.709412
10.391464 2.309904
0.561738 -3.309280
7.140373 -1.183094
11.962551 2.030439
15.883749 -3.395374
6.378968 -1.258676
12.832705 -1.713088
15.849347 -2.312159
7.160179 -2.024140
15.505056 -0.463863
0.042074 1.753724
6.635139 -0.263217
0.693749 -1.364925
11.077860 -3.011092
9.489040 -0.188687
0.447518 0.260262
11.610607 3.284489
11.082143 -0.493878
2.241641 0.968738
11.923178 1.266367
9.243682 -2.093659
5.212658 -1.886954
11.142624 -1.289275
10.927176 -2.146343
5.486617 2.094298
12.056009 -2.373571
10.100891 1.615356
6.829312 1.770259
15.054204 -0.578614
8.732052 -2.160181
8.992125 2.380283
12.825080 -0.933614
7.654324 0.297337
11.505205 0.408929
12.356753 -2.542412
8.958360 2.116515
12.480464 -1.802533
12.403468 0.684189
8.734773 1.221151
14.310896 -2.465202
10.966239 1.896625
8.954923 0.569002
15.262505 -1.328044
10.613258 0.280379
11.167800 -1.002589
15.761585 -4.086209
9.542217 -0.666129
12.836535 0.680704
1.955342 1.164653
10.019712 -1.273986
11.416365 -0.369330
2.895455 2.374876
11.409249 -2.941552
11.659850 -2.514751
7.085692 0.600088
9.800900 -1.872608
11.563195 1.571585
8.187968 -2.272009
9.957189 -1.717602
10.041531 -3.864157
9.271139 -0.239192
9.580603 -0.675257
10.301408 1.930012
11.181868 2.949227
10.774449 2.772822
9.897753 2.887622
12.313299 -1.906017
9.315244 -0.851010
9.108839 -1.608572
14.349763 -1.017422
10.195296 1.387521
12.800834 -0.167205
15.158466 -1.976664
9.263288 1.395828
11.999056 -0.413583
0.183341 1.808053
10.676260 0.375080
14.349768 3.951011
1.938079 -0.866815
10.561811 -1.936340
13.605615 1.666265
3.803200 -2.007643
9.695067 0.927713
11.727490 0.214484
4.650359 -2.069768
10.184186 -1.606492
12.967961 -0.134183
7.108136 1.859411
10.058513 3.682903
13.117109 -0.746853
8.913264 1.453676
11.000242 1.191143
11.851900 -0.837332
10.945236 -0.662833
10.042233 1.305091
13.345375 0.429877
12.431406 -0.734954
9.609459 -0.956125
12.141660 -3.162327
13.641607 -0.389407
11.762156 -0.148219
12.549992 -3.473895
15.992244 0.416424
12.040625 0.625202
15.447216 -0.484166
1.466982 -3.959763
9.219034 0.265837
14.732713 1.240720
3.170583 -2.147869
9.203669 0.004730
14.317545 -1.788322
4.859713 -0.103619
10.346114 -1.119143
14.785112 2.764880
5.991726 3.258728
10.562993 2.444376
14.564430 2.571874
7.731982 1.227342
10.743287 3.379125
14.725904 1.494106
9.454908 -0.724489
10.963804 1.479483
14.647233 -1.819448
11.107380 -1.714814
11.532471 1.504190
14.647664 -1.485970
12.818210 -2.379592
12.726133 0.762523
13.311298 1.797025
14.845608 2.948251
11.171787 0.909331
14.217439 -0.713773
15.632072 3.051918
12.536605 0.812159
0.497081 -2.252590
2.400637 0.578669
13.922676 -0.245625
0.205543 2.888846
3.989423 -1.806725
12.310186 0.909665
16.038670 0.629651
4.191408 -2.926939
9.722689 3.137136
16.082376 0.947380
7.064868 1.753526
9.724773 -1.579158
16.307791 -3.425382
8.896291 -1.241127
10.948998 3.739585
16.409914 -0.538078
10.323212 -0.654729
12.789232 -2.786614
16.227501 -0.545333
11.306952 1.639358
16.392822 -2.690405
0.982124 2.744396
13.326789 0.654973
12.223495 -1.052105
14.908952 0.040060
14.366695 -2.404875
15.516892 0.260662
0.827420 2.583708
16.434490 -2.995651
2.181532 -1.652168
1.251924 0.067603
0.651853 3.067456
2.498570 0.242649
1.205114 -1.844528
2.531823 2.963538
15.609797 -1.191687
16.172144 3.480276
2.917013 0.423791
2.062103 -0.493477
2.397050 1.237519
6.268616 1.102390
2.935833 3.441378
1.327729 0.108158
8.713873 -1.263364
4.181593 3.688900
2.339396 0.264407
9.048428 0.280382
3.558690 -2.184775
0.510030 2.152174
10.120667 -1.522429
2.264899 2.549783
1.422090 0.271454
10.850986 2.323629
1.158815 1.813687
1.975105 -3.089243
12.092472 0.217399
3.386714 0.652105
2.220326 -0.500975
14.535912 2.445023
1.145930 1.703729
1.992047 -2.189709
1.821884 -0.199278
4.088102 1.942340
3.210550 -1.101183
3.666115 -3.385328
3.746828 -0.066989
2.711443 2.262753
5.408209 2.214577
3.729921 0.252054
2.389677 0.314965
7.086363 -1.788253
3.964404 -2.290264
3.784794 0.026240
8.224239 0.009842
3.963747 1.830909
3.579236 1.854527
10.174188 0.196361
2.517628 3.071979
3.074065 1.085423
11.354029 -0.077639
4.826780 -3.542059
1.814983 -1.089852
12.608731 -1.164508
5.141935 -0.543750
2.176352 -2.738063
14.297866 1.186861
2.050610 2.422411
2.658963 0.486394
15.572379 1.931370
2.578225 -0.809447
2.891170 -1.839347
0.992036 0.633191
3.480974 -0.547453
4.237288 1.498545
2.387172 -2.268320
5.121393 0.832932
4.708676 1.775612
3.158191 -1.979772
3.954109 0.939363
5.333150 -2.981971
6.087872 1.562290
4.783690 -1.816346
3.906736 -2.653663
6.776630 -0.093620
4.140337 0.140244
5.133808 -1.183559
9.315552 -1.945879
3.034623 -1.748720
4.809718 -0.537563
10.886190 -2.016094
5.471898 -0.683335
3.051894 3.288521
11.112756 0.090549
5.726795 -0.837818
3.411299 1.970340
13.008213 0.790820
3.862074 0.112133
3.553970 -0.252391
15.605683 -3.450454
3.120336 -2.852536
5.827956 -2.615778
1.975373 0.721011
4.573612 -0.472445
6.318246 -1.534335
3.049770 -0.840721
2.896019 1.335767
6.511000 2.852141
3.582320 1.295859
4.652265 -0.303312
6.804359 0.445947
6.700511 2.040370
2.838110 -1.413674
6.833037 -3.868728
6.642734 0.527075
2.399173 -2.640706
6.004732 -0.129137
9.697099 -2.559693
1.732276 2.248477
5.671565 0.380870
11.628261 0.581111
4.860597 0.309958
5.151281 1.554798
12.686918 1.160384
3.228561 3.072040
5.334329 -1.229457
15.494044 0.915449
3.811668 -1.517430
6.160345 2.436595
0.428270 -0.018328
2.313544 -2.594935
7.379823 -1.839568
0.866724 0.420179
2.544973 1.778963
7.746053 0.789793
2.517256 1.812421
1.306289 3.679379
9.212263 -1.334044
3.010719 0.631112
3.407374 2.524693
7.337952 2.582823
5.139005 0.690342
2.116207 0.532885
8.462340 0.522678
5.934145 -3.890521
3.663367 0.218580
6.676184 -0.214016
8.372774 2.133122
2.288135 -3.574559
7.368432 -0.465452
10.985867 -0.018941
2.107994 0.962746
6.940226 -3.384258
12.995090 1.874667
0.535732 -1.792286
7.067167 -0.348678
14.133932 -3.158241
1.238191 -2.924701
7.152448 -0.021763
15.780125 -2.200406
12.464190 -3.634948
9.378366 -0.070517
1.422845 -0.441259
14.663314 -0.493883
9.383128 -1.049385
2.447280 2.626056
14.128854 1.785589
10.563396 -0.261559
3.575722 0.402521
15.399225 -1.565907
9.432405 -3.286290
4.239600 0.287590
0.318838 -2.049610
8.614661 0.382678
8.504253 3.250598
1.657992 -1.903110
7.545013 0.385994
9.209358 1.929954
14.314759 2.533974
7.990762 3.217654
10.464379 -0.818373
15.281479 0.404832
7.642467 2.611006
13.907743 -0.189158
14.090492 0.063466
8.788499 -1.919261
13.403999 3.120368
12.539229 -3.873927
8.803850 -0.866871
16.195332 0.687654
12.041576 -0.836342
10.979255 3.543865
0.514147 -0.202181
12.579453 0.459191
9.954350 0.892692
3.100142 1.547249
11.404314 0.833527
11.966839 2.408206
4.083285 -2.561647
13.800927 -1.992220
9.969790 -0.052908
7.819939 2.492761
11.890928 1.157924
9.822330 -2.845222
8.798216 0.091836
11.328416 -3.158959
8.464093 0.403382
9.826345 -2.118602
11.156802 1.315513
10.105232 -0.608532
10.518508 2.938307
14.051934 2.481745
9.131985 -1.156833
11.762271 0.490936
10.381468 2.419135
10.500206 2.739959
14.084308 0.269403
12.054863 0.204607
10.230065 -0.072705
15.355198 3.521217
10.849919 0.918717
12.264901 -3.191369
1.018733 -2.115638
11.416843 1.611086
12.856472 3.218561
2.559103 -0.880437
12.344682 -2.790154
13.379737 0.398956
4.072042 -1.518265
10.590153 -3.926740
13.124334 0.014009
5.422614 -0.484781
11.583416 -4.382751
12.926023 1.527234
8.280297 0.556913
11.108261 -1.917494
11.526009 1.310507
9.200782 1.472533
11.734284 -1.708129
13.128742 -0.561280
11.887214 -2.410143
12.193880 0.647432
10.781570 -2.611585
11.844609 2.941759
10.898778 -2.543036
11.626545 -0.788039
12.750703 -2.948481
11.745805 2.631147
11.738759 -1.223258
14.409510 0.015972
13.525177 -3.360100
0.158696 0.674485
0.972047 2.073686
12.930832 0.083538
13.938347 1.745459
2.268126 -1.846868
11.875693 -1.583351
14.625225 -3.577102
5.142215 -0.131379
13.349837 2.319579
15.640342 2.625125
5.620562 0.846353
11.732769 -1.576741
13.763808 2.485391
6.686832 -1.280103
11.712596 1.781023
13.285280 -2.899603
10.058240 1.962947
12.367081 -0.664375
15.141186 -2.493622
9.972466 2.082216
13.170451 -0.726782
13.645002 -1.925198
13.222224 -3.309232
14.009094 0.643883
14.479829 -0.905099
14.792960 -0.708657
12.729831 -0.989650
14.937062 3.116793
16.043034 1.424276
1.522660 1.116356
16.230234 0.026813
16.256830 -1.806920
11.800523 0.996756
14.851149 -1.882181
3.199845 -2.365360
15.759682 1.291837
0.955745 3.265491
3.998579 1.747660
2.033915 -2.335820
0.907423 -3.014580
7.303046 -2.133370
11.983514 -2.591062
15.455955 1.276018
6.798861 -2.084407
11.465367 -1.546955
16.050070 1.154490
8.446814 -0.965914
13.852917 0.253976
15.844240 3.081823
10.025885 -0.114476
14.681884 1.186568
0.462844 3.067455
12.674747 -0.579696
14.922954 -0.442092
14.976986 1.938135
13.204901 1.956064
14.966056 0.677550
16.381083 0.140090
14.269069 4.197382
