16.983082 0.758292
18.797106 1.566642
1.136041 -1.549792
15.183814 2.983589
0.048450 1.082050
4.560356 0.563741
7.800317 -1.161494
19.375395 0.666176
2.428667 3.100273
6.080678 -2.258735
18.965845 0.228794
1.494714 -0.866331
7.269955 2.664731
18.591881 -0.217034
7.451972 -2.418518
14.559443 1.822831
1.577116 -2.399856
9.619738 -2.237055
17.809542 -2.039392
20.963551 0.842615
11.192805 -0.023798
17.463827 2.488985
0.900005 1.468183
12.845486 -2.418446
4.034386 2.788277
18.292273 -0.183364
15.071229 2.621346
16.832497 -2.318515
20.809080 -0.873858
13.597100 -0.561321
15.802603 -0.003474
0.471759 1.754846
21.303333 -2.579397
14.322072 0.636687
1.043498 -2.231962
20.321777 -1.877915
16.823797 3.097367
0.386946 -0.386217
1.304212 1.668061
16.076590 -1.097683
3.220154 -0.115397
5.392014 1.047474
8.598783 0.150596
20.381990 0.525755
4.065159 3.117321
17.436640 0.435405
1.323650 0.336059
10.793324 -0.697989
9.409293 -1.383470
20.816940 -0.309145
11.024475 3.174988
15.679241 -0.923187
0.936612 1.523259
13.496320 -2.818851
16.157227 0.406355
21.445898 0.228868
11.922222 -3.190348
8.711097 1.741157
19.923010 0.078005
12.867944 0.895058
16.243277 -0.093882
1.920571 -1.772854
20.255978 -0.177666
16.442814 1.631037
2.126709 1.257922
1.034116 0.554797
14.822571 -1.206485
2.119219 -0.654540
0.256530 1.366503
15.806176 -1.135368
1.290703 1.566707
2.622459 -1.347467
16.459177 0.037595
3.163795 2.264538
3.035074 -1.484190
16.355185 0.826926
1.989112 -1.359213
8.835109 2.502393
18.338402 -0.423529
2.648553 -2.919759
12.138151 2.446034
7.771635 -2.357123
5.982099 2.175494
14.694905 -1.487146
9.327311 -2.516382
2.155998 2.399992
13.654425 -0.944179
16.667459 0.668294
2.286351 -1.618421
14.520917 1.810433
17.725401 -2.791251
1.798008 2.186551
2.681111 1.523507
19.959177 -0.327614
5.017392 0.035854
2.302731 3.004953
9.192460 0.337300
0.509884 -2.480794
3.324702 0.678734
18.339428 -1.573340
3.972477 -0.302373
2.902093 1.913297
18.280966 0.910439
5.105271 0.392931
4.737425 2.080853
15.001136 2.214306
3.225190 -1.957384
9.054738 1.737870
18.246370 0.889697
2.784681 -0.032139
9.770299 -1.412055
17.413311 0.952435
4.113803 -2.579294
11.259015 -0.714690
18.342535 -1.508133
5.859662 0.530547
11.176530 -1.710658
9.108937 -3.717868
7.003993 -1.014318
13.806304 -0.594199
15.382899 -1.232539
6.829145 -0.323051
21.370384 2.599985
18.351004 0.361177
5.483798 2.320643
1.370317 -1.693048
18.800198 -0.551347
7.179933 -1.361216
2.237555 -0.175780
19.566542 -0.313922
8.015898 1.897412
3.906581 3.127235
15.776746 -1.552295
8.338057 0.959245
6.885969 -1.501622
17.258493 -1.415424
7.662034 1.121212
7.964082 -1.169974
17.350060 -1.658733
6.026830 -1.363684
8.773493 -0.931739
18.051630 1.946574
7.232084 -1.445308
9.961084 0.985881
15.780101 0.480560
3.809333 3.418593
15.505670 0.471972
13.591964 1.114373
5.179347 -1.605622
17.371691 1.744535
17.928699 -2.123957
10.877822 1.378542
0.456440 -0.631083
16.791269 -0.685259
9.801645 1.553560
1.632023 -3.723641
19.578045 0.478770
10.364564 -2.943438
0.946713 -1.536306
19.472198 0.540221
10.061030 2.194028
4.244675 2.647534
18.423479 0.379742
8.680684 -2.594270
5.167616 -1.490353
17.369726 -0.034556
9.241321 1.717200
12.423066 1.325037
18.030504 -0.733486
10.589858 -0.397327
10.915833 -2.847191
19.682571 -1.800730
10.327363 -1.091430
11.649729 2.372225
19.571634 1.254484
7.941147 -0.318499
14.471697 -2.804236
15.635723 1.038010
8.773907 1.505357
13.740753 1.512111
19.045744 1.324304
13.104814 -0.244247
21.391563 -0.894795
20.556160 0.170063
12.293262 -1.286462
0.977449 -2.937629
20.079294 -0.627934
11.341212 2.567587
2.533165 1.751620
18.752846 -1.269763
12.142740 1.964488
3.702587 2.006756
18.612711 2.095541
12.113157 2.714961
5.981390 1.402485
20.929533 2.128857
9.591909 -2.124660
7.157494 0.274014
20.548685 -0.586765
11.322137 -2.124488
10.350396 -2.554090
20.147718 -1.331987
13.805816 0.252343
11.324778 -3.218482
20.720449 0.131174
10.784675 2.546200
15.578152 -0.244194
0.600694 1.877026
11.515081 -2.129776
16.780037 1.647142
17.903530 -1.406780
14.902110 0.619089
21.170738 2.078837
0.163125 2.336179
13.686224 0.609676
19.264133 2.260332
20.757795 0.895967
11.943861 -2.518828
18.033567 1.130558
20.221794 1.150441
11.643120 -0.133048
4.749968 2.669547
19.973259 3.587450
13.533102 -0.965618
4.492942 0.059088
20.759966 -0.711221
12.888251 0.883661
6.101495 -4.035837
20.553484 -1.266812
13.062054 2.861184
9.592140 1.919148
18.454165 2.251997
14.669359 -0.518391
12.142948 0.230991
21.519093 -1.491769
13.675806 -2.603257
12.524861 1.194918
0.722692 1.361769
12.804592 1.361745
15.370295 -0.727180
20.143808 0.432975
14.082752 -0.078429
18.163313 -1.609508
1.474052 0.245928
14.651718 1.963717
0.605615 0.660432
21.443624 0.844933
15.406939 0.102841
1.235356 -1.394291
18.400803 -2.605213
16.139950 -1.245304
2.644560 -0.455915
0.557242 -3.608277
13.633871 -0.797204
4.858552 0.180888
20.355377 -0.310398
14.603201 -1.593505
7.478909 -3.034661
18.977491 0.410535
11.969071 2.354476
9.398646 -2.348796
19.115976 -0.316579
16.523739 1.363910
12.589995 1.287833
19.828051 -2.665156
14.981177 -1.791824
13.257556 -0.462059
17.949780 -0.837333
19.463720 1.485376
14.469176 -1.424501
16.837679 0.728670
15.500944 -2.134696
1.614305 2.112539
20.764078 -1.917421
16.300192 -1.755478
21.196304 -0.146476
21.471495 -1.704583
16.229816 2.351610
2.951004 -0.814758
19.875355 -1.042252
15.624515 -2.300574
4.042762 1.803157
1.064602 -1.645564
15.405043 2.407173
4.276586 1.041528
9.037319 1.449348
15.245905 0.032768
13.012766 1.017382
15.895451 2.781566
19.915205 0.240167
10.667677 0.427955
17.260517 -1.529465
16.424435 3.481623
11.900411 -0.401251
20.921629 -0.988561
13.578536 -3.159547
14.208795 -1.934332
17.692127 1.481759
17.889729 -2.665277
13.311221 2.609806
10.811841 0.698118
18.990837 3.245049
21.242510 1.615222
9.689560 2.777164
18.616259 -3.087930
1.369017 -0.581577
6.720857 1.961720
16.569647 -1.774823
0.985129 -1.599287
5.959195 -0.842996
17.386242 -0.671195
4.519338 -0.725125
7.981994 0.081359
17.645092 -0.628296
5.806072 -0.255064
7.704204 -1.524816
15.388014 1.174674
8.630017 0.503648
7.365104 -0.061708
20.330990 -3.628069
14.150984 1.774267
6.972688 -2.173713
18.972069 0.661283
12.484757 2.414619
7.359758 1.088100
16.935200 1.921147
15.000538 0.746442
8.720822 0.778940
18.057098 0.272070
15.774269 2.508799
7.840174 0.448770
18.250654 -1.998543
0.839007 3.032892
8.316001 -0.626781
3.954743 -3.580472
19.166201 0.820013
8.337129 0.639794
17.465103 -1.831067
2.584662 0.631393
7.574197 -0.796044
18.482817 1.339962
4.188719 -1.068848
7.755930 -0.806604
19.647499 -0.213990
5.691977 -0.034030
8.218556 0.291886
20.389263 2.497261
7.353092 2.414310
8.673488 -0.423383
18.177830 0.228001
12.166787 2.033527
10.268398 -3.341691
20.837368 -0.678203
12.718874 -0.513698
7.859020 2.304028
18.487530 -3.187902
14.039431 0.335318
8.708597 -2.164715
4.455965 -0.817429
17.320000 -0.314499
7.114193 -1.480704
5.105300 -2.624687
18.306725 -0.640938
10.282759 -0.023729
20.784927 0.059663
18.376217 2.517724
9.231319 0.217457
20.552387 0.659052
2.102818 0.532372
9.716608 -0.500410
3.489675 1.027522
3.380865 -3.738575
11.459702 -0.157427
6.946230 -0.812815
4.960798 -1.418509
10.331463 0.940305
3.546847 1.909801
9.030075 -0.140055
10.456894 -3.486952
0.658524 -1.312768
10.185116 0.046966
9.176848 1.278173
4.854506 -0.052011
15.495536 0.964172
9.538555 -0.740492
3.038220 3.247790
15.647051 1.908557
7.446815 -1.177956
5.564340 2.719123
16.506401 0.823783
9.269514 -0.897888
7.321365 -2.007759
19.746977 -2.521115
8.387961 -2.505148
5.708288 0.026635
19.786547 2.297312
7.044783 0.086152
5.368739 -1.854573
21.191664 -3.624120
6.472024 0.685884
6.851183 1.714773
2.855238 -2.589142
6.075279 -1.770940
8.879715 -1.771640
3.225993 2.120779
9.628051 -2.625902
2.400262 1.158287
10.780724 -1.203610
9.837349 1.883064
5.305727 -0.155748
13.685739 -0.861456
5.321845 0.149081
8.121140 -1.939744
12.458805 2.144918
3.832464 -2.622961
6.740218 -1.133403
15.417520 0.720787
6.924630 1.842227
7.289434 -1.475323
15.672014 -2.006058
3.054212 -2.182955
6.252991 -2.098825
21.181938 0.867781
5.054209 0.301557
5.729952 -0.137140
20.818829 -0.497141
20.967680 -1.218283
7.061574 -1.736769
4.482265 -2.618825
5.870662 2.132739
5.833345 0.128822
1.135970 -0.613079
11.043330 1.545472
5.361949 -1.571316
3.834521 0.072852
11.204523 1.453335
7.187237 1.647890
10.138713 0.869918
18.820019 -0.848756
10.925855 -0.009564
7.915559 2.593794
5.170954 1.197438
7.991884 1.525719
14.531628 -2.353140
5.649073 0.041952
6.186850 1.365435
14.954913 -2.239400
19.912733 2.602472
6.088895 0.391252
13.899186 1.204623
0.769140 2.282105
8.787042 -2.322500
19.848494 1.823869
20.778315 -3.202452
7.841499 -0.890400
20.815954 -0.495520
20.271778 1.966110
8.447287 1.218781
1.189276 1.200370
20.029182 -0.982331
9.371998 -2.438777
2.709869 1.549808
20.324274 1.071281
8.342878 1.385730
5.789664 2.552193
19.459202 2.638078
10.070657 0.392665
9.651969 -1.476637
18.653728 1.013840
8.727473 2.691719
11.096421 -0.267508
19.843237 -1.998749
7.452742 1.789867
11.116501 -0.223360
1.722275 3.099362
8.108981 -0.277768
17.903950 -1.819038
2.951374 0.880772
9.644106 1.631822
17.787111 3.181965
0.158349 -1.739013
11.264476 0.310594
0.076708 -1.765054
0.555524 1.116399
11.724961 -2.330390
1.979701 0.401499
21.345612 1.975351
10.590921 -2.913392
3.556621 -1.367661
20.852955 1.805776
10.020152 0.009893
5.390696 -3.607956
20.364027 -1.048679
11.243386 0.959027
6.616338 -0.815027
19.292297 2.799345
9.163685 -1.046181
7.982716 -2.152798
20.744637 -0.485604
9.175310 0.246601
10.711492 -0.508332
20.399115 -2.168464
10.574940 -0.246299
13.477825 0.156251
1.047529 1.846047
10.700731 -1.133395
15.195461 0.566313
1.095777 -0.741047
9.486549 -1.872703
16.658630 -2.732999
0.059282 -0.955439
11.280034 -0.818939
19.670546 -1.492507
0.586969 1.085089
13.068683 -2.622031
0.303088 -1.035358
21.329887 1.498006
12.479186 -0.251228
3.484438 -0.228400
0.478089 -0.277118
11.781455 1.203596
5.067623 -2.466253
0.465468 0.354785
14.023862 3.043333
6.739960 -0.359734
0.345520 1.635263
12.157607 0.444587
7.494260 -0.126542
0.548615 0.318736
12.079769 1.789744
9.254941 2.819865
0.079309 1.230032
12.590620 2.060496
11.016681 -0.461969
0.021042 -2.297248
10.703794 -2.200248
11.686553 1.591333
1.235043 2.084370
12.198215 0.195711
18.470808 1.911235
1.758712 -0.486531
13.974283 -1.885808
18.455873 0.793099
2.683920 -2.230057
13.470710 -1.044953
0.029430 -0.806372
1.386426 -1.907171
15.053785 -1.176953
2.499329 -2.174565
21.293364 -1.946704
14.532926 1.287190
3.520720 -0.000706
2.161038 0.305947
14.552820 3.061125
5.649078 -0.636390
0.318397 1.545812
15.892527 -3.347092
8.261658 1.148091
20.882233 0.066916
15.496373 0.567409
11.869617 -3.329823
0.057138 -1.342633
15.101534 2.805629
13.582062 0.273298
1.389644 3.940059
13.180697 1.207747
13.620952 1.374525
0.557346 -2.094748
14.651815 1.115450
15.209731 3.196637
20.444468 1.092079
15.693677 2.401128
19.243786 -1.884511
1.055379 -1.252514
16.279217 -0.730162
21.525906 2.049450
20.547010 -2.605288
16.987240 1.287055
1.269262 2.375666
1.581915 -2.122786
17.064068 -0.423450
3.433281 0.069546
0.748911 3.078393
15.898376 2.709932
6.174147 0.637551
20.490883 2.338082
17.550240 0.715805
11.500319 -3.024878
19.515297 -0.647763
18.543276 -1.503958
13.007719 -1.451452
19.144451 -1.678692
17.308338 -2.144167
14.549430 1.844079
2.075846 -1.567858
15.774302 0.422174
15.302705 -0.474689
0.969376 -1.609338
16.583229 0.860568
14.079205 -1.938477
9.024801 0.301304
16.606653 2.652573
0.974503 0.595108
11.284949 1.141326
18.813869 0.537707
2.439734 -2.304544
10.979425 1.212246
18.220558 1.686595
4.185194 0.961224
12.188834 -0.233685
19.641876 -1.587792
4.072967 0.445540
6.020959 1.288127
16.968569 -1.068275
7.220827 1.178025
8.468058 0.833051
16.311054 -0.582735
11.376303 -0.412900
6.100873 1.272485
20.169436 -2.146305
11.111991 0.902885
9.885194 -0.239344
16.799225 2.910500
12.629174 -1.101475
9.219733 -1.197258
16.622509 -1.133770
14.543956 0.096728
8.538747 -1.655111
16.024242 -0.837812
16.283335 -1.100008
9.919538 -2.428815
5.003674 0.664929
18.770920 -0.871113
9.128724 -0.282942
19.917135 0.866504
0.098276 -3.895244
9.582500 -1.235100
18.925203 -1.387161
3.255417 -1.499885
9.331485 0.702580
18.919821 -0.798959
4.980041 -2.103402
8.811249 -1.612981
18.089165 2.217060
8.561407 -0.573898
7.967827 2.011287
19.655485 -1.031776
11.033220 -0.050406
9.965079 -0.585808
17.602613 -0.355136
10.850135 0.653765
9.632871 0.058204
18.281044 -0.627254
13.774378 -1.938228
9.106929 0.417572
19.829403 3.961068
14.688776 -1.681761
14.798442 2.844482
20.214344 1.045137
18.019630 -0.759997
12.166078 -1.580215
21.093796 -1.225852
18.410330 -1.388731
10.223377 -0.579226
5.944933 -1.546287
20.256931 2.113364
8.945260 2.220263
4.306158 -0.308706
21.042801 1.154636
9.730964 1.452515
1.872858 1.728659
1.677516 0.196361
9.523176 -2.473276
1.872047 -2.303683
4.752553 0.964404
10.861750 -0.049788
3.994301 -2.694742
7.235713 -0.923887
9.009737 -1.522151
21.369650 -2.231118
9.100745 1.783907
9.599864 -0.363358
0.920524 1.415413
12.007710 1.653082
8.168380 -1.944523
3.754039 1.703937
14.211966 0.156337
10.990230 -1.863116
4.469069 -1.714185
15.881707 -0.922620
8.414845 -1.888050
8.300329 0.373566
18.312927 -2.139379
10.214475 -3.518553
5.377079 1.059205
0.464015 0.743303
10.129930 -0.255720
5.003606 1.993462
2.288813 -2.342244
9.978083 0.068302
3.593133 -1.836224
0.958827 2.600646
10.458389 3.116262
3.596931 -0.542906
5.401618 1.220841
11.738970 -1.431132
5.723953 -1.745827
8.514424 1.979500
10.811302 -0.307910
2.681612 0.678893
12.487526 1.962809
9.816929 -0.282440
6.308606 -1.168331
11.792249 -2.630802
8.824404 1.992556
6.736472 2.365218
15.996150 1.139226
10.562817 0.132968
6.765603 0.700440
18.476610 -2.026119
8.008255 -0.859123
8.581628 1.018876
20.274721 1.818127
10.262332 1.713510
7.235223 -1.012263
0.002668 -1.920863
7.508227 -2.440677
6.721704 1.855734
1.354253 0.185557
8.326031 2.331744
4.945582 1.154590
1.320827 -0.272737
8.292705 -0.972388
6.132848 -2.141418
2.941187 -0.305753
12.554915 2.102154
6.474844 2.594208
6.910849 -1.999752
5.467635 -1.761730
10.489734 -0.821429
12.461558 1.399380
6.490679 0.430353
9.164237 -2.941720
13.577333 0.093783
8.137740 -1.957902
8.260638 0.727317
14.639555 -0.732806
7.101803 1.805548
7.178670 -0.148202
17.542685 -2.307152
0.194361 1.470016
7.332166 -1.664482
0.968913 2.267089
20.007069 -1.151268
6.511585 -0.869050
0.814500 -0.357152
20.713108 -1.734661
5.450199 1.494176
5.399853 1.242170
17.827318 -0.848047
10.666148 -1.439424
4.836450 -0.403122
19.942722 2.698134
6.318602 1.332727
6.868121 0.936966
19.040110 0.080741
6.870884 -3.724995
8.376659 0.676244
16.725555 1.818212
4.021945 -0.571508
9.109344 1.245220
18.639490 1.889671
7.027561 0.421808
12.572224 -0.002274
0.881936 1.554316
8.026801 2.478203
13.117233 0.614769
21.538666 -3.179166
7.240689 -0.825843
14.649146 -0.991291
19.706171 0.558609
11.224039 -2.470276
20.817272 -2.034759
0.453631 0.740253
8.990721 2.164196
0.345638 -1.467287
21.319674 -0.438409
10.208320 -0.564655
1.555559 0.372051
0.005286 1.203177
6.875842 0.726093
6.229451 0.319141
19.192366 -1.001374
6.727044 -1.919116
5.367738 0.766365
0.798239 1.261637
10.374519 -2.870128
8.178832 0.126806
18.790953 0.234811
5.031862 1.430763
7.972698 -2.142962
20.947592 -0.953845
9.138274 2.212196
12.506341 0.035267
21.075939 -0.231543
9.086283 2.081129
14.486022 -2.640104
2.353574 -2.181440
11.236532 0.044084
17.391296 -1.671040
1.423047 2.720617
12.591803 -1.576056
20.285789 -0.434705
1.792933 -1.068737
14.414683 2.951673
20.313185 -0.101336
1.910436 -2.443383
13.025187 -1.764804
1.663266 -0.650249
2.262155 0.950589
11.073731 -0.915902
5.424150 -3.382561
0.620660 2.315663
10.776467 1.995210
6.442303 -0.458855
0.241812 -1.410551
13.967774 -1.091155
8.688017 2.540398
20.986704 0.401013
9.273151 3.051109
8.982032 -1.403657
1.256780 -0.466556
15.022137 2.046068
11.973015 1.526297
2.435458 -0.542794
11.837613 0.095741
15.605263 2.134435
1.707433 -3.191622
14.869706 0.505143
16.791014 0.788033
16.335850 -1.357134
17.542955 0.864404
19.781483 1.490652
0.786328 -0.286396
15.911434 -0.730913
19.758169 0.848977
0.768478 -1.562381
17.066790 -1.848876
1.600349 1.748493
1.344073 -1.597053
13.376268 -0.390547
3.228610 -1.725366
1.823288 -1.455335
14.919757 -3.283261
7.618620 -1.191277
19.202772 1.202195
15.846852 -1.996609
10.839173 -1.517525
0.187262 -2.241278
14.287764 -0.763502
10.571630 1.183820
20.672853 2.798813
16.772881 0.099731
13.301483 -0.351771
1.754786 0.986931
14.954887 2.880343
13.762151 1.814043
2.211653 -1.764065
13.812681 -0.732714
15.205722 3.401985
18.626987 0.919210
17.471157 0.480351
1.188997 -0.229758
0.121311 -0.161918
18.145536 -3.052777
0.120891 1.469032
0.117283 -3.099350
18.269444 -1.037514
3.264377 0.492115
17.588417 1.245769
20.392803 1.486582
1.743572 -0.918145
19.841278 2.563555
17.268938 -1.406331
3.040809 1.877037
18.322535 0.956739
18.044981 -0.691693
11.354215 2.661886
0.173925 -1.336035
16.304682 -2.860919
10.406052 -1.666333
21.058704 -0.321856
17.667448 3.701781
14.947506 -0.280456
17.041584 -0.212906
17.643167 1.989220
15.019132 0.796797
20.587891 3.649864
15.923135 0.090102
14.900733 0.381337
10.239029 1.045959
1.053798 3.506029
17.283577 -0.776170
9.129256 1.626198
17.292360 0.505773
4.195256 2.670808
13.496074 -0.862026
17.744953 0.705993
1.248476 2.794986
13.255048 -0.113561
18.191120 -0.557119
4.606987 1.935076
9.044268 -0.068414
18.642891 0.747819
6.892077 -2.311994
10.570866 -2.299055
17.868486 1.948845
9.129433 -1.187460
11.855473 1.228424
17.057356 -0.539747
10.380956 0.364221
10.829458 -0.145598
15.546853 -3.166599
13.958572 1.539844
10.539185 -0.024777
18.833376 0.433529
15.485225 -2.758304
7.742436 1.933992
21.363337 -0.109186
12.237163 -2.199704
13.856126 -0.360690
20.906942 0.346388
19.496925 1.487501
12.617072 1.228278
20.103682 3.242242
20.654007 0.314799
12.429993 2.504168
19.314283 0.157381
0.979964 2.299183
12.059938 0.389288
20.439915 -1.142834
2.393950 -1.670210
8.525961 2.788873
0.094528 1.494123
5.534193 0.422684
9.498997 -1.247382
19.206299 0.728360
9.976333 0.019721
11.405176 -2.177369
18.889561 -0.517882
10.580123 2.060466
10.161167 0.903487
19.286419 -1.544354
11.794499 -1.765123
11.701933 -2.237412
2.293410 -2.197539
14.189539 2.198485
9.040283 -0.100111
0.195672 2.680800
13.891913 1.661309
11.824288 -0.461485
5.675013 -0.324295
19.546644 1.018763
10.802364 -1.255941
20.858582 -1.873053
20.471621 -1.208181
9.721817 2.806074
0.307185 2.109877
0.495300 0.587790
10.521933 2.246020
20.407793 0.225435
3.741717 -1.965798
11.939154 2.040078
5.029498 0.253865
5.624107 1.775760
9.917811 3.086412
1.696070 0.695643
8.668032 1.201613
11.696821 -0.930884
1.215325 2.204754
11.507421 1.569358
12.686589 0.248089
1.136982 3.416857
13.029137 2.016523
12.379152 -1.701320
3.735069 -0.593146
15.029123 -0.389701
10.023192 -1.836758
5.687896 2.886359
16.967434 0.484225
11.841942 3.547680
6.127513 0.765201
21.358629 0.378782
11.918835 0.635222
4.528006 1.881308
0.815550 -0.500580
12.940811 1.849732
6.380486 0.519383
1.391152 0.509206
12.202229 -1.980010
4.961960 1.364037
2.539487 0.768418
13.736073 1.172458
4.954952 -2.160492
5.967896 -1.830936
12.203526 -0.902283
3.989599 -0.041305
9.172686 1.186675
11.329647 -0.513483
3.166934 2.133787
10.794587 -0.322607
9.269076 0.857787
3.843558 -0.836798
12.576815 0.579217
10.576958 0.625959
3.661603 -1.419795
14.130847 1.709193
12.595703 -2.265205
5.422599 -0.761758
15.816506 -1.678747
10.288877 2.243309
8.643108 3.711350
18.827858 -0.172479
11.204165 -1.013402
6.408077 0.609412
1.695168 2.211869
9.365510 -0.998942
6.730081 -1.468535
1.547712 1.957778
12.486617 -0.687255
6.704445 -1.255946
3.257533 -2.808140
13.413201 0.142309
6.632887 0.644377
5.064913 -2.532404
12.820554 -2.118825
5.872319 0.619287
10.270248 -2.035781
11.104371 0.795153
5.108339 -0.899231
10.297432 -3.202116
10.963674 2.787601
6.663158 -0.739109
13.334363 0.848182
10.499884 2.963866
6.173676 -0.735787
15.194664 1.078355
11.670143 0.225253
5.331467 0.549043
17.696983 -2.688985
2.532843 -2.705332
9.238239 -2.820181
19.508871 0.380203
1.867398 1.728522
6.350516 -0.049644
1.141287 2.079611
0.937832 -1.483866
6.981410 -0.693999
2.970970 -1.329237
21.190367 1.394695
8.854469 2.521015
4.108661 1.869960
0.966653 1.057198
7.775894 0.834327
4.732807 3.034354
18.862616 -1.472013
7.850365 -0.103208
6.853048 -1.671545
18.278111 -1.351811
4.746438 -1.735142
9.703497 0.014770
19.560667 -2.523097
6.029171 -1.193170
9.854429 -0.243728
1.793835 1.636307
7.526816 -0.078283
16.061840 2.389751
3.747036 0.016346
6.663078 -0.359486
17.368517 3.743299
1.717635 -2.377312
7.790376 -0.608330
21.316364 2.709940
1.640059 -0.795357
8.263959 0.720763
1.563602 2.938212
0.080325 1.924971
8.626296 -1.115059
2.403132 1.629754
1.084690 -1.647646
9.854471 -3.297303
4.669867 0.513569
0.514775 0.687460
8.749673 -1.645932
6.073773 -2.107127
19.576500 3.579224
8.117543 0.315748
9.463630 -0.485469
1.794899 -0.413752
11.645049 0.857445
10.918266 -0.254640
0.787200 -0.841666
10.120988 -0.957633
13.341861 1.573072
1.382457 -1.030550
8.926106 0.904120
14.722424 -3.720096
4.240771 0.456035
10.828899 0.596865
18.663424 -1.051614
1.091123 -0.891337
10.238189 0.891725
18.533796 -2.110217
1.597538 -2.152637
10.533584 1.452936
20.579901 -0.322694
1.503803 -2.505213
10.148239 0.358803
1.006785 -2.795976
1.567724 1.587458
12.726594 -1.385925
6.278588 0.477961
2.144633 0.747420
11.398719 1.042635
7.331021 0.730834
1.793335 -1.657902
13.113982 -2.256567
8.105595 -0.928242
1.616472 -0.438177
13.303463 -0.447640
9.873660 -0.791077
0.936692 1.201848
11.827689 0.682968
12.552664 1.069283
3.777818 1.847519
12.917345 -0.704339
16.124035 1.964911
2.080374 1.187900
13.119543 1.052684
16.932991 -0.389057
3.031783 1.437660
13.209800 -1.589517
19.487148 2.126301
2.561417 0.195323
16.313433 -0.176523
20.593496 3.140083
2.319804 -0.881302
16.212036 3.428322
1.569879 0.208129
2.607485 2.285997
18.609800 0.833739
3.804886 -2.209582
21.283287 -1.585816
16.742645 -1.299654
4.754412 -1.671259
1.513560 0.856737
17.355431 1.790804
9.324151 -2.479917
0.676351 1.130385
16.651932 1.499442
12.229280 -1.100686
2.761266 1.654643
17.246563 -1.219288
14.270448 -1.127688
3.459100 -0.571418
14.764702 -2.126984
14.265100 2.053263
0.585073 1.343938
16.432623 -0.668747
16.202160 -2.495648
1.270979 -0.808718
16.950912 -2.499013
18.036512 1.162786
2.115603 -0.617389
17.924974 1.419708
0.333120 1.800620
1.698660 0.849931
18.762846 -0.804364
2.006631 0.346870
19.791180 -1.293335
17.973513 -0.026934
21.261957 0.261038
6.054539 1.637677
19.430416 0.697858
3.809862 2.562114
0.784448 2.434833
18.073545 0.223274
10.982985 0.922204
3.042588 -2.055876
19.151653 -0.611287
13.628860 1.642869
1.328154 2.255542
18.423870 1.485001
14.611807 2.066482
2.232175 1.189296
17.600784 1.701195
16.196951 -3.296131
6.339072 2.546604
18.671984 0.969008
15.166540 -2.994668
11.467241 2.878057
19.346878 2.956264
19.293633 -0.570917
12.694493 2.177560
18.210058 0.009545
20.885303 1.963310
15.460770 0.256639
17.275818 1.723958
0.915245 -0.618622
13.296476 2.005141
19.014812 -1.579773
2.712644 -2.577359
12.037193 -1.476653
17.615297 1.282941
5.840899 -1.091108
13.771142 -1.176754
18.494198 2.125930
8.036983 3.966735
10.321128 -0.782694
15.735891 2.404437
10.829291 -0.407111
11.336296 -0.646681
17.354588 2.541159
14.153083 -1.096772
11.996286 -0.752316
19.840591 -2.647538
15.241297 -0.385904
8.882318 2.194557
0.140107 -3.111051
15.784400 0.351170
14.300860 -1.792340
19.035318 0.935658
19.745371 1.425656
13.842073 -0.136466
21.143713 -0.194988
21.477276 -2.762091
13.718959 -1.450681
20.482042 0.825288
1.554134 -2.953470
10.286106 -0.510590
0.242919 0.800225
4.937389 -0.188756
10.849315 -1.240541
18.493998 -0.769822
7.334889 -3.706799
10.832881 -0.569414
20.414238 -0.356765
9.510594 2.093667
11.270370 2.129064
21.000042 -1.815144
11.243572 -0.324386
12.018770 1.006469
20.966221 0.262438
13.495913 0.800911
10.824490 0.826355
0.975484 2.502034
13.285215 -0.198965
11.534979 0.171349
2.425459 1.895691
17.930597 2.384642
13.193102 -1.276477
3.375667 -0.977058
18.913750 1.983702
9.739496 2.122709
2.465474 -1.296174
20.923471 0.035331
10.792890 2.440078
20.238455 -1.659185
1.001490 0.243215
10.841805 -3.081902
0.195580 -0.372993
2.227527 -0.727601
11.377532 1.913744
0.712335 -2.370211
6.437382 -1.924186
9.736007 1.383733
0.169172 -2.380458
7.219251 -0.640034
11.588731 0.501196
1.969388 2.960565
9.464525 -1.204532
12.807588 -1.469669
2.633660 2.783888
11.940159 0.272747
13.414982 -1.316062
20.894104 -0.414259
14.805907 0.084498
10.235243 0.727460
1.281621 2.152409
15.196068 0.384773
9.868857 -2.062115
2.834778 2.536677
19.004328 1.497826
13.847696 1.355525
7.716466 1.895274
0.448831 1.500988
13.604967 -1.777629
5.508440 -2.069855
21.450562 -1.072557
13.092024 -1.099550
5.036791 0.157895
4.195918 -2.667904
12.223247 -2.173192
3.245675 -0.463667
6.040965 -0.215787
12.730200 0.088032
4.478265 1.000324
7.408737 -2.184764
10.942740 0.622813
4.840041 1.336078
12.315905 -0.625192
12.188074 2.965909
3.839593 0.987747
13.113871 -1.507699
13.935518 -0.766051
4.387798 0.202046
14.259854 -1.059509
12.772206 -3.259818
6.628726 0.705430
18.247698 1.575376
11.928355 -0.947159
8.263484 1.692376
17.869642 -1.970489
9.996446 -1.689121
8.832027 -1.747738
20.853479 1.861166
11.579686 2.421969
8.072549 -0.766646
2.265955 -2.516405
13.534988 0.808207
8.104444 -0.325831
2.223454 -1.046206
13.114202 1.177544
8.313864 -1.343766
4.162676 1.709828
13.636231 -1.809763
5.899543 -2.506761
8.433457 0.831458
14.677656 1.112550
6.184298 2.334853
9.988921 -2.750124
11.881137 1.345993
6.345851 -0.146637
11.751689 3.334255
11.770443 -0.682735
5.272635 -0.343070
14.162338 -1.920803
11.504134 0.252652
6.722488 -2.562481
16.613985 -1.722545
3.955251 -0.162227
6.439129 -3.410600
19.314665 -0.719249
3.588468 -2.621332
8.056409 0.736760
20.448900 -2.649708
2.827701 -0.456984
7.241199 -0.755395
2.398247 -3.105210
3.869851 0.375283
8.456108 2.850377
3.409697 -2.286637
0.858335 2.009025
6.757439 -1.863682
7.935819 1.105648
20.829990 -0.116016
5.787825 -1.899740
8.333417 0.992169
10.734220 1.473154
8.067721 0.208320
12.012927 2.733652
10.155172 0.665747
7.846307 1.456841
15.111946 2.258001
6.592544 -0.432751
8.994791 -2.146646
17.387274 2.081192
9.586579 1.562052
9.676819 -1.720216
17.301289 -0.114720
5.454484 -1.907980
10.563985 0.208793
20.270180 3.629459
2.628219 1.569773
9.335610 -1.671868
21.463448 -1.971595
2.949059 -1.387838
9.413856 -1.742440
1.998824 -1.351514
2.526777 -0.827304
8.737223 2.766242
5.068406 1.623926
0.843384 -0.647073
8.596117 2.333309
7.783091 2.079741
20.646116 1.435999
7.806519 3.135251
7.620641 0.560164
1.105243 0.329401
9.201100 2.078017
11.587540 -2.633463
21.210827 0.018231
7.356360 0.724132
9.428438 1.127084
2.096259 0.507798
11.548246 -2.469463
13.888577 -2.096712
4.106866 0.650267
11.067656 -2.485715
16.768423 1.182688
6.592936 -0.700556
13.688405 -2.239892
18.028442 -2.853871
3.311679 -0.141841
11.955671 3.210138
20.918291 -0.230762
1.949775 3.052127
11.763852 -2.778848
0.441883 -0.411183
1.175281 2.459552
10.054559 -0.352356
2.746668 0.565584
1.984131 -2.685307
7.465824 -1.255422
6.517980 0.932546
0.635088 -2.806214
10.474505 -2.476349
9.996748 1.055315
3.298337 -1.429297
12.682830 3.043730
10.261049 -0.296106
1.598320 1.834479
13.348325 -1.969679
11.704071 -0.655008
3.191627 -4.292017
12.964914 -1.611625
14.089505 0.558118
3.371087 0.269694
14.241576 2.286391
17.850731 -1.723407
4.849957 0.923790
13.695464 -1.299684
18.900166 -1.430850
3.752936 -1.916031
18.167370 -1.201995
20.444572 2.849264
3.252464 1.332068
17.470951 -1.613500
2.440404 1.506031
3.036310 -0.642426
15.942155 2.552490
3.364720 -1.095407
2.332815 -1.272345
16.368254 0.088544
5.201250 -0.859717
2.778679 2.659325
16.007637 -2.367018
8.618895 -0.948237
2.163233 -1.256181
16.445642 -1.093298
10.932039 -1.265551
2.674407 -0.947489
16.134996 0.922678
12.717769 -2.396424
3.713406 -1.194716
16.361322 0.427313
15.472913 -3.148524
2.891716 1.802157
16.103050 -0.750697
17.168507 -0.528464
5.376813 -0.643736
17.868443 1.764896
21.459961 -3.239172
3.745327 0.806298
18.803200 3.079914
1.200950 -1.400201
5.794921 0.034662
15.404688 2.997881
4.301469 -1.412529
4.730961 2.549666
18.544966 -1.566571
3.158399 -0.968394
6.278163 -0.616632
18.390354 3.031457
5.951787 1.567515
8.067883 -1.261696
16.718876 -1.717342
7.284723 1.848038
5.497221 -2.284535
19.552198 -1.358408
13.402269 0.302596
6.169238 -2.826117
17.694035 -0.579224
13.504113 -0.464222
7.809542 -3.340774
16.790541 -0.638853
13.100737 0.686738
10.643185 0.685556
16.984690 1.275172
15.882195 -0.273258
14.423500 -0.892043
17.322994 2.048006
20.731895 -1.642742
13.080224 -4.335998
19.533363 0.440772
18.323996 -1.511839
14.981248 0.724655
18.849174 1.397180
1.730731 -0.907340
14.806684 -1.835748
19.509621 0.962231
3.841549 3.127765
9.836309 1.597462
20.327465 -0.593044
6.133628 -1.210788
10.071247 1.488367
17.349211 -0.331652
5.948897 1.786909
1.651163 0.654150
19.580299 1.702039
12.191343 -2.183589
9.021182 0.312249
16.463886 1.371441
9.439435 -3.017390
12.905172 -0.938663
17.986706 -2.359840
11.749106 1.344283
11.014965 0.905156
20.987217 1.919314
16.488304 2.211208
11.134850 -2.812027
0.882736 0.616491
18.992905 1.065453
14.059837 0.602278
19.224247 2.426036
0.172796 -1.050797
12.089850 -2.506774
21.312172 -0.573592
0.580142 0.311492
11.938428 1.790718
0.302811 -2.546091
3.792011 -0.971288
11.255795 -0.306410
20.412552 -1.011061
7.309690 0.237425
12.194657 -0.701814
17.408495 0.698409
8.096026 3.300546
11.254992 0.523455
17.898882 1.618091
12.438846 2.611302
12.631901 1.278705
20.264668 1.116365
10.291965 2.092464
10.947833 0.230884
19.452421 -1.828445
13.705491 2.061004
10.547238 -1.047290
21.000628 -1.018802
14.668804 2.005948
9.535990 -0.592483
0.850736 1.958671
19.998394 -1.558190
11.169011 0.835070
1.090036 -2.141373
21.093323 -2.168907
11.272990 -1.852427
3.304440 1.525425
2.219957 0.098379
10.703218 -2.145401
1.848112 -0.356474
3.324247 -0.400763
14.165986 -2.415027
3.275375 0.480662
6.485152 2.435214
10.058318 2.297890
2.069221 -0.790801
6.639627 -0.437845
12.897951 -2.361836
20.774437 1.826837
8.579429 -0.531572
13.984415 1.943832
3.844485 0.117256
12.558651 -1.599682
12.008146 -0.239515
0.657652 -0.747911
14.975755 -2.500094
10.410388 -1.014456
3.734482 -0.437123
17.290117 -1.285704
11.368758 1.377943
7.524745 -3.122293
20.012203 -2.445765
10.677271 3.032792
4.180748 -0.285531
20.586973 1.951510
15.315223 0.438866
8.813122 0.774459
2.709011 -0.878203
14.122350 -0.055678
5.941844 1.183673
2.830621 1.603379
14.685736 0.637242
7.367610 -1.475644
3.763950 -0.835235
14.461475 -1.669493
6.263896 2.486271
6.860950 -0.218810
12.597044 0.616079
4.329461 -0.868122
11.246929 -2.357916
13.734693 -3.568395
6.769883 0.374760
11.475142 -0.235271
12.620160 1.562851
7.428923 1.362932
13.057949 0.736432
13.536210 -1.062151
6.191621 -1.867962
14.361516 -0.895986
5.793055 -1.356500
5.933796 0.731933
19.145052 -1.317168
16.533728 0.606030
9.930244 0.457354
3.634274 1.121261
7.937730 -0.102109
8.177321 -0.836993
2.404550 -1.314534
4.735853 2.396908
7.399140 -0.449117
2.011361 0.411877
1.482896 1.567233
6.660129 -0.551508
10.064363 3.453054
21.359545 0.717441
5.715296 1.770188
10.593896 -1.436124
12.561387 0.569764
8.132412 0.015193
11.024283 -0.304678
11.401427 -0.204890
8.610221 -1.589388
13.982303 -1.318164
8.165827 1.162373
8.420922 -0.604665
16.525782 2.783400
2.108186 0.109214
7.193422 -2.927432
19.633915 0.337978
3.623173 2.762568
8.133639 -1.052696
18.512098 -1.833938
5.043669 -1.086944
7.259960 -2.896819
0.260220 0.096496
3.348537 0.177235
7.999137 2.197507
0.787220 -1.447719
4.340715 -3.081250
8.058740 0.629519
5.171071 1.596080
1.077679 -2.996869
5.936002 1.927441
4.927960 -1.242763
1.090122 -1.374883
8.631081 0.584199
9.730566 -2.129086
20.007790 0.091813
5.806238 -0.039905
11.889265 3.630463
0.360895 0.916337
6.311528 -1.862533
12.883574 2.182614
2.019347 1.972729
7.001127 1.142626
14.146135 -2.241318
5.667359 -1.879472
5.972144 1.959488
17.028784 1.801382
3.722503 1.736313
10.343750 -1.107038
20.401876 1.096482
4.574192 1.972829
9.111301 1.223470
21.488941 -1.346478
1.826849 -1.874410
8.558596 1.115755
3.398891 -1.159257
3.466267 -0.076739
12.097940 -2.052517
6.184278 -2.470421
2.439503 0.802286
9.634554 1.388524
8.459426 -2.819228
2.323701 2.007950
9.908939 1.106785
10.410386 1.574877
2.265355 0.445031
10.395472 0.555491
12.237075 1.024672
2.650917 -0.524122
8.485226 1.736138
12.889468 0.218332
2.662292 -2.867370
9.999826 -0.655262
16.027822 -0.405170
4.732945 -1.012859
9.397106 -0.804467
17.576818 0.121071
2.548857 -2.651692
11.264163 -0.586581
19.240297 -0.401349
3.626720 1.811930
10.615853 0.967114
0.800554 0.467459
1.484761 -1.923827
11.565568 0.536258
3.625459 -2.014188
2.249681 0.374580
12.755630 -1.762539
4.713977 1.408532
3.140259 0.916331
13.770282 1.728350
6.875411 0.844649
3.613172 1.643301
12.498239 -2.621140
8.258055 0.287934
2.630110 -0.685034
14.585869 0.621908
10.851192 -3.404047
2.794157 -0.761005
12.335389 3.581333
12.414859 0.210648
3.997118 1.331693
11.378099 -0.624980
14.840585 -2.807876
3.534285 -3.824838
12.447001 -0.364111
17.872730 0.596641
3.608054 -0.808610
14.786023 1.669569
20.203835 3.358685
2.920928 1.458964
14.411639 -2.507290
2.047939 0.818518
3.159424 -2.193490
12.863756 1.923295
2.974021 -0.692802
3.798905 0.017727
17.376755 2.428714
4.504027 0.671552
1.817775 -0.871440
16.951374 0.914999
7.295846 -3.052435
1.502619 -0.238179
15.060607 -0.158141
9.577983 3.058500
2.093910 -1.500551
17.762707 0.863971
12.579149 -1.376130
3.050677 1.585003
14.222610 -2.856441
12.625772 0.135572
4.865473 1.336186
13.307600 2.286000
14.640478 -0.527048
3.455810 -1.148121
14.714922 -0.642871
16.103548 -0.879139
1.690517 0.754182
17.909452 1.972996
20.006668 -0.192164
4.398280 0.311084
16.414387 2.706393
20.186113 -2.289296
3.656502 -1.094687
16.871601 -1.580938
0.499842 -0.853217
4.784255 -1.806608
16.550694 -1.612580
3.397343 -2.304135
4.776507 -2.126015
18.550701 2.231467
7.149992 -2.590696
2.588877 -0.062866
18.632824 0.520221
10.672194 2.440826
3.843791 -0.236693
19.418915 -1.500369
11.870105 0.718046
4.317056 -1.286137
17.998489 -2.364950
13.183652 1.213985
4.312437 2.900408
16.326614 1.900943
13.661799 -0.764153
2.369059 0.795376
15.567078 -1.050487
18.877382 -1.996587
16.308876 2.892923
19.564865 1.988505
19.369728 -0.529853
14.773362 -1.811478
0.587355 -1.878669
1.246109 -0.228181
17.087706 1.424103
16.813843 2.349914
0.131950 -0.648465
16.742382 2.999728
17.437927 0.988313
2.516028 -0.007111
10.932557 0.107541
16.417648 -2.921239
4.384241 0.786802
10.032383 -1.392679
16.735582 1.992597
7.768140 2.310603
13.161637 1.896923
16.772167 -0.768446
13.479067 -0.860801
13.123225 -0.186145
18.305124 1.599077
9.946449 -1.924021
11.598014 -2.417452
19.392050 -1.784711
17.129337 2.372249
15.088799 0.401459
18.360399 -3.584233
18.068916 -0.928422
15.256367 -1.168379
20.366573 -0.882112
20.629429 -2.616897
12.572383 -2.587500
0.311529 2.406757
20.330133 0.137720
14.799818 -1.535314
0.244103 -1.734413
6.496582 -1.063710
13.516784 -0.234722
20.854073 -1.999049
3.575314 -3.463173
13.668516 0.919732
20.108479 -0.311327
5.362087 2.551057
9.719763 -0.192562
19.769348 -1.610328
8.216982 -2.870451
11.912101 -0.803826
19.193962 -1.773716
8.736770 0.893119
14.535368 0.396359
16.838030 -3.451104
12.016903 -1.909535
14.381880 -0.290823
18.373186 -1.287913
13.071074 0.222752
12.925655 2.769006
20.803980 -1.391409
16.598429 1.183470
11.412738 -1.076018
4.038800 -0.906671
18.927238 0.179065
11.501421 2.000806
2.453872 -1.252162
19.833941 1.643215
13.731426 2.068542
4.693552 -0.886570
1.655602 0.588744
11.443221 -0.795529
1.563346 -1.240813
1.335624 3.375158
11.773327 0.288277
20.875402 1.517615
5.453411 3.146520
11.789648 1.785069
2.341091 -0.344838
7.613188 0.189408
14.083956 -0.534067
5.070614 2.673834
11.218506 -1.849302
12.907495 1.147996
21.195198 1.091666
11.835784 -0.834582
13.419490 -2.391293
2.649124 1.923017
13.814843 -1.068661
11.248466 -1.174197
2.479079 -0.909973
16.073915 0.434634
11.965111 -1.996418
7.887409 0.410451
0.387703 -3.182013
15.263086 -0.587756
5.321783 1.153104
0.981051 0.961882
15.128957 -2.131116
7.059881 -1.963255
1.937474 -1.005530
14.472837 1.586061
3.902113 2.840509
4.771221 -2.037996
17.589481 0.563720
9.433645 -0.338937
7.188159 2.467283
15.537264 -2.215569
5.516252 -0.750333
8.594060 -1.282698
16.226839 -1.656512
7.336396 -2.099239
9.728425 -0.288647
15.597731 1.623290
6.248660 0.361059
11.540159 -0.722426
13.594691 2.026694
8.169728 1.039130
14.583442 -2.371961
13.295090 3.972521
7.039703 -2.005681
16.339561 -0.888444
8.457566 -0.491325
10.063736 -2.202564
21.279654 -0.845573
16.432503 2.281414
8.212299 -2.955582
0.727126 0.344334
16.840033 0.813721
6.469435 -2.520539
1.627960 -1.501817
16.487808 0.615096
8.033501 -0.548761
4.293424 -3.451088
14.933814 1.466536
7.321188 -3.310815
8.345565 1.784015
8.158104 -3.257391
5.570329 0.736612
12.832595 -0.386678
17.967014 -3.353131
9.076545 -1.534890
9.198238 -1.370287
15.578538 1.949342
8.272154 1.674110
11.835010 1.154061
11.696959 -1.320197
8.571633 2.290872
15.973167 1.424085
9.098545 -1.621841
9.985008 0.595637
19.449358 -2.384215
5.420377 -2.283463
7.590021 -1.405353
20.035793 2.125046
3.838822 -1.054888
5.919406 1.744879
1.316972 2.637491
4.828750 -2.203481
10.132146 1.548637
3.954674 2.090951
8.310802 -0.770779
8.144067 2.260573
0.376452 0.256935
2.660083 2.403157
7.015699 -0.178956
4.375430 0.910269
2.397067 1.638351
8.085131 -2.130945
10.801428 -0.400864
0.252227 -0.885891
7.606997 1.579866
11.283668 0.642520
3.834739 1.175250
7.181075 -0.338152
13.347070 1.597108
5.282180 -0.234182
7.799045 -0.437226
16.425158 -3.479140
5.944932 -3.223806
10.539547 0.230044
18.346233 -0.028563
4.747609 -1.783856
9.158918 -2.342706
19.453161 -0.001095
4.268424 0.302236
10.948647 0.633697
2.350690 -2.032006
2.855907 0.968885
10.017865 4.148451
3.750801 -0.302071
3.548318 -1.354576
11.615878 -0.578236
4.069987 1.809602
4.885374 0.990174
13.311795 3.336082
6.893379 -0.688649
2.174306 1.131420
11.460773 0.721165
9.162461 0.003846
3.827534 -2.591585
9.230226 0.169176
11.692362 -1.479539
2.748487 -0.484885
9.960103 0.741955
13.958022 -1.757563
3.458460 0.877422
8.375352 -1.360928
16.603333 -1.764308
7.128752 3.068199
12.070538 -1.152497
17.169689 -2.920247
4.568451 0.084391
12.165120 -1.921926
19.678982 1.496494
4.441262 0.883233
13.581219 1.313066
21.334000 -0.848626
2.517096 -0.466902
11.286410 -1.728954
2.138224 2.390114
4.360689 -2.790823
14.458639 0.552364
3.235562 0.703505
2.586761 0.509868
14.344559 2.245630
3.906896 -1.072880
3.054362 1.583203
14.172169 3.242326
8.997579 1.489924
4.989978 1.739629
13.747517 0.404503
9.302112 0.845406
3.620993 0.608810
11.009480 -2.326453
11.198858 1.572628
4.453289 2.688161
12.986071 -1.961254
12.715007 -1.160359
5.066918 1.544683
13.917410 0.941141
16.899162 -1.989102
3.273031 -0.266341
17.236074 -0.129123
18.718237 1.956734
3.344553 -2.878336
15.087813 0.399842
0.402004 0.548689
4.087212 1.605267
15.746605 -1.310552
1.898907 -1.226224
3.935130 -1.058100
15.501078 2.986729
4.906199 0.507849
1.414688 3.372643
17.803938 -0.897305
5.368457 0.429251
4.515082 1.941570
18.861382 1.164674
10.246563 1.080816
3.755272 -0.534145
17.447664 -0.899730
11.609618 1.750132
4.277821 -0.617457
13.894230 2.346301
11.174157 -1.015572
5.133450 -0.317694
15.050860 1.856737
15.111116 -0.393029
4.397971 3.384193
15.532709 1.383790
18.511173 0.686745
5.295068 2.546263
17.317627 1.030538
18.525040 -2.344754
5.006578 -0.288912
17.275082 -0.295637
1.615885 0.953104
5.874244 -2.294945
15.610526 1.123649
2.441215 1.432801
4.560658 -0.141991
18.831930 0.938293
5.204096 2.166067
7.036298 -0.386908
17.408348 -2.542923
8.811230 -1.953094
7.905604 2.148313
19.629025 1.504621
9.036393 -2.508667
5.259440 0.823312
16.947037 1.167973
10.560358 -1.043670
3.993758 -2.458662
15.723594 0.082953
11.600551 1.134920
7.019442 3.399081
15.204389 2.037646
12.310396 -0.098358
0.355377 1.672453
15.319771 1.685671
17.983477 0.400312
18.875484 0.721115
16.518175 1.275428
20.500738 -0.132812
19.221930 -2.974978
15.688124 -0.582025
0.731878 0.721666
18.408066 0.905672
18.755125 -2.225533
2.734005 -0.701438
16.987879 1.087391
21.458023 0.452270
3.281956 3.178362
11.114465 -1.919611
19.180651 2.137449
5.622167 0.980405
0.116719 0.279940
18.276777 -2.133432
13.046044 0.846765
16.129953 -0.362142
18.134027 -0.611166
12.031128 0.442836
15.951686 -1.625369
16.966331 1.527120
13.509598 2.547381
13.637967 0.955495
18.988377 -1.395406
16.688417 -1.677989
14.583623 1.467622
17.478157 2.924879
14.876931 -2.616536
15.600778 -2.799270
0.071054 0.427953
19.195766 -2.308287
15.881891 -1.381449
18.614086 0.762199
21.279673 -1.555975
15.221480 -0.013439
20.996151 1.503373
2.644913 2.213402
20.567434 -1.438336
18.667339 0.382050
1.754682 0.031486
14.328913 -3.490756
20.172110 -1.919192
7.411096 -1.125870
14.241963 -1.671430
19.774544 -4.514493
9.398867 0.261324
12.507566 3.661757
0.458189 -0.267518
9.946787 -0.158968
15.906927 1.290644
19.050798 0.617866
14.122676 1.299295
13.893990 0.890157
0.922235 3.231550
14.227067 0.898469
14.702629 -0.295178
20.628403 -1.280884
16.147760 2.305157
14.804180 -0.258849
1.833413 1.726180
18.711912 -1.017145
12.456662 0.839551
4.232025 -3.304449
20.490759 2.079118
12.927915 1.622965
0.475849 0.133122
2.165164 -3.501930
14.942591 1.557467
5.661026 2.197972
4.593260 -0.210009
14.836185 1.828671
1.787782 -2.863959
7.621488 -1.797709
13.067373 0.367398
1.108472 2.158870
8.343066 -2.684588
13.870436 -0.417702
4.409043 -0.619907
9.503119 -3.348421
13.583231 1.460268
1.191622 -0.782060
11.190375 -1.988313
14.523362 3.735562
2.008596 -0.096110
12.580489 1.441306
12.158126 -1.165266
0.920154 -2.412027
16.964487 0.513068
13.303107 -1.161314
7.045157 1.633679
20.262154 1.781342
16.894300 -0.345561
5.496921 4.015296
0.006029 -1.029388
16.219311 -1.615977
6.359145 -2.917414
3.444597 1.824845
16.668425 3.486054
9.432646 -0.487818
5.544168 -0.489690
16.244900 -2.629578
6.486071 -1.510296
7.120593 0.357028
14.510859 -1.550891
4.501372 -0.365878
7.698538 1.243675
15.506165 -1.371714
4.486390 3.164847
10.252992 -0.225370
15.726282 1.694563
4.200784 -2.140465
11.957183 1.732385
13.845351 2.892396
8.825685 -1.282904
12.365282 -0.499472
13.871511 -0.636961
3.760234 2.544000
16.027689 0.472937
15.958981 0.911276
3.650052 1.713226
21.533136 -2.078786
18.285387 0.914800
10.592743 2.497195
2.576201 1.764972
17.104097 2.349263
7.954718 1.280438
2.501586 -0.510229
17.258238 -1.322635
7.607144 0.232598
5.889274 2.156095
13.739560 2.570464
8.048989 -0.481537
6.486354 0.162559
16.064512 1.741204
8.995166 -0.320221
8.811774 0.645678
19.084030 -0.922301
9.830304 1.077020
14.602029 2.249218
16.727463 -2.125612
9.033902 1.130385
10.571621 -0.984256
16.292919 2.100609
6.984067 2.162501
13.178146 -2.017787
16.060740 1.045717
5.245828 1.074280
14.262754 2.400826
5.364665 1.438778
7.634532 3.025196
18.217867 1.325003
8.667529 -2.439214
6.279339 -0.398213
21.416958 -0.018693
6.194721 -2.061316
8.270479 -2.098509
1.135340 2.054527
10.252381 -1.137665
7.036854 0.922768
3.277480 4.112393
3.987062 0.097265
7.252171 -1.752685
11.353577 -1.628956
13.171085 1.845835
7.591945 0.461700
9.099310 -3.581991
6.560748 -1.167129
7.129596 1.602078
13.485766 3.938088
7.995675 -3.139852
8.061553 -1.359687
12.671416 1.252120
9.940416 1.095442
7.817476 -2.800283
16.905819 -1.218395
12.040198 1.517598
7.047865 1.760971
14.844627 1.532496
4.958173 -0.202758
11.876615 -0.364647
0.026958 -2.746672
4.710343 -0.389553
9.177922 -1.077940
1.817734 -1.767961
5.030575 -2.394633
11.970514 -3.290873
5.151849 1.035545
4.416155 0.905175
6.407236 -0.071609
3.434761 1.011714
2.441858 -0.300315
7.724802 2.105143
8.824287 -1.844017
3.844235 0.562257
10.883648 -3.662626
9.446045 1.757796
4.368776 -2.203835
9.320592 0.876160
13.588728 -0.907009
3.256891 1.865886
8.412387 -1.875698
14.710463 -0.023551
4.505869 1.387830
9.552975 -2.441988
15.566544 -1.350402
7.769174 0.204763
10.312164 0.333891
18.050432 -2.815220
7.203146 1.776055
10.511408 -1.874954
19.896069 0.950965
6.408359 -2.278658
12.191387 -0.680747
19.315891 1.896596
4.981305 -1.485194
12.595545 -2.090119
3.182183 -1.612973
1.984427 0.945136
9.629839 -0.867524
6.631609 -2.365378
3.252786 -1.057151
17.697117 2.465892
6.385531 -1.066905
4.361587 -2.973086
14.868382 -1.832823
7.844468 -3.030617
5.058781 -3.013762
12.178184 0.203333
10.894028 0.770093
3.900115 2.175622
11.242767 0.338926
13.091727 -0.242828
5.478868 -0.741169
12.091197 -2.127456
15.799447 -0.627996
5.324161 0.649105
12.117314 -1.866087
17.698250 -0.968800
5.402967 -3.416360
14.832387 1.211239
20.150480 0.868477
3.702945 0.969602
12.417866 2.774113
1.297576 -0.284993
7.516006 -0.071152
14.606792 -1.314050
4.567168 2.166328
3.894684 1.158378
13.483909 1.506498
5.034091 -1.395314
4.844603 2.601898
16.816916 -0.918836
5.953049 2.251586
5.296552 1.498741
17.805048 0.964074
8.902322 1.417418
6.996657 -1.099710
16.148720 0.117881
10.220735 -1.565518
3.578643 -1.105711
17.217661 -1.235892
9.756474 2.252596
4.874617 -2.566248
14.723839 0.923734
13.048985 1.708170
4.940495 1.967200
15.906085 0.239194
16.895742 -1.299136
6.372377 -0.871423
15.577350 1.122964
18.203716 -3.226404
6.395909 -2.148952
16.238340 -0.526562
20.676136 -2.342291
6.481691 -0.833525
17.626013 -0.157434
2.698301 1.285041
8.822854 -1.795573
15.930463 1.370187
5.689811 -1.545357
6.438262 -1.504885
14.959811 3.570201
7.454996 -1.965992
3.171080 -2.321841
18.202709 0.468236
8.295647 0.827084
5.428952 1.931926
18.257269 -0.752342
11.829099 2.039163
6.217218 2.893033
15.827539 2.032822
13.915046 -1.135537
5.416693 0.782784
16.984074 0.783914
15.189793 -0.453951
4.248768 -2.327710
17.598751 -0.998407
16.845812 1.711378
17.803793 -1.754654
18.390396 -0.319688
20.847857 -2.466675
17.102570 -1.456169
20.187243 0.862597
21.255751 -1.639468
16.411156 2.330247
19.296396 -1.232426
2.871238 -2.342351
13.202705 -3.059558
0.598897 2.810436
5.217349 1.797286
12.593225 3.018716
19.404688 -0.164673
6.687098 -1.024709
14.715745 1.130369
0.076828 -2.872953
8.590992 -0.088419
17.325115 -2.377505
19.544909 -0.831026
12.442471 -1.641817
15.536858 -1.789798
18.856039 -0.627199
16.093725 2.244326
12.624038 -2.526405
18.761763 -0.684273
13.756536 0.911178
15.587026 2.915584
0.327433 -0.234221
17.305840 -0.842222
12.917440 -0.410296
1.521891 0.533854
18.930429 0.762989
13.066013 -0.905264
1.240804 -2.535803
0.535183 2.131984
12.452417 1.246745
2.040850 0.077266
3.011923 1.308369
11.598113 -0.285951
1.706220 2.312330
5.019438 0.045368
11.280535 0.682884
0.290672 -3.455267
8.441170 0.073738
14.372641 -0.684392
21.249189 0.649484
10.507323 2.087843
12.026016 -1.185890
19.565975 -1.705456
12.157947 1.129892
13.944892 -0.548137
19.658825 0.534617
11.418951 1.880867
14.035295 -0.941798
19.239885 0.648816
14.796731 -0.389073
13.573523 -3.205630
2.352549 -0.981372
17.360966 0.515277
13.694113 -0.081551
5.191301 -0.301870
19.412527 -0.380998
11.436969 2.640520
2.847284 1.161500
0.060910 -2.156250
13.430151 0.730953
3.574998 -0.192356
3.028514 2.968851
13.198900 2.285483
2.416209 -2.135273
4.605162 -0.410135
11.803406 -1.589570
3.493197 -2.998171
4.055937 0.324583
13.427848 -0.727203
2.939560 -1.946222
8.169260 -3.249567
16.198410 -1.342220
0.267670 0.521992
9.727036 -0.037645
13.607596 0.189437
20.130747 3.028109
13.152416 0.431235
12.961284 -0.063460
2.103015 1.628452
15.563794 0.931338
13.826612 -2.444989
0.355610 -1.378832
17.908213 -1.120074
15.171223 1.118621
5.096670 1.133798
20.610708 -1.419489
13.994923 -2.762849
3.805362 -0.804278
0.000983 -1.591002
15.063447 0.450928
4.489889 2.084015
3.081579 1.649172
16.793184 0.773097
6.037996 2.431836
5.318560 -2.852998
17.429663 1.370664
4.179866 0.616198
6.051543 -2.607947
15.908017 -2.458355
3.312863 1.523269
7.277464 -1.080942
14.520600 2.921096
3.079130 0.812417
11.042562 0.918078
16.432003 -0.846989
2.420207 1.789811
12.440224 3.250561
13.039438 2.315466
5.408725 0.909749
12.766037 0.239151
14.806859 0.633191
3.671397 2.795326
17.752758 -0.385359
0.838228 -2.888545
6.230275 -0.560498
20.974705 -2.413821
17.943899 0.624727
5.747365 -1.083930
3.096368 0.491287
17.999319 -1.890170
7.136036 1.977252
4.189753 1.013121
19.604542 -1.259277
6.106559 1.113928
3.707755 -1.687714
17.997217 1.768850
6.125747 2.548464
6.629548 0.531584
16.901983 0.949266
4.833794 0.226613
7.546613 3.214307
17.131702 2.347241
7.404352 -0.563274
11.532718 2.035514
14.484250 -2.729302
7.212701 -0.868090
13.034698 1.159170
15.202898 1.259450
6.917876 1.717310
14.792030 -0.702485
12.371511 -0.353398
3.723653 -0.454195
16.994989 2.677051
7.266375 0.166964
7.021723 -0.858495
19.359575 1.003006
19.187645 -3.459476
9.016124 -1.146733
21.247929 2.911247
9.838288 1.122712
8.575601 -2.084178
1.428444 -0.660361
14.859338 0.935862
8.921614 1.515936
4.989655 2.011805
3.421569 0.493634
8.674161 -0.160248
7.205812 -3.858047
2.113219 1.039965
6.778787 3.511962
12.076745 0.477852
9.544010 1.082753
4.417559 -1.517804
10.835203 1.853052
9.472071 1.120838
9.478244 2.587827
15.390041 1.563969
17.651594 -2.429399
8.141733 -0.811151
13.835092 2.028206
8.658781 2.879792
6.429708 0.665463
18.036747 -0.473084
6.570480 -2.000932
8.830750 1.303762
19.154287 3.315223
5.605177 -2.054804
10.365650 0.855280
0.789979 1.061607
6.165607 -3.200980
10.830449 1.299347
2.587110 0.722448
3.832005 0.468649
9.986625 -1.849620
5.513146 2.902576
3.685963 -1.677464
8.941515 -0.115642
9.769043 2.206019
3.905519 4.116950
10.669052 -0.138805
7.357567 1.545951
9.545715 -0.743422
8.840199 2.204328
13.490686 -1.162811
6.544550 0.575336
9.123861 0.652557
15.502783 2.281751
5.956649 -0.284186
10.456033 -1.664400
16.525873 2.123117
6.589402 -0.147927
13.601176 -0.917917
15.900447 3.901683
6.352139 2.851632
9.096672 1.318839
21.058855 -0.611272
5.959379 2.541174
12.564323 0.567886
1.447028 -1.345356
5.735088 0.835856
13.663287 -2.062382
4.801923 1.957719
5.089955 0.910851
14.979117 2.050632
6.097914 -0.728258
4.175743 -0.181508
16.745041 -0.455258
7.801293 -0.712261
4.067617 -0.134658
15.435789 1.774947
9.851521 -1.293313
5.658412 -0.734979
15.060836 -2.521869
10.858671 -0.048634
5.912305 3.303803
12.174775 -1.774028
13.502086 -0.707803
5.738763 2.994039
10.570440 1.359300
14.512909 0.364149
6.569046 0.748912
15.579238 -1.155017
16.052946 2.554530
6.899063 0.321288
11.385873 3.844022
21.464426 1.053290
6.110750 1.917059
13.281898 0.918849
20.675022 -2.570876
7.351630 0.534915
16.452007 1.306426
3.937157 -0.709771
6.745807 -1.388326
16.180475 0.682611
5.795416 0.790704
3.240825 1.673161
15.720441 1.430081
6.637199 -2.977430
6.017159 -1.347200
19.451847 0.057389
8.661190 -3.173706
6.052953 -2.081607
13.578238 -2.219540
11.967138 -0.124632
5.562961 0.963142
16.456335 1.848603
12.290525 -0.134000
7.908245 3.235529
15.061351 -2.138054
14.595449 1.003175
6.507711 3.824505
17.435896 0.302309
16.806749 0.700399
5.074321 0.645814
15.563131 3.129756
0.392534 0.828079
11.432593 -1.182584
17.603767 1.164108
0.958329 1.642279
14.613829 2.302206
17.512522 -0.663705
3.107751 0.753805
10.413681 -0.203547
17.033752 -2.275432
2.639542 1.281622
5.662205 -1.942265
15.995677 1.395097
8.839670 -2.668555
8.216862 -2.481711
17.928953 1.457672
10.329126 1.036843
6.968071 0.890107
17.369854 -2.553205
11.673034 2.654697
11.830256 0.146471
16.179310 0.430606
12.149757 0.413534
12.451217 1.440751
17.985510 1.997342
15.433995 0.846066
9.541881 -2.439636
20.031849 -1.602025
16.672184 -1.888577
21.124640 1.171171
17.389166 -1.723394
19.790854 -0.360703
15.627529 1.318922
20.383816 1.225796
0.925119 -2.928871
14.056267 -0.670292
1.116823 -1.068905
3.542577 -2.541909
16.366722 -2.470289
1.530560 0.243583
4.363885 -3.899646
12.953044 2.582518
21.300236 -1.572274
6.890439 -1.338625
18.742001 -0.334395
20.648306 -2.805705
13.188478 -0.260094
19.966108 2.356125
4.110561 -0.881442
9.095622 0.350691
15.377337 0.488135
19.943932 -1.118293
12.535318 -1.849395
16.495754 0.638395
20.322922 -2.518862
15.535335 0.712103
15.649582 -1.689324
0.659522 -1.195035
15.306278 -3.070716
13.090109 1.776172
2.430622 -2.509043
20.734379 0.405159
14.121313 -2.838557
2.035323 0.947724
1.983791 1.518747
18.870615 -0.170788
19.407310 -0.748476
0.781235 0.244380
14.720546 -1.830984
1.837319 -2.584380
5.386330 -0.791117
19.910604 0.529937
4.253050 0.703969
4.225251 2.758095
16.342279 -2.289760
1.580411 -0.517598
6.433722 -0.975508
14.917939 1.087153
18.248020 -0.959994
10.602236 0.833168
15.063994 -1.129123
20.826609 2.156504
14.161631 -1.620254
13.948578 0.357098
0.711861 -1.673387
16.140667 -1.346392
17.534025 1.951501
0.551740 0.915692
14.926504 1.147501
17.720417 3.135167
3.741661 -0.638289
1.089071 -0.305828
12.844008 -0.058608
3.005703 0.351583
1.122523 -0.653531
14.893069 1.695320
2.619657 -1.696400
3.699289 -0.197659
17.830782 -2.334469
3.048930 0.893764
4.507195 -2.171352
13.182880 0.028650
1.683974 -2.272807
6.634166 1.019628
13.131384 1.591297
2.648524 2.762346
9.997248 -1.953399
19.346462 0.562698
4.142374 1.908702
11.153674 -1.684322
14.448366 0.590884
0.051574 0.166245
12.459794 3.321594
14.745212 -0.609293
2.362775 3.367748
14.946482 -0.130097
15.238753 -0.319439
2.102505 2.994938
16.743820 -0.366470
14.693780 1.728871
3.151679 -1.776317
19.962730 -1.407737
15.177067 0.038828
3.427039 -0.914958
1.658316 2.320493
16.551632 1.460912
4.560442 1.184883
4.229201 0.525800
15.567319 -2.137259
4.886734 -0.209565
6.194182 0.527140
19.337065 -2.077000
4.342573 0.755974
6.291308 2.177785
17.885420 -1.685534
3.167989 0.258528
7.668841 -1.508661
15.396136 2.163312
1.286197 0.006083
11.158746 0.134669
17.193014 0.951991
3.889810 -1.965013
13.384894 0.416363
15.353050 -2.453890
3.446296 -0.021052
13.675609 -0.602832
14.593484 -2.030184
5.473269 -4.133142
15.765666 -0.519895
21.434269 0.389391
5.488516 -0.255778
3.492980 1.300726
2.117004 -0.890979
5.509270 -2.125228
2.992662 0.533417
16.597227 -1.459653
4.738482 0.634601
2.169822 1.641152
20.612640 1.577410
7.100970 -1.078244
2.639220 -2.127107
0.239900 1.007291
5.612696 0.803633
1.708264 -2.017317
16.268156 1.590160
2.808600 -0.827732
10.601518 -2.768837
16.711651 2.599311
5.673976 0.668584
10.348401 -0.060146
14.873554 -0.974182
5.477466 -3.182153
13.030308 -0.920250
18.841349 -0.092800
4.693032 1.705024
12.906637 2.800153
17.793165 -2.146214
6.117596 -0.146866
14.140038 1.735808
18.338497 2.000926
7.358053 1.351781
0.398426 -1.647223
20.916943 -0.863786
9.784785 1.569905
20.781698 -2.225298
18.165560 0.523210
9.020444 -2.506248
3.458622 -0.077784
18.504007 1.689620
8.886432 -0.859280
1.516766 0.304283
15.290336 -1.664307
7.151287 -2.124111
5.518435 -0.850338
20.011736 1.733021
12.822953 -0.335952
7.888105 -1.738132
14.505810 0.959968
8.162673 -3.323892
10.294450 1.268750
17.023382 -0.246546
5.470979 3.567028
12.442083 1.469427
20.492483 0.715530
7.440331 -0.873944
12.810976 2.573975
19.199619 1.992305
8.937287 0.064655
12.794951 2.254207
6.916856 0.032880
7.249586 1.571221
21.120985 0.705074
7.383296 -1.261413
9.790169 -1.981157
1.319959 -0.033001
18.636761 -1.956031
12.262130 0.264926
1.640366 0.150581
4.760691 0.807221
13.997234 0.246670
1.586381 2.724797
19.207664 -0.272236
9.976124 -1.245220
6.317030 -0.109840
7.968968 -2.242943
10.198635 0.242105
14.308587 -2.295347
20.521250 1.271752
12.101596 1.486483
12.329366 -0.386300
18.611568 3.386889
11.246443 0.768306
12.991698 -1.624012
7.841516 -0.604473
10.227554 1.957078
16.263336 -0.503628
7.123720 0.605036
11.928394 -0.605801
14.957090 -2.260447
20.776705 0.374495
12.862544 0.113167
20.603426 2.463161
0.188988 -0.633490
13.699305 -1.924655
1.934819 1.409229
18.510555 -2.005731
14.261637 0.053818
1.453972 1.439775
20.020201 2.809140
13.289634 -1.169247
2.540138 1.321844
6.383048 0.918650
13.906897 -4.260420
2.918225 0.745105
20.638351 1.745748
11.092916 0.296047
8.441654 1.229038
18.981731 0.530441
12.321960 1.227834
11.287594 -1.258212
20.430885 2.782935
12.823053 0.412236
16.098780 -3.188944
6.491837 0.984481
13.966949 1.527864
13.835049 3.665343
21.467314 -0.834393
11.856310 -0.300025
14.041056 -2.158511
6.539454 1.914228
14.481030 -3.149751
0.915553 0.643215
20.408361 0.329807
14.136130 1.852768
0.734082 1.425333
0.029472 -3.394987
14.570581 -0.094860
20.951120 0.197614
12.317092 -0.959558
17.383251 4.204914
2.893850 1.466925
18.648966 -2.526278
14.169074 0.828639
3.410891 0.435059
19.312595 -0.848678
13.319654 3.011151
13.048919 0.050782
18.774420 1.854939
13.845750 -2.646507
9.997706 1.501209
19.625616 -0.708077
12.129622 -1.351183
14.508075 -3.122559
20.625900 -2.060600
14.910350 2.601150
16.518513 -0.519993
0.352356 1.674001
13.495266 1.169080
17.141304 2.697984
19.736950 0.567023
14.629248 1.504771
20.549227 -0.914670
7.784409 -0.413514
15.567060 1.327360
2.323264 -2.502346
20.055946 -2.238797
15.257610 -2.200740
2.350427 1.389913
9.174880 -2.129610
15.661641 2.197759
3.552813 1.012642
20.768229 0.473068
14.914793 2.019171
5.508187 2.522825
6.505528 1.179900
18.494698 -0.411732
10.200863 -2.585567
20.354342 0.075213
15.035086 -2.031457
9.530562 -2.343367
19.314203 -0.497449
14.172504 -1.762500
15.036347 1.170465
18.072939 -2.029738
15.593493 -2.162474
13.886686 -0.852642
8.867542 0.594826
2.338630 -0.012338
17.178383 -0.995281
