16.779049 0.532591
0.408057 -0.919559
17.500250 -2.337800
17.095930 -0.291289
1.023442 0.608205
1.428431 0.073280
17.145079 2.432315
1.297256 -2.331463
4.431718 0.104777
1.503710 -2.386491
2.523408 -2.149519
7.128099 2.506037
6.091268 1.049441
0.652851 0.908759
7.649210 1.388811
4.679158 3.727665
1.042951 1.678013
11.933231 -0.534141
3.883556 1.677644
17.742437 -1.746422
13.294002 -2.233268
2.559716 2.703501
16.844124 -0.664136
12.206557 -0.184868
3.076008 -3.659527
1.643326 -0.342338
15.659063 0.664047
17.361498 -0.786759
0.463546 -1.250393
15.757506 -3.093776
7.241459 0.674319
1.987484 -2.293723
17.628788 2.186032
5.380371 -1.685873
2.087792 0.356566
3.215141 1.601840
5.845203 -0.996737
2.613346 0.995567
5.031507 -1.773117
6.240513 0.041018
2.575262 0.323533
7.062165 3.304008
6.044378 -1.053922
1.854202 2.969541
9.017271 0.437160
6.689185 -0.351247
2.606826 1.884144
10.657687 -3.500368
5.168770 2.473663
2.939735 0.910042
11.645374 -2.921626
4.607399 0.717903
0.873771 -1.462912
14.902186 -3.012087
6.228791 0.133813
1.962471 -1.765881
14.462687 2.026123
0.164781 1.068330
1.755576 1.572174
17.077253 2.625983
6.870889 -0.329117
6.164873 -0.863320
0.785837 -2.916376
6.210584 -0.481419
4.423217 -1.846665
0.596572 2.773236
4.042239 1.149060
6.267486 2.403641
3.353925 -2.246877
5.123652 1.931863
6.147469 -0.410356
4.757254 1.543069
5.935382 -0.781417
6.047978 -0.325746
6.997240 3.185658
7.154943 -2.464081
3.512425 2.619574
8.558486 0.609988
7.229894 2.181659
3.816861 2.925788
12.060601 -1.817094
5.860274 0.848851
3.733088 0.994827
13.296083 1.334881
6.357730 0.764087
3.762751 -3.393579
14.991542 0.889610
3.164919 -2.761448
3.112034 2.369548
16.882919 -0.988222
5.373114 0.430643
8.312725 -2.201463
0.784560 0.273743
7.149885 0.243415
7.907081 -3.345710
1.341970 -0.981029
5.287463 2.185520
7.894422 0.412121
4.137475 0.614630
6.108359 -2.315731
7.602408 -1.691530
5.856452 1.492962
4.986750 -0.856029
8.007665 -0.180634
7.582528 3.253703
4.796494 -2.639256
7.610763 -0.534769
9.888906 -1.902885
4.856061 0.199245
8.545304 2.082439
11.951129 -1.894824
5.130415 -2.141890
7.448517 -2.265212
13.537359 -2.057343
5.929212 -1.164378
7.833646 -1.354052
15.250458 -0.934340
5.873674 1.098231
5.586607 2.706699
16.859966 -0.876099
1.315908 2.111385
9.844285 -0.154472
2.153094 2.222528
3.081503 -0.048971
9.234114 -2.993204
1.786268 2.776118
0.980421 -1.257273
10.611979 3.473373
5.134174 0.056478
17.381477 1.728121
9.971258 0.588939
6.156151 3.274742
6.162036 0.934849
9.326695 -1.722446
8.802199 -0.734753
2.680115 2.921294
11.676249 1.492802
8.844339 0.108348
2.387680 -2.062521
9.324956 -2.162473
12.404977 -3.401473
2.458091 0.947395
9.504629 -2.604304
14.412695 0.203009
5.388763 2.136701
9.190402 -1.331461
17.002104 3.003010
3.420019 3.624114
9.101704 -1.070536
17.685135 -0.573405
13.590023 2.337455
11.862386 -3.123762
1.409994 -0.522857
15.150898 -2.712220
10.877542 0.127654
1.935669 2.436629
16.480789 -2.562132
9.307130 -1.391557
4.533578 -1.750474
15.953577 1.308661
8.693464 2.816124
6.331020 0.779022
17.510508 0.797838
9.303503 -1.600120
9.615202 -2.430956
15.910780 2.339167
10.499424 3.031274
11.341178 0.458976
15.127757 -1.995427
9.295318 -0.411250
12.738910 1.018440
0.276210 2.507780
8.964800 -0.682278
14.749323 1.480067
15.491708 0.573646
11.200763 3.020484
15.873120 -2.044492
15.132486 0.323065
9.493298 -1.907934
16.619453 -0.839595
13.094315 -1.420749
13.771388 2.107410
2.356125 -1.441326
15.088992 -3.003871
10.722768 2.309794
4.030833 0.278323
13.905001 -0.074871
12.222860 2.797043
5.345406 -2.075229
13.935932 -0.494576
12.260936 -2.855694
7.430583 -1.118025
14.160821 -3.858934
12.797477 -1.102463
9.318156 1.086667
14.434057 0.640369
12.669427 0.360817
11.185257 -3.218860
16.335175 -2.526297
12.549663 2.314084
11.789941 0.747114
15.313030 -1.147871
11.357295 1.909685
12.921794 0.586190
15.395089 -2.243657
13.105085 -0.311882
15.947397 1.340861
14.707851 0.353969
12.078129 1.426207
17.550837 1.983045
14.643313 -1.962249
13.444419 -2.123085
1.110512 -1.824849
14.056575 -2.574633
12.181803 -2.044717
3.191281 1.366765
12.013883 -1.271682
13.023286 1.023659
4.511085 1.262943
12.857787 -0.886129
15.651897 -1.000366
7.020821 2.519255
12.515778 -1.505206
13.575098 1.219626
7.897074 2.136199
13.393875 -0.016316
15.120323 -0.626290
8.610935 -2.117030
13.812003 -1.706866
14.403562 -2.235447
12.671103 0.116973
14.487894 1.940333
12.162187 -0.873973
14.615859 2.672583
16.210032 -0.495611
14.506174 0.801063
14.634045 1.566216
13.050745 2.040320
13.252771 0.672954
0.128683 -2.110657
15.381356 -2.842813
15.245296 -1.936586
1.170437 0.113617
13.477469 3.539155
15.516419 0.821559
5.205969 0.137542
14.703298 -0.343705
15.359393 -3.402527
6.666862 2.691622
11.024829 1.306360
16.027721 0.535036
7.257525 -0.475488
15.249632 -0.316269
15.847937 0.209679
8.448991 3.505625
13.747340 2.442686
16.568724 -1.290626
9.760272 -0.199896
14.487687 -0.505188
14.747035 -1.061123
10.049467 1.506014
13.319435 -1.962563
16.013405 -2.925377
13.829551 1.354603
16.261469 -3.024610
15.198337 -0.987819
16.582619 -1.442154
13.452764 1.631042
14.980917 -1.965213
0.966181 -2.552068
16.226316 2.679894
16.830633 -0.151332
1.961532 -1.001668
15.739427 1.131945
15.429740 -2.158874
3.245205 -0.152883
14.218080 2.521121
1.093150 -0.481605
7.004542 1.012300
15.910110 -2.544919
0.021541 -1.504139
5.590827 1.239465
17.252701 2.630996
16.887762 1.955670
8.091167 1.067973
15.943167 1.429848
0.261820 -0.005457
11.804675 0.235273
14.310302 -0.663440
0.309157 -2.324735
10.856825 1.762017
16.414728 1.956709
17.430529 -1.607320
13.498708 1.687024
17.505251 -0.126967
16.553806 2.840140
16.622862 -1.063759
16.022501 -1.971348
16.587152 1.805743
0.043315 -1.471576
1.080706 1.127149
0.796404 -2.597736
1.022312 -1.898464
2.788238 0.124258
17.858995 -2.312700
4.531929 0.022556
4.256251 -1.308457
1.297696 -1.789436
4.831811 -0.143468
6.061273 -0.152905
0.809493 2.623084
5.685700 -0.543066
7.718527 -0.072183
1.706109 -3.190882
7.859033 -1.028210
8.118612 -1.355079
2.106668 1.215042
9.690851 -0.062883
6.355724 -2.863328
17.360413 -1.474187
11.929038 1.059119
7.959725 1.340387
1.002687 -2.514045
13.267857 -1.603777
6.979796 1.099050
0.401206 -2.698450
14.814654 -0.565052
4.218202 0.173528
1.364448 -3.350936
17.139961 -2.783923
7.058678 -1.740029
2.696047 -0.249913
1.440380 1.572933
7.001524 -0.714362
3.254506 -1.673378
3.219721 -2.552530
7.161357 -0.310570
1.353467 2.865650
3.929814 -1.081053
8.662314 1.011985
3.290249 -0.355918
7.190519 -2.479402
9.610857 -2.323812
3.224770 -0.723017
8.791587 -3.338601
8.445534 1.671204
3.630983 0.021421
10.572304 3.035284
6.464517 3.847119
1.878853 0.206656
12.479327 -1.530395
7.727478 -1.327910
2.936436 -0.651639
13.820691 1.302743
7.554486 -2.399039
2.247787 0.809720
15.722816 -2.687388
6.717610 1.155344
3.797509 -2.093478
16.831892 -0.170328
8.162610 0.567268
4.491903 -2.831161
0.724752 -2.146543
5.896651 2.503042
6.949607 -0.173136
2.487529 -0.766141
7.440813 3.888886
3.813001 -0.704103
5.034421 -1.235917
7.141341 0.965140
6.061674 -0.708517
5.565318 2.761338
7.182493 -2.557817
4.385682 -0.103749
6.901778 -0.450365
6.950764 -2.184878
5.786459 -0.299722
12.177826 -1.861553
9.141302 1.408692
4.436223 0.747664
12.286670 -2.782006
6.779446 -2.309460
5.774536 2.105770
15.173640 -0.605713
8.183844 2.232291
4.215831 0.414729
15.495887 -3.455732
7.750229 -1.972635
5.506073 0.561597
16.918768 0.899077
8.676815 -2.113071
9.148561 -0.970161
1.200031 0.558927
6.048027 2.213028
9.526566 -2.030097
4.632745 0.397052
6.643319 -1.202455
5.413717 2.873301
3.902214 0.446337
7.376939 -0.193107
7.520089 -0.763884
7.271143 -3.399181
6.247565 -2.260738
7.183501 -2.159775
8.718917 -2.200091
7.989565 -2.283326
6.655695 3.132182
9.292777 -0.952726
5.604095 -0.998327
5.654449 -3.335366
13.528251 1.571438
7.114720 1.768193
6.989029 1.394522
13.765197 0.053809
7.813068 -0.945028
7.184109 0.920430
15.852192 -3.224142
6.334817 3.580574
7.423736 -1.442319
17.205288 -0.018292
7.448207 3.300199
10.557408 -0.426607
1.902834 1.916884
2.225050 -1.392278
9.452669 1.592067
3.798356 0.489065
4.801498 1.654330
10.649564 3.107377
5.558824 1.056025
3.144544 -3.833924
11.981622 0.394892
5.688329 1.249791
7.842261 -1.512268
8.533953 1.435675
9.003776 -1.016245
4.939423 0.074397
9.648692 3.887544
10.398173 0.596390
6.399511 -1.920072
7.606387 2.672930
12.083167 1.395430
4.290301 -0.698426
9.332748 2.832420
13.590256 -1.194648
7.131897 -0.408267
8.971244 2.649752
16.296780 0.077270
6.788128 -0.572180
9.522040 1.519353
0.448964 1.584803
2.232069 -1.209648
11.467251 -2.696932
4.175858 0.348741
17.022591 -0.114573
11.141422 -0.721087
4.437986 -1.444564
4.230306 0.099888
9.584654 -0.965948
3.664434 -3.130929
16.257654 0.761404
9.930173 -1.553937
7.634181 1.022609
17.078625 0.017208
11.117433 2.755706
9.115601 2.381036
17.631992 0.207961
11.156744 2.135228
11.065825 -1.113463
17.064793 -1.430835
9.563542 -1.041186
12.794640 -1.170429
16.499454 1.031727
10.587854 -1.470820
14.407331 -1.832194
16.965868 1.309738
9.898971 -1.687458
16.050516 -1.668887
15.968787 -0.010658
10.525475 2.693718
17.863504 -2.956743
16.178389 -3.180030
12.099623 0.701183
2.895581 -1.196732
15.579333 1.245605
12.620247 2.220386
4.538450 -1.676870
17.046219 3.624951
12.516172 -1.488890
5.770081 1.859885
15.651159 1.797576
11.080704 -2.047151
5.858306 0.874461
15.572822 0.763125
11.754813 -3.250374
8.123690 -2.053748
15.685330 2.012961
11.866252 0.827400
10.037655 0.619886
0.455590 1.789758
12.961195 0.128052
11.812568 -2.504279
16.438622 1.455230
12.621212 -1.257850
14.278827 2.260944
16.825968 2.537788
11.930352 0.837893
16.872307 -2.601730
16.045792 -0.071994
12.263601 0.792144
1.001179 -0.248716
16.196218 1.530791
13.682515 1.767949
17.637577 -0.862225
14.980123 1.215617
13.807177 2.869895
2.931519 0.395946
13.597075 -2.563465
13.901427 1.281012
6.400338 1.145435
14.982504 -0.534536
13.894361 -3.448791
8.008531 -0.263998
15.913253 -2.548557
13.726377 -1.531611
9.689444 -0.267002
17.600178 1.759876
14.475390 -2.397975
10.971384 -0.343336
15.531758 1.668010
14.517246 1.042301
11.535862 1.682193
15.153342 -3.890142
13.394502 1.792843
13.216395 0.769271
17.221336 1.733780
13.353159 -2.063455
15.864914 3.038598
14.393413 1.498881
14.078904 0.582674
17.057915 -1.724055
17.545874 3.999121
15.719903 1.827451
2.620643 -0.944338
0.145534 0.086989
17.588747 1.082521
2.639524 -4.219532
15.358336 1.631844
14.382002 0.727036
5.040840 2.756213
16.576418 1.417068
14.248232 0.307288
6.441475 3.596259
16.835875 -2.653301
14.867286 -2.064714
8.253456 1.428854
16.395657 -0.675971
15.544685 0.304496
10.077320 -1.319621
15.136880 -0.960357
16.440273 -2.809165
11.146125 -1.792676
17.645937 2.875758
15.610206 0.230224
13.675709 -2.012166
0.282614 -0.840349
15.156720 1.519529
15.490329 -0.598376
17.312279 -1.105395
15.204290 1.580303
0.472745 1.320162
17.753361 1.050283
17.053202 -0.321650
0.850083 0.650460
0.929622 -3.749327
1.578163 -0.060595
2.774917 1.047591
15.197995 1.297930
16.302685 -2.741608
4.813906 -0.966361
17.015440 -0.845394
15.505694 3.374943
4.884729 0.976190
16.228394 0.767217
16.339582 -0.985833
6.584893 -3.994540
1.184029 -0.983942
0.251739 0.597354
11.116610 0.926113
0.361241 -1.669786
17.267796 0.719228
12.784806 -2.097594
1.740393 1.475199
16.114964 -0.465881
13.772599 -2.875508
1.721791 -4.105372
16.514431 -1.585374
15.881191 1.269505
0.860756 2.225468
17.829794 1.741220
17.156286 -1.209073
6.086961 -1.850342
0.331797 -1.228322
0.178216 2.543270
4.029912 -1.336821
0.551330 -0.549791
2.945033 0.279741
4.617327 -2.527246
17.380514 -2.133243
5.475566 1.734224
9.304169 -0.213607
1.492515 2.113310
6.537561 3.290111
8.787230 0.353778
17.564348 0.334050
8.080852 -3.218373
9.537795 1.762487
1.566575 3.622084
10.645687 -0.416071
7.693501 -2.656965
0.734170 -0.994999
11.142904 0.309828
9.362201 1.507327
17.463108 -1.306024
13.853023 -0.507701
8.733431 -0.367642
1.121391 2.318238
14.881554 -1.944388
7.758181 1.073648
0.518899 -0.095760
16.571451 -3.991068
9.907879 -3.169169
4.174420 0.472387
1.136875 -1.162246
8.607495 -1.763017
3.550328 2.788632
2.406678 2.019518
9.309405 1.416833
3.324883 -3.118887
5.364319 0.890829
10.630526 0.267247
2.614307 0.538336
6.867435 -2.379405
9.406561 0.763621
1.426399 1.486141
8.520825 -0.561215
10.052520 3.051478
4.498771 2.511580
10.238103 0.191141
8.391817 -3.015284
2.355113 -0.740047
11.976471 -0.777283
9.560866 1.024235
2.300424 0.853234
13.603436 3.557524
9.521526 1.582669
2.589272 0.753991
15.621902 2.534503
5.976644 -2.590625
1.086426 1.196683
16.341766 2.623120
8.716660 -0.003073
6.436203 3.020031
0.531806 -0.625613
10.283396 0.662022
4.128612 -2.991735
3.215335 0.702816
7.097735 0.740423
4.823662 1.211203
2.190559 3.158167
8.703547 1.672967
5.064499 1.282997
5.885477 3.548752
10.051316 -0.957177
5.319321 -1.680319
8.193489 2.173453
8.483630 -1.201727
4.655776 -3.159301
8.989509 -0.351802
10.483853 0.625173
5.744573 1.268364
11.550344 2.380502
7.731418 -1.487721
4.912393 0.977930
13.611365 0.150999
8.967891 2.006149
5.810347 -0.558026
14.906977 2.972757
9.620183 2.531569
4.902039 -0.556085
17.263720 1.065766
9.447358 -1.741753
7.554811 2.014316
2.161222 -2.397767
7.826952 2.857635
6.582278 2.187991
2.598491 1.402785
8.637374 -0.788039
4.814244 -0.470237
3.908152 -3.678847
10.240651 -0.241722
6.352707 2.138948
6.671822 -1.724705
8.261467 0.247047
5.815944 -2.983091
7.445776 -1.732497
9.878263 2.775758
6.409715 0.132199
9.680579 0.743634
8.775431 2.377445
6.480089 2.179640
12.653249 1.419226
9.097018 -1.940148
7.574722 -1.483822
14.415713 -2.115381
9.056627 0.071908
8.652838 -2.487099
16.109259 2.847203
8.192433 1.016859
8.046219 2.924119
17.629086 0.418885
9.389568 2.199467
9.690475 -2.658438
2.773677 -0.223425
7.006732 -3.748273
7.264316 0.453027
4.145780 -0.589504
8.735342 -2.242465
7.107918 0.966363
5.932595 2.288900
9.218956 0.094149
7.387453 -1.021343
8.090583 2.795352
9.557981 -2.065974
8.271579 0.676227
9.801491 -2.420964
8.152268 -1.395863
7.524750 1.041095
11.039218 -1.679419
8.042392 -1.614174
8.482256 2.217802
12.714278 1.273771
7.661072 1.880567
8.694932 -2.556008
14.607227 1.815543
8.317354 -1.340998
9.968801 0.668922
17.317873 2.522046
8.105115 0.824287
12.370831 -0.248837
1.630334 -0.785792
2.840927 -0.951462
11.131553 0.909811
2.437023 3.534790
6.234955 -1.193581
8.967400 -2.243372
2.749898 2.336262
0.508255 2.687725
12.576414 2.795459
4.161474 1.398289
2.935434 1.521965
10.093553 1.687801
5.425610 1.615100
0.307790 -3.741958
9.851011 -0.956464
8.113985 -0.402717
1.115374 1.142715
10.616681 2.955212
9.801076 2.190648
2.863205 -2.127070
10.205605 -1.579333
10.381911 -2.157856
0.876128 -1.778848
10.261954 -0.036009
13.565023 -2.877290
1.085402 -2.858212
9.888645 1.761162
16.073797 -0.745316
0.061451 -1.151750
11.504063 0.798819
15.168397 1.679510
17.280796 0.084026
10.964427 -1.418057
1.461420 0.119657
0.023767 0.449850
12.676250 0.098137
2.276657 2.161781
1.198454 -1.474296
12.366495 -0.062187
5.756099 -1.829270
15.336206 0.248661
12.900713 -1.962460
6.447762 1.315301
17.396013 -0.157390
11.468991 3.331797
7.274040 -0.354304
17.539793 -0.604978
12.840022 1.675107
10.043738 1.367342
1.602249 -1.294033
11.088980 0.317096
11.781489 3.159742
17.465994 -1.741317
11.539024 2.224026
12.997593 -1.018759
1.155825 0.963490
12.300473 -3.286289
13.557715 1.239375
17.866730 0.941112
12.727654 -0.180250
0.339569 -3.957307
1.244159 -1.749746
16.025640 -2.840158
1.813978 -1.278222
16.624922 3.201281
14.027670 -0.121592
1.858187 0.592115
16.951406 -0.656741
13.864059 3.539076
3.840209 0.239147
0.303892 1.135083
14.104288 0.778086
5.322628 -0.435195
16.849493 -0.070047
12.940508 1.096954
8.098534 1.707597
0.563663 -0.682362
14.202354 2.852135
8.981965 2.303306
16.860346 1.163103
14.134823 0.579843
12.741343 -2.457860
0.206562 2.919687
13.771936 1.088235
14.177825 0.201390
0.402676 -1.805616
14.234820 -2.171699
17.103302 0.718597
0.976393 -0.680553
15.919593 -1.753556
17.553890 1.843154
2.118481 1.513204
17.155430 -0.288493
0.729532 -3.062675
0.604137 3.447703
16.325983 2.242008
4.208325 -0.446429
1.658916 2.058917
16.834209 -0.633506
6.005159 -0.763712
0.186551 -1.530053
15.546515 -2.555929
6.743103 -0.403912
0.743430 2.912214
17.765741 -1.146339
9.288524 -1.575361
17.296598 2.446992
17.460978 -2.413217
10.620227 -1.635929
16.865427 -1.320450
16.157194 -1.597071
11.899075 -0.604505
15.241044 0.041173
15.582348 2.391877
13.212512 -0.704606
2.171830 -3.332711
14.823741 -1.133942
16.539417 -0.702980
2.777469 -0.928743
17.808308 2.881815
16.818027 -1.208506
2.080446 -1.840220
17.830156 1.444879
2.656291 -3.094440
16.654732 0.214607
17.258867 0.918410
4.017019 0.929471
1.520929 0.726160
1.004988 2.690862
5.657309 0.776421
2.884107 0.273777
2.247144 -3.120238
5.730410 -0.316298
0.096822 3.178393
1.570661 0.517071
10.327991 -1.206241
0.923339 0.762463
16.106781 -3.017037
11.426922 -1.237469
3.771549 2.304972
15.835537 2.033799
13.570875 -2.907296
5.386960 0.994923
16.783867 -0.643382
14.652597 2.217686
2.896955 -3.740760
17.786003 -1.581515
14.881454 -1.685833
2.074078 -0.484491
1.582849 3.945412
17.525930 0.809445
8.542506 2.235135
3.332561 -0.634716
17.134832 0.312115
6.579806 1.634817
0.893062 3.143948
2.171107 -1.340239
7.586096 -2.045340
2.018734 -2.129905
5.877102 1.795793
10.795532 0.020718
0.133108 3.530589
7.809905 -0.892739
11.440990 3.964923
1.993238 -1.931930
8.475677 0.327679
11.016447 -2.015600
2.733727 -2.748160
10.129961 -0.609703
10.228580 -3.739811
2.832003 -0.034332
11.803003 -1.308136
11.464350 2.048444
2.061689 3.185396
13.179979 -0.115629
11.228974 1.204046
1.756397 2.866939
16.304337 -1.584110
9.426044 -1.513088
1.405682 2.625065
17.061502 0.891602
11.740020 1.263485
4.535098 1.000001
17.809132 -1.225389
11.326279 -1.602077
5.267561 -1.560881
2.060843 -1.134006
10.119279 0.977144
2.386852 1.293159
2.501131 2.746013
11.036081 -1.129313
3.723736 -0.790331
4.876618 3.528068
13.246236 -1.163267
4.328389 -0.593388
8.006534 -1.832072
11.383356 -2.094533
3.806310 1.069056
8.183935 -0.532003
11.642180 0.028861
4.214368 -3.492025
11.282976 -0.006165
10.908764 -0.580980
4.039870 0.289376
12.958941 -1.794681
11.035685 2.345765
3.183139 0.688155
14.706882 2.716603
10.495624 2.244811
3.084661 1.347907
17.372728 1.873588
9.299568 0.614652
5.536817 2.367455
2.181404 3.076749
11.711460 2.034559
5.145135 2.426680
3.916625 -0.476417
10.128806 0.203362
5.415944 -0.727154
4.857452 2.448181
10.413568 1.966559
4.440254 3.297792
6.594311 -0.199649
13.402086 -0.204896
6.519693 1.943946
6.988982 -1.250030
11.531601 2.889709
5.102349 -0.982947
9.493467 -1.923551
12.846957 0.731953
5.606271 0.189775
10.785125 -3.537733
9.364355 -1.873514
4.082256 1.253660
14.011082 0.776907
10.213654 1.305993
4.649744 -0.690650
15.546694 -1.226095
10.519786 0.020260
6.061438 1.407035
0.496858 2.657121
11.304295 3.189029
7.367438 1.855070
1.625653 2.254637
8.901549 2.239329
6.753788 -0.766922
4.064964 -2.756911
10.550498 1.129080
7.170935 -1.338298
5.052420 2.653406
12.052847 1.882673
5.509360 2.715103
5.663282 -1.938218
11.809998 0.572338
5.628834 -2.642086
7.561550 0.273944
11.602955 3.086277
7.017213 1.421170
10.241322 2.406296
8.476591 -2.545189
5.657143 -0.013314
10.845119 1.361474
10.351613 -0.929532
5.662748 2.197180
13.433575 0.915302
10.749175 -0.139306
6.639773 0.035083
15.036479 -2.475610
9.604197 -1.665773
6.671976 2.056494
16.610922 0.620203
10.703994 0.214452
9.258544 -0.911608
1.576800 -3.035977
10.779659 -1.238907
8.418322 -0.213254
3.522097 3.597757
7.612077 2.326776
8.649993 -0.759262
5.274762 -1.265399
10.077670 -1.099292
8.288886 -2.830616
6.457554 -2.144725
11.045300 -1.961832
7.088137 -0.007532
8.250341 -0.949052
11.384829 -2.338037
8.870103 2.282257
11.022665 0.474669
9.998878 0.060443
7.467070 1.122972
11.386554 -3.547906
10.344773 -0.926038
7.614446 1.663954
13.135287 2.074646
10.914913 0.270750
8.416208 1.274722
14.564991 3.861143
9.960215 -2.614130
7.898685 0.605216
0.311493 2.676153
4.792268 1.155417
9.932841 0.423057
1.653895 -3.494092
7.961770 -1.563583
8.469490 1.231661
3.117588 -0.197106
4.161910 -2.122677
11.350149 -1.614900
3.892048 0.014657
4.964779 1.576702
10.075459 2.109800
7.468930 -2.920491
3.228732 0.496789
10.775479 3.103776
7.142621 -1.147634
3.452606 -2.429883
11.915106 0.561738
10.805612 3.472125
3.908026 -2.835775
10.335308 0.349733
11.931454 1.195599
6.216229 -0.322186
8.870585 -2.945980
13.426702 -1.272616
4.022051 3.176006
10.894590 -0.909280
14.652575 0.585886
2.841656 0.536177
10.660626 -3.049876
16.495298 -0.804199
1.225106 0.491144
11.470428 -2.195362
1.201834 -0.036722
1.911026 -3.458173
12.882802 1.946437
2.329819 0.545607
2.228300 -2.245239
13.355062 -3.390774
4.398865 -0.269165
1.456087 0.803225
11.124738 0.354724
7.075859 -0.282312
0.832495 3.174350
12.337260 1.511923
8.518122 -0.283857
1.620934 0.686331
12.402105 2.777439
10.372022 0.862135
2.874275 0.750036
11.276471 -2.566787
13.109649 -2.338042
2.429622 2.143755
13.074432 -1.364197
12.340577 1.002070
1.319489 -1.515057
11.651092 2.429329
16.852345 -1.816412
2.970153 -1.306473
11.534485 -2.315082
0.522249 -1.756775
3.421216 1.339349
13.343925 3.098723
1.218572 -1.287327
0.994620 -0.397592
14.490550 -0.854463
3.400508 -3.829485
1.785648 4.172563
15.119393 -0.211120
5.289811 -1.645534
0.465055 3.820870
13.578505 0.640465
7.180751 -1.353191
1.287606 0.747070
16.387806 -0.290377
7.958582 3.322036
2.432054 -2.858772
15.411981 -2.099431
9.145741 0.970998
1.562578 -0.065249
14.419621 1.445771
10.690743 -1.744295
1.356219 -1.672022
13.007040 -0.286791
15.487072 -2.098332
1.984428 4.094403
13.101469 0.814308
17.791288 0.307403
0.786161 1.850321
14.205846 -2.473216
1.301776 1.487413
3.377509 -2.460276
16.549635 -0.352225
2.047944 -2.440046
0.836334 -2.186365
0.195077 -0.863349
4.215824 -0.751507
3.315154 -0.019975
16.177652 -1.519846
5.344246 -3.504430
1.018762 0.447136
0.289420 -1.372087
7.397359 -1.084563
2.242536 -0.486174
16.978500 -0.430661
10.111666 -3.063519
0.216405 -0.387510
16.003866 -1.103418
9.570564 -0.200963
2.739812 2.287778
14.951413 -0.340847
12.337305 2.900831
0.965764 -0.500984
14.622731 -0.903835
12.568113 2.801830
3.537658 -3.788067
16.082197 -0.272159
17.312090 -0.175768
2.347230 -2.263507
15.009882 2.620824
0.621468 0.179463
5.264508 1.064519
17.304750 -3.452157
1.898520 0.022250
5.684161 -1.216916
0.199160 2.509978
3.897971 -1.594852
3.073520 2.094375
0.223923 1.982146
6.347073 0.012254
2.775607 -1.907453
17.667498 3.659154
8.209865 1.654018
2.895574 -1.344211
0.672027 -0.666888
11.583546 2.915908
4.524338 0.100467
16.806877 -1.721879
12.003222 3.148707
5.694328 -2.596220
0.337795 -0.280953
13.369937 -2.202998
6.429899 0.083318
16.903587 -4.372343
16.138159 -1.013703
4.656674 2.092821
17.456453 1.708486
16.473330 -0.507508
2.962056 0.399724
0.946887 1.934100
1.377148 -0.467195
7.966189 0.078013
0.612612 -2.712127
0.643522 0.693574
8.649061 -0.199302
2.492786 -1.953385
3.953138 -0.939407
12.185623 -0.723762
2.233629 -3.815088
5.140351 1.069664
13.999470 -1.042958
2.419051 -1.401599
4.924577 0.612732
12.794827 2.446552
0.687081 0.058152
8.480538 1.930252
12.974903 -1.607279
1.587005 1.375570
10.084197 2.908427
12.377255 2.131172
2.527151 -0.500870
11.561321 -2.276368
10.634022 -3.119075
1.240695 -0.561415
14.590938 -2.067023
13.714019 1.917294
2.486054 -2.374155
16.418392 0.044110
12.302303 -1.580452
2.433881 -1.870916
17.756527 -1.979093
13.016713 3.233185
4.497970 -0.236494
2.634023 -0.015636
11.817759 -2.088236
2.894309 0.116852
3.290326 1.715197
13.056963 1.701731
3.949801 0.949451
4.630072 -0.108234
14.295923 -1.212826
3.018608 1.043649
6.710934 1.178072
14.624800 3.494922
5.605462 -0.123062
8.104395 0.966258
12.656081 2.105834
3.450663 -1.188584
9.718036 -1.506855
13.857840 2.829301
3.515929 0.941562
11.268491 -0.213829
13.462074 -2.629904
2.259118 0.199994
13.207231 0.290522
13.344413 2.628102
3.694348 -1.664502
14.524591 -1.083256
12.197653 1.942777
3.719139 -0.345043
16.152460 2.432144
12.776677 -2.748842
5.655615 -0.574761
0.972108 1.169441
14.774794 -0.270173
4.528762 1.675186
3.694779 2.789428
12.341899 1.058880
3.687371 -2.597534
6.437124 1.491840
13.893052 -0.118681
4.900717 -1.620086
6.086365 2.095999
14.582940 -0.780175
7.283634 -3.745573
8.925602 -1.543865
12.947053 0.358919
6.120298 -0.949681
9.014221 2.914597
14.497164 -2.766684
5.125920 1.773737
11.947886 0.656121
12.903352 -1.666825
4.040504 -1.972771
12.718089 -0.352035
11.845828 -0.810020
4.974502 3.933049
14.523845 0.095030
11.923874 -0.270406
7.149161 -0.528818
17.676395 -0.744472
13.446830 -1.801768
7.289821 1.340378
1.175444 1.760908
10.588966 -0.678009
6.484288 -2.973164
3.315250 -1.226996
12.236296 2.127861
7.427807 -3.378440
4.430745 -0.698806
13.873981 1.700610
7.491604 -0.313552
5.442106 -2.096906
12.774942 -1.795984
7.822129 -0.733777
8.209109 0.509414
16.505058 -2.771451
5.911890 -2.243575
11.241478 -0.416166
14.625347 -0.967168
6.130693 -0.062336
10.364309 3.441902
12.049500 2.756227
5.741539 -0.256063
12.520171 -1.907038
13.321861 -0.895573
5.249341 0.573155
15.538674 -2.546953
12.227808 -0.158772
8.758267 3.080567
0.591234 -0.415846
14.873738 1.716752
8.056903 0.484093
0.130805 -1.006534
12.473183 1.274104
8.540540 2.699715
2.538394 -2.201908
11.154702 0.522006
9.248150 2.484250
5.228801 1.231161
11.947438 0.761202
7.419394 3.999725
6.332250 -0.108002
11.449401 -0.400261
8.693501 -0.142409
9.257264 -3.604517
13.248771 -1.995126
9.036351 -2.011820
11.864701 1.280374
11.843721 -0.941027
7.547120 -1.946283
12.116990 -2.482926
13.054743 2.082895
8.408516 2.221498
13.712486 -0.527582
12.540187 -1.668170
7.669921 0.306877
15.652206 2.574348
10.918546 -0.685848
8.201085 1.859690
16.500008 -1.254148
7.846799 -0.054474
11.759687 1.667983
17.734426 -2.121766
9.949828 0.183475
10.491412 -0.122255
4.305981 -2.765116
6.500840 -0.688865
9.198503 -3.510847
6.714537 0.811517
4.378941 0.342752
12.190265 3.173223
7.513302 1.877728
4.302534 -3.077356
10.975960 2.128123
9.106725 0.355061
6.500260 -3.401204
8.442594 0.309848
10.404828 0.506290
9.623743 -1.191943
9.063998 2.681096
12.092332 1.950905
7.241242 0.366410
10.488648 -0.699433
13.891143 -1.150336
5.794015 -3.865248
9.813151 1.129887
15.057342 -0.112518
6.651080 2.451051
10.706648 -1.909656
16.645666 2.003063
5.746397 -2.867314
10.707846 3.275538
3.106723 0.371689
4.494348 2.572597
11.792505 0.689056
1.822750 2.673554
4.989286 0.662997
12.603110 -0.184782
5.522437 -0.727526
3.521738 2.083795
13.854762 1.082334
6.007220 2.863166
2.456875 0.490835
12.821728 -1.691545
7.205345 1.893388
5.409377 -3.220145
11.358111 -1.058594
10.814723 1.672051
4.503138 0.879418
12.238575 -0.530012
12.411409 -0.188876
1.897280 0.770013
11.242323 -0.343528
14.906320 1.850475
4.563712 0.702291
10.640062 -2.580874
17.764414 1.349072
4.712401 -1.668618
12.629309 0.840330
17.854149 2.385410
5.188444 -0.133783
13.571898 -2.671970
1.751333 -2.236745
2.316572 -0.113459
16.235477 0.621250
3.612898 -0.732912
3.542551 -2.385864
14.690749 0.256122
4.276182 -3.309013
3.193565 0.714363
16.241419 -0.753129
7.165781 -4.550142
1.974097 -2.863957
14.757540 -2.097999
7.162157 0.939338
3.399463 0.015015
15.844393 1.689735
10.809466 -3.235964
3.310199 -1.237651
13.768731 2.187634
10.786493 -0.666010
3.614195 3.029757
14.207356 -0.662095
15.359056 -0.885090
5.100454 2.816447
13.597575 1.729050
16.023973 -1.953748
3.777595 0.956763
14.099899 -1.370740
17.333172 0.809013
4.227172 -2.830292
15.228976 2.110144
1.224698 -1.094689
4.272837 -3.068461
16.622339 0.330544
3.741217 1.958560
5.828150 -3.029512
16.150494 2.836436
4.825266 -1.142162
4.553739 3.947413
17.322271 -0.809330
7.388880 -1.073163
4.219303 -1.294648
17.781935 -0.546556
10.449462 2.737858
5.936279 0.625371
0.763961 1.660123
10.583468 2.638100
5.913146 0.661093
15.849031 -3.172030
13.013630 0.062765
2.019689 1.789368
14.458675 0.025649
14.405252 0.400001
5.120927 -0.421100
15.499196 1.094089
16.150240 -0.985812
4.038160 0.225085
17.681196 0.063890
0.469349 -3.792259
9.348211 -2.179061
17.271679 -1.502618
17.421177 -0.505907
8.377233 -3.569825
1.568026 2.198375
2.334376 -0.406543
8.775602 -0.303828
0.674943 -0.593956
4.936396 1.906631
12.484550 0.471186
1.806237 -0.653658
6.939028 1.191900
4.473204 1.061753
0.714604 3.503890
8.789493 0.359921
10.720201 -0.574532
0.537622 1.335262
9.552963 1.133557
7.306370 0.893825
0.415862 -1.453507
9.269884 -3.549962
7.416742 -2.623225
17.026503 -1.717388
13.596981 1.040694
8.227593 -0.675869
16.867691 0.525267
15.339672 -2.064137
10.021165 2.757092
17.875231 -0.006359
15.845173 1.672171
8.925226 1.867532
2.420792 2.224743
0.835063 -0.483374
9.782868 2.071446
0.638291 -1.413832
3.341033 -0.150125
10.416555 2.692452
1.941116 -1.178354
4.545789 -0.054556
15.722726 -1.972744
1.913405 -2.497766
7.913051 2.334923
14.531334 -0.539168
0.858549 2.008579
8.963862 -2.934315
9.063365 -2.087026
17.565872 -0.596214
10.106694 -2.299293
9.509809 2.574460
0.876896 -0.752598
12.374716 1.462298
14.722421 -0.559194
0.750802 3.018568
13.358195 0.643964
12.638850 2.808541
1.808668 2.217230
14.866188 -0.820149
11.130085 -2.060679
0.185221 -0.726698
17.470903 -2.934705
14.926652 -1.692431
4.227779 -1.881881
1.748761 -2.039497
13.854292 2.917640
2.810958 0.851165
3.072777 -1.187140
15.370723 2.784530
3.908140 0.614999
5.349762 -1.751581
15.822864 2.018478
4.993052 1.397615
6.768650 1.566678
13.550124 3.385728
2.470462 -0.033353
8.325667 -0.109740
14.716357 -2.432204
2.694374 -0.418583
9.770952 -2.952793
14.724664 -1.832484
1.958461 -0.737489
11.615620 -0.105083
14.863791 -0.748467
3.440560 -0.299894
12.978943 -2.051424
14.824381 -1.074556
2.345095 -0.037535
14.726567 -3.550600
13.267731 -1.328066
3.561975 -2.202756
0.962926 1.702086
14.333611 1.523232
5.839065 0.000273
2.383568 3.482843
15.959671 2.231490
6.312126 -2.732078
3.228241 -1.701854
13.499608 -1.777762
5.858742 -1.834341
4.321583 2.078022
15.242752 1.174655
6.862155 -0.721956
6.751403 -0.632404
16.102724 0.553727
5.293491 -2.570882
9.439071 -3.456608
14.200411 -2.850963
4.497123 1.930736
9.642043 -0.838377
15.618668 -0.709445
4.031178 -3.679801
10.854227 -0.948995
13.671116 2.598345
5.810530 -1.859670
13.512943 -0.445484
13.711513 -1.804859
4.595781 -0.473738
17.322336 3.667827
11.626325 -0.384848
5.752141 -1.240575
16.461712 -1.723564
15.362817 -0.187019
7.361959 2.450071
1.732941 -1.504589
12.489221 -0.735901
6.601871 -2.421129
2.837057 2.616479
13.336809 0.766323
8.971951 -2.170776
4.055515 -0.637103
14.137982 1.456108
8.982285 0.396612
8.953034 -3.048617
13.179966 -0.783164
7.802157 -1.600250
10.269930 2.892056
16.097450 1.803014
7.415891 -0.203009
10.000840 2.444934
13.525861 2.670787
7.057106 1.254784
12.046848 -2.395182
14.067412 -1.851833
6.817092 -0.886323
15.028162 -3.302569
15.165771 -2.889848
5.640785 0.275599
16.164165 -0.628230
13.746946 -2.302958
6.659516 -3.090599
17.023306 -1.653066
10.546741 -0.468290
11.077006 2.937182
2.266622 1.290957
13.946644 2.531281
9.049463 1.267772
1.529366 -0.391928
9.278949 -0.570453
8.645309 2.359796
4.641536 0.299960
8.417316 -1.351649
8.928380 1.232303
6.992710 -1.059748
8.862779 -1.535199
10.128155 0.971101
9.336144 0.980222
6.345119 -1.242377
9.861500 0.020328
11.888450 -0.937258
11.470214 2.768687
9.340254 0.263444
13.001261 -0.308511
9.315666 -2.744110
9.502199 2.020744
13.892900 0.693683
11.065340 -0.903109
10.695348 1.861407
14.262489 -2.247663
10.270073 -0.706066
9.714739 0.803688
17.555204 0.541475
7.797065 -2.973817
10.194869 -1.879246
3.922144 -0.656773
6.354775 -0.954372
11.484130 -1.162754
4.567787 1.724134
6.094080 -0.078306
11.499645 -1.434075
6.686319 -0.075681
7.498140 0.505113
10.386853 -1.400219
7.805854 0.745852
6.962787 1.030619
10.638275 -2.422201
10.035988 -0.662325
4.094764 0.581643
13.018723 0.850396
9.208308 3.232593
6.691765 1.839332
11.730852 2.361231
12.129404 2.031216
5.498744 1.110088
10.928304 -3.466472
13.383663 3.200974
10.392405 1.861543
10.029647 -2.830661
15.766481 2.408413
4.932036 1.025414
11.434362 2.213477
16.177410 1.554375
6.214788 -0.194512
11.259162 -1.192562
0.625854 -2.730500
5.526615 -2.743942
13.042647 0.442372
3.672743 -1.007422
3.717672 -1.127468
13.082763 -0.876269
3.115245 -0.664851
5.369078 -2.078272
13.849141 2.439414
6.972813 0.481052
3.949690 -1.939779
14.633433 -2.657707
7.993841 0.860027
2.326602 -0.398368
13.580770 2.752033
9.047921 -0.304429
5.848163 1.195463
13.459495 0.844093
12.776422 -3.358939
2.991449 2.983608
12.644092 0.671485
14.414280 -0.954176
3.155695 -1.818352
12.508949 0.332620
16.358107 1.470221
6.499517 -0.479500
12.605487 0.969896
16.794409 2.805364
6.164511 -0.571178
15.490735 -0.089380
1.637701 3.715180
2.918470 1.805914
14.673153 2.161977
2.486370 -2.083877
5.151443 -3.230631
14.371368 -0.495972
4.978157 -2.403126
3.993480 -2.673452
16.527155 0.134253
9.017329 -0.428356
4.722425 -1.866059
14.944854 -0.742326
9.711108 2.068909
5.163205 0.911880
13.242105 -1.435180
10.766243 2.170402
3.976498 3.112394
13.835342 -1.613272
13.276402 0.494207
5.260192 -1.185175
14.746434 -1.493224
14.423106 -1.957217
6.757805 1.973654
13.621632 0.473238
14.823426 -2.211391
5.549722 -0.880714
14.421314 0.017697
17.767036 -3.387945
5.560902 0.246173
16.324932 2.400197
0.050474 1.886898
6.479350 0.221188
16.556562 -0.696309
3.263072 -2.172668
7.165396 2.924654
17.359436 -0.956919
5.009901 -0.627567
4.678707 -0.613912
15.549688 2.008086
6.320935 2.680392
6.380324 -4.313569
14.565925 0.040962
11.286844 -1.164806
5.641192 -0.255395
16.224710 -1.446166
10.692233 -1.776980
4.695004 0.346990
14.828619 -0.863878
11.801064 -3.098942
3.482923 0.532386
16.079367 0.323382
15.332875 2.957897
6.794415 2.321836
14.793819 1.425666
16.374598 0.683093
7.478204 -1.746565
16.875921 0.374749
17.600065 -0.600003
10.887765 2.125522
1.599991 0.237687
0.726994 -2.829390
9.557462 3.147082
0.333721 1.041618
1.242710 2.754473
8.007562 -1.809865
17.840937 2.127025
3.196642 -1.643379
6.141547 -0.430933
16.880007 -2.736925
6.503783 -1.351754
5.706078 2.496345
17.209951 0.781385
9.207734 0.346039
6.554945 -2.889053
15.258133 -0.826887
9.486575 -0.150743
7.484559 -0.684352
16.726627 0.987129
10.516126 -2.646692
7.500779 2.755090
15.845814 -2.195234
12.093157 -0.173635
7.020942 1.468145
15.562264 3.229999
14.776532 0.857261
8.674255 -1.426563
15.581317 -0.644845
16.757776 -1.166519
11.425220 -3.355947
3.388603 -1.125711
1.431788 0.301099
11.397191 2.547541
0.896798 -0.658998
2.438376 2.168369
11.419869 1.926570
0.308784 2.536415
4.333936 0.466406
17.038839 -0.109145
0.659680 -1.542954
6.985518 -3.768148
16.949896 1.886706
0.701201 -0.883495
8.854838 -0.645015
15.967836 1.450033
1.135668 0.963124
10.288410 2.276628
16.585608 0.826634
2.589216 -0.190497
11.411673 4.000165
15.918789 2.016919
0.796750 0.924296
14.934389 -2.033698
12.752666 2.234641
0.842051 -2.199216
16.879747 -2.090413
12.623716 2.538445
2.065317 1.197054
1.781713 1.845686
16.675196 1.737877
3.604965 -2.960047
1.197929 1.167880
16.591707 -1.921184
4.453940 2.157519
2.938054 -2.618067
17.100672 -2.872269
3.220386 -0.978917
4.660446 1.736826
16.592869 0.375595
3.187800 0.974246
6.618495 1.887257
15.293112 -3.964298
3.785806 0.354034
8.235203 0.559904
17.198595 -2.202131
4.467641 1.302923
8.144032 -1.971633
16.590521 1.504707
2.872026 3.157227
9.503961 0.876336
16.447752 -2.755621
3.354868 1.794510
14.224838 -0.006667
16.766708 -0.127889
4.327680 1.912392
15.764934 -2.625869
14.910096 -1.427822
3.239157 -2.381586
17.851252 -1.975584
16.302549 -0.848951
5.707783 3.463583
1.510824 -0.273603
0.119525 0.879260
5.869444 -0.124127
2.785438 0.936994
16.966986 -1.454744
5.120960 0.475815
4.757952 3.031265
0.578900 -1.476833
3.792004 1.743761
5.921327 2.291273
16.710655 -3.577027
6.409128 -1.343136
7.877242 -0.486744
17.875494 -0.784312
5.831863 -1.290220
9.479334 0.249848
17.870083 1.170793
6.271151 0.764349
12.608994 -3.260758
15.108244 -1.390603
4.890320 -0.025046
14.382550 3.811364
14.794906 -1.149885
3.948587 0.417954
15.899034 -0.294037
14.715759 -0.544037
5.894816 1.211245
0.514312 1.053929
0.714822 0.730387
7.961067 -1.993422
2.665402 0.176870
14.143016 1.584437
7.401782 1.424999
3.258153 0.755534
15.158306 0.693189
5.964328 2.310617
5.095179 -1.475416
17.715155 -1.981168
5.328082 1.628577
6.589440 0.167937
16.100361 -0.683603
8.195619 2.150723
8.251810 -2.461189
0.013240 -2.447954
7.472326 -1.624380
10.982388 -3.166255
15.743707 0.474259
5.980060 -1.778262
13.012007 -1.850420
15.960073 -1.039172
6.731774 0.756611
14.753411 3.048872
17.332809 2.865049
6.089382 -1.681350
16.131227 0.273027
16.355694 2.364477
6.633609 2.536646
17.673021 -0.816115
16.796669 0.864131
8.565976 2.431529
17.673615 2.785038
15.845726 1.544049
9.260223 -2.714774
1.339282 -2.800591
12.813190 1.751735
9.098002 0.439848
6.023783 2.344527
14.236448 1.779375
8.395845 1.987324
7.107378 0.987501
15.741018 0.816715
9.893719 0.254602
9.521787 -2.879578
12.808088 -1.910867
9.781968 -0.586224
10.056640 3.268594
15.270017 2.860411
7.327693 -0.627565
11.712613 2.887426
13.101315 0.831065
10.440805 0.386123
13.308031 1.440913
17.143511 0.354905
7.924695 -0.536252
15.903262 2.845448
15.260509 -3.276847
7.604843 -0.884102
16.241863 -0.085009
12.256535 -3.032547
10.434372 -0.670796
1.368475 1.238407
11.334061 0.749053
11.261101 -4.038259
5.092574 -0.305841
7.494178 0.771860
10.501381 -3.152875
5.740541 2.143528
5.865057 -1.513674
11.669256 2.581816
8.756747 -1.875890
8.239490 0.545656
9.411627 2.935580
10.970478 0.655695
10.181306 2.193509
10.132500 1.170872
10.573997 1.964833
8.376878 0.397482
10.536313 -1.586929
12.479938 -2.614167
9.283894 0.600965
11.490142 -0.029412
14.319109 3.261465
8.189988 -1.568763
10.362583 -3.559774
15.453364 0.437050
9.180271 0.061810
10.993845 -3.133003
0.999656 0.067511
6.345114 -0.894069
12.061167 -1.349893
2.137471 -2.330910
7.331129 1.019557
12.631227 0.598105
3.570816 2.768327
7.054586 -0.267482
12.978141 2.276263
7.622303 1.994022
5.919178 0.183979
13.548063 -1.545697
8.864098 0.936811
6.859653 -2.395134
12.669011 1.363992
10.327133 2.403982
8.542380 1.398396
11.538295 -0.413033
10.771680 3.427914
9.230350 -0.352651
12.253604 2.170799
12.364135 -2.246889
5.009479 1.476667
12.703350 0.859034
14.306769 -1.775474
6.393538 -1.555942
11.653607 0.799123
14.972545 2.758051
6.748690 2.087579
13.216312 1.501456
0.560267 -0.944973
8.676270 -1.209074
14.148708 3.040564
1.257311 1.035831
4.999537 -3.429995
14.995696 0.062479
2.997715 1.455642
6.897194 2.086216
12.995633 0.139563
5.631376 -1.645680
6.802067 2.697516
14.855828 -2.332443
5.829530 0.387688
7.203343 0.518903
14.915086 -1.436907
7.626840 2.299182
8.016541 -1.923055
13.694335 -3.064682
9.105034 -0.193227
7.790861 -2.114724
13.303920 0.066881
11.824828 -1.328452
7.434595 -1.367151
14.441041 -3.838399
13.250374 -0.446050
9.126063 2.313053
13.512698 -0.154224
13.778022 -1.306684
8.099009 -1.192288
13.587697 -0.267835
17.141249 0.253410
8.096949 3.083132
15.375217 -0.883143
2.608265 -1.322277
6.677009 1.111876
14.698266 2.760885
3.840423 2.639917
9.784868 0.834705
15.416329 1.069289
5.656106 1.792337
5.559477 -0.879715
15.735724 -1.796389
7.965843 0.454849
9.755411 -2.230687
14.369099 1.356727
9.103062 -0.676283
8.080457 0.547036
14.807132 0.376750
10.622133 0.408262
9.252666 -1.206094
14.595077 2.250651
12.182346 1.816593
8.570171 -1.913301
14.407274 -0.295037
15.347261 1.225613
10.718575 -1.509094
14.672676 -2.503261
16.236746 2.367932
7.355562 1.105104
15.024235 -3.251165
0.270965 -1.344484
7.318597 1.988079
17.031677 -0.883282
1.596686 -0.057812
9.413954 -2.573784
16.865244 2.593684
2.510966 -0.990363
9.704969 0.971081
17.022490 -1.938613
4.524995 3.767622
9.593583 -1.828557
17.346338 3.286447
6.412625 -0.899874
7.745101 -0.574590
0.251576 2.857022
6.594382 -2.949927
9.764543 -3.350729
15.694302 -0.935487
10.703664 -1.131924
8.784737 1.693975
17.122885 3.997840
12.012239 -1.448081
11.159204 -0.014041
0.165665 -2.084095
13.196772 2.616137
9.883269 -1.679829
16.153109 1.422987
15.363457 0.895923
11.464095 1.811485
16.351427 1.978232
16.352283 -1.658075
12.746696 2.263889
17.355696 0.853109
2.452049 -3.087589
13.069627 -1.754200
17.119011 -2.896388
4.348133 0.135714
15.625872 1.815983
1.867318 0.504916
5.777320 -2.945438
17.675098 -3.522558
2.455648 -2.137490
8.031405 -0.012262
2.634737 1.355858
2.956151 -3.363118
9.030173 -0.880598
15.587008 2.331490
17.286823 0.923505
9.664374 2.315717
0.390753 2.648723
3.007783 1.349216
11.422625 -2.253438
17.843939 -2.457897
2.787405 1.969482
13.131788 0.826659
12.513848 -0.889369
16.564457 2.091560
0.059986 -3.006089
14.133279 1.639868
17.619747 -3.008453
17.573198 -1.172827
0.260673 -1.182527
2.467027 -1.077665
1.044982 -0.003259
0.606277 4.431137
4.179622 0.221017
1.753215 0.168405
2.136052 0.804416
3.498944 -0.330663
3.123828 -0.456331
1.004590 -2.805696
2.469221 2.080842
4.553624 -0.125760
1.298524 0.539823
4.246477 -3.053588
7.859267 1.398731
0.696400 1.244534
3.487263 -1.766296
9.495616 3.076806
1.986285 -1.679699
3.950814 2.864780
11.345560 -1.166043
16.634077 3.508691
4.248027 1.394678
12.544149 0.775248
0.725560 0.404142
3.959632 -2.664835
14.597892 2.273490
16.060619 -1.351752
2.542431 -2.748306
16.113352 -0.091948
1.364947 -1.361739
6.076420 -2.286438
1.287915 2.671274
0.412596 -0.443020
4.028183 -1.999718
3.665087 -0.528477
0.958730 0.002761
5.569017 2.543296
4.780579 0.268724
2.187248 1.084353
5.299955 -2.555984
6.339066 1.640219
1.620723 -0.265808
6.851285 -1.460482
9.684674 -2.896688
17.457819 -2.817453
4.436905 2.023945
10.683570 1.765425
3.004208 -0.677917
5.433426 0.143172
11.933401 2.558695
17.252310 0.689015
5.271194 -2.125883
14.103760 1.799608
16.117214 -0.023545
4.679574 -0.528442
17.614586 4.167044
17.809347 0.966789
5.174660 -0.132637
0.200281 -4.094573
17.529114 -2.139827
7.285110 -0.820751
1.280957 2.208879
2.171266 0.703136
5.594449 0.065051
3.247998 -4.018534
17.533255 0.742319
7.007030 -3.626852
4.182021 0.233239
0.929755 3.265086
6.221003 -0.621760
7.975049 2.862439
17.788980 -1.552489
7.614184 2.598047
9.025564 -0.999439
3.409215 2.385647
6.347536 -0.904873
10.175758 1.181734
1.006323 1.747740
5.618604 -1.196728
11.200557 -1.114810
1.762554 -0.896393
6.171651 1.871735
13.051752 -0.623127
1.088018 0.923727
5.816654 -3.145022
14.778352 -0.422018
0.541893 -2.082593
6.849955 0.453034
17.501844 1.141075
13.550066 3.720798
10.363750 -0.472066
2.707120 2.204394
0.280976 -2.249954
9.346447 1.337313
3.771615 -1.230140
16.553732 2.939954
8.129134 -2.088905
2.854582 -0.851758
16.859827 2.449735
6.961114 2.296376
5.857431 -1.066287
17.625839 1.115908
8.194847 -2.350616
7.203825 -0.993932
1.559959 1.631058
8.732596 -0.159730
9.937723 0.556804
0.833695 -0.013771
8.298768 0.463628
12.987181 -3.407880
17.771736 -1.547070
7.105190 2.284023
14.312477 1.019379
1.128547 -2.504429
7.282059 -1.630542
15.855094 -1.056366
0.785867 1.598522
8.653681 -3.012013
17.286968 -1.162392
10.847061 3.500655
11.272960 0.831778
0.247572 -1.060775
11.709822 0.016483
10.020163 -0.362087
3.517507 3.766639
8.604178 -0.676861
12.020694 1.173673
4.886260 1.645336
9.358108 1.377602
10.061474 -0.681886
5.937159 0.265824
9.880641 -2.095430
9.218922 2.178007
8.120522 -1.648108
14.642306 -0.929622
8.823506 1.304290
10.769300 -3.735929
10.208078 -3.368026
10.729714 1.681401
12.524676 -2.181240
12.113626 -1.176605
6.850574 0.658855
13.903078 -0.317205
12.369464 0.350932
9.603042 1.235445
14.998627 1.650507
11.934998 -0.439194
9.853222 1.596888
16.898104 0.041780
10.038090 0.977226
12.805892 -1.613210
1.670465 -3.067448
8.791068 1.323497
11.524463 -3.026507
3.020099 1.436173
8.259874 -2.545891
14.141418 -1.518140
4.647078 -1.303156
8.208876 1.734963
11.939508 -0.533623
6.696396 -0.021116
7.911709 2.724638
11.799859 1.715071
8.858788 -1.330579
11.085162 -0.618640
10.640805 2.420934
9.014507 -2.067559
10.871711 1.156577
12.077215 3.280536
11.012308 -0.249045
7.621571 2.144878
12.409120 0.695164
13.602365 3.305161
8.049575 -2.166489
12.417722 1.701371
15.542774 0.039379
9.445819 -1.346108
11.279694 0.274269
16.550261 -3.543175
10.234891 -3.012698
15.292830 -0.849204
1.847992 0.368443
6.955918 2.214377
13.935906 -2.355689
2.252346 1.462639
7.980205 -0.035835
16.170362 -0.298984
6.274962 1.547113
8.569064 1.512309
13.831518 -1.968213
6.367034 0.921099
9.229404 -2.132204
12.885770 -3.680837
7.933843 -0.201413
9.821066 -1.023215
11.831724 2.588249
9.345613 -2.347667
9.284046 -3.776151
13.241915 -0.828405
10.563367 0.469658
10.799055 -3.347274
12.505123 1.628881
14.477846 -1.556016
9.803288 -1.493195
13.124240 2.185820
15.997860 0.263586
9.414570 2.229920
12.672943 1.896119
0.021236 0.478823
8.760131 1.243024
16.061537 -1.950480
0.796923 -1.183226
8.057201 0.570273
16.133209 -1.172949
4.216041 1.427252
11.130918 -0.610063
16.713564 3.693952
3.238537 -0.371806
7.145682 -0.228793
16.765558 -1.678857
8.064365 1.713921
11.718893 -0.700179
15.945056 -0.288340
10.554398 -2.944513
10.976910 -0.593289
14.180880 -2.893325
10.931199 2.379852
10.260140 2.875843
16.138508 0.580169
12.779850 -2.856815
8.749158 0.340384
15.681824 2.847101
13.765574 -0.236954
12.549290 2.874657
15.095794 -1.112858
15.147524 -2.380045
9.853937 3.044529
14.382178 0.448589
17.762506 1.017444
12.643514 -1.318612
0.474757 -1.605513
0.833770 3.546712
11.089447 -0.387133
17.252127 -2.380708
1.445637 1.879755
12.878106 -2.851867
1.229681 2.437943
3.635761 2.811485
10.989485 -1.159674
0.855180 -0.607949
6.015831 -2.975595
8.362449 1.740143
15.905006 -1.849106
9.106573 0.499409
10.618913 0.191242
17.320608 1.397801
11.277550 -1.960807
11.203989 2.407701
1.161296 -0.207022
11.476149 1.110085
12.958641 0.853843
0.105056 2.843935
13.903203 1.382817
11.908283 0.802752
0.105468 1.666974
15.403988 -2.614763
10.655951 0.579757
16.074257 3.061778
0.105971 1.944231
13.987594 0.113833
1.641813 -2.270152
0.507612 -1.074564
15.587703 -2.525062
2.532512 2.134895
3.712306 2.258704
17.812918 2.630749
1.940189 1.342687
6.064600 1.762543
2.996800 -0.978151
3.627994 -0.295293
7.177314 2.348038
4.491846 -0.305053
2.604132 -0.939787
8.254693 2.286605
1.923144 -0.309151
2.148854 -3.077684
10.641198 -0.068671
1.999568 -2.499302
3.277328 1.757313
13.002333 -0.186361
1.370335 -0.615182
2.057399 1.602183
14.252318 -2.841099
17.691359 -1.752049
2.342846 -0.453568
15.203378 1.616224
16.395460 -0.199765
2.177382 3.673811
0.173258 1.497706
3.676957 2.408868
2.646389 -1.437200
0.617142 -2.223455
2.050375 -0.574099
2.513597 1.512964
1.549322 -3.308848
3.654172 0.321378
2.563165 -1.869495
2.438461 2.536305
4.480766 1.428310
3.196799 0.255821
6.165000 -1.705697
4.052427 -2.669324
5.258195 -1.050369
6.704233 -1.085983
3.840753 -2.090827
4.500984 -1.088987
8.746036 0.429344
3.737328 2.294521
4.161685 -0.935267
10.669022 1.380627
0.680720 2.753727
4.492159 1.617139
12.677950 0.914344
3.182858 3.380986
3.085675 -0.896050
14.521552 1.098837
17.463202 1.831929
3.493900 -3.179464
17.255121 -1.042993
2.551295 -1.122560
4.260740 -1.729654
1.442003 -2.750337
5.191842 1.201641
3.329002 -2.658728
1.821403 -2.391479
3.718183 -2.423051
4.496164 2.220883
2.869159 -0.888666
2.264056 2.054235
3.926920 -1.226800
5.119971 -2.426769
2.666148 0.710820
5.746471 3.704858
8.164480 0.306259
2.014168 -1.147334
4.813588 -3.981981
9.670602 0.328230
5.377300 3.107669
4.790517 -1.140077
11.665866 1.801142
2.389120 1.779485
4.734387 -0.599043
13.951631 3.163799
0.809843 -3.239527
4.769563 0.087292
16.385288 1.172330
1.440474 0.724737
3.462288 -1.985771
0.038697 -1.642822
2.099249 -0.000732
5.252113 0.322210
17.640518 0.450677
3.332129 -1.093455
5.893505 -2.663101
1.471881 2.090261
0.943906 0.967376
6.964457 2.181806
6.260498 3.606647
2.685254 -0.104414
7.054194 1.331912
6.953078 2.412614
1.435312 0.783349
8.165247 -2.474455
8.082404 -1.868109
4.703393 -1.138815
6.639759 -1.829149
11.796196 0.670966
1.804354 2.296588
7.427410 -1.282550
11.601806 -0.513888
3.668447 -0.731650
6.079829 1.551677
13.602348 -1.702595
2.922821 -1.713037
6.463246 -1.081988
15.475997 -2.273070
2.351298 0.665188
7.102614 1.090360
17.249493 3.095785
2.577301 3.036984
7.417385 0.872942
2.463851 -1.821366
3.474781 -1.407317
7.984621 -1.817881
4.160746 -0.254982
15.542604 1.604170
7.774487 -3.016139
4.577001 -1.427511
0.288008 1.093511
8.428380 0.097934
5.312057 -3.994015
1.354185 2.339677
9.311100 2.316318
6.667316 1.774577
3.141952 3.099082
7.523289 0.433463
8.717710 2.796217
0.549974 2.307739
9.503707 0.347178
11.467966 -1.960604
2.138242 3.198823
7.647357 3.267834
14.227700 -0.098567
2.381044 0.116220
8.538146 -2.946201
16.212107 1.692966
1.574133 1.731377
8.119081 1.053006
0.916969 -0.140401
17.770174 -2.136820
9.206402 -2.923089
1.389790 -0.562020
14.930626 0.610883
9.157194 -0.696447
3.231419 1.962873
13.216547 1.699248
10.743225 1.318935
4.584279 -0.104293
11.538010 -0.411374
8.781844 -0.625723
7.371112 1.348434
11.029992 -0.839774
10.460643 -1.858398
6.819456 -3.497058
16.553190 1.084635
8.785934 2.053949
11.226127 0.148958
11.960893 -1.389703
10.530670 -0.938308
11.599432 -2.523847
14.154283 1.034643
8.745359 -0.415977
15.174682 2.374201
13.586693 -0.253137
10.552258 1.678104
16.105871 2.334322
13.446734 1.988191
8.688108 2.023316
17.018635 1.712737
11.812346 0.113021
12.492420 -0.478134
1.392144 1.531842
10.358378 0.151299
12.328483 1.541999
3.711996 -0.431622
10.071716 -1.636855
12.250661 2.979119
6.134340 0.744944
9.345374 -0.221894
10.928041 1.425071
7.621879 0.366885
10.919155 0.523561
12.044955 -2.858583
7.770878 -2.519183
12.780215 -1.776785
11.883395 -1.864654
10.402392 -0.321721
11.795617 2.437745
11.773578 0.497495
12.866862 -2.800912
12.656096 -0.432520
11.650753 1.934685
14.744908 -1.938254
11.361172 1.171552
11.603797 -0.234649
16.098074 3.682477
11.248569 -3.107479
12.947601 0.078821
17.376617 2.138502
11.150944 -0.937334
13.902296 -1.465299
2.799409 1.191069
8.932295 0.523620
13.658929 -1.679125
3.018819 0.760738
10.231298 1.184654
13.836001 -3.849006
4.844464 2.438129
10.653735 -3.367150
13.998899 0.558991
7.202193 0.243749
11.522368 0.916179
14.949596 0.370462
8.821228 1.312516
11.400245 1.115041
13.035078 -3.284371
9.354881 -1.412170
10.737995 2.318487
13.452115 -0.633251
12.728173 -1.608968
12.423758 3.572808
13.525073 -1.990695
13.843337 -1.518601
11.954324 -1.231457
13.380373 -1.853373
15.683228 -0.860758
11.535636 -1.861899
14.227802 1.107790
0.819744 1.526659
12.088188 0.713814
15.632019 3.312124
2.031896 -1.294522
9.714973 0.022922
15.221623 -1.661896
3.701811 0.684971
11.529262 -2.750492
16.470207 1.207159
5.411721 -1.447046
9.248235 -2.472453
15.196289 -0.136967
7.553171 3.114962
12.063915 -1.426145
16.858614 2.669755
8.775812 0.898163
12.417400 1.633102
17.768471 -2.038537
10.504253 -0.555685
11.520897 2.507652
16.575380 2.606927
14.175997 -1.106707
10.623299 -2.058969
14.689682 -2.969971
14.344140 -0.680153
14.823968 1.924797
17.117495 2.111847
14.344537 1.929641
13.327042 -0.602175
16.840397 1.453658
15.844192 3.162692
14.106475 -3.382610
16.700233 0.036013
1.360735 -1.553054
11.977171 -2.727690
15.175815 -2.070589
3.919111 0.646144
13.179193 2.014438
0.681662 1.833408
5.481874 1.332944
1.169134 0.117748
1.576764 -0.080276
8.775822 -2.104505
10.156723 -1.271417
16.510271 -1.045792
9.037923 -1.108238
15.493289 2.500535
17.730181 0.973809
7.709927 -2.031654
13.028986 -1.020756
0.833787 0.940732
12.097070 2.379407
16.153158 -0.639418
1.749838 -1.588521
13.185102 1.478182
14.059476 -1.808541
0.672185 -3.039100
15.433393 0.901478
15.061523 3.026233
1.284958 0.534853
16.983578 -0.764740
15.322092 2.661779
2.342254 0.687853
1.749048 -2.389529
17.241940 -2.369107
2.559838 2.690520
2.780411 -0.240988
2.577137 2.605838
1.634768 1.591211
3.660360 -0.654472
4.597645 1.394419
1.289090 1.048030
6.757667 -3.424342
2.962154 1.668445
1.602669 -0.868467
7.740613 -0.683198
4.143043 1.810677
1.940101 1.495975
10.228639 -1.543784
1.442946 -1.405934
1.720266 -1.951256
12.349630 -1.022974
4.726792 -0.666168
2.246442 1.263936
13.504715 2.470515
3.029924 -0.198740
1.513022 1.689824
13.480381 2.799357
1.348196 -1.439256
0.775744 2.736772
15.642289 1.583344
5.473373 -2.802191
2.740446 2.147482
17.855440 1.341231
5.001549 -1.552623
1.450648 -2.163328
1.381850 -0.101745
5.424004 0.450515
4.093847 -1.878048
3.633681 -1.865971
5.708138 1.477533
4.493767 0.702872
5.704652 -0.621930
5.440899 -1.929218
4.227127 0.840547
7.770566 0.925399
5.325135 -2.184150
3.564790 -0.835035
9.651594 0.398977
3.261452 2.752479
2.543179 -2.189054
11.898555 -1.773894
3.953776 0.519848
4.060209 -1.727786
12.892830 1.314754
4.753729 -1.837783
2.609458 1.347876
15.562383 1.348633
1.488742 2.485007
2.836095 -1.323387
16.027983 3.320875
4.270486 -2.714141
4.406097 1.084260
0.508870 0.743311
5.205245 -0.187741
5.260532 -1.984550
2.155406 1.583998
3.847356 -2.289017
3.048889 0.626419
4.210400 -1.676973
3.954226 3.143523
4.746371 0.323609
4.784788 -1.536565
4.509392 1.951815
6.288166 0.315162
8.354804 -0.757699
5.032597 0.880920
5.384132 1.262279
9.962062 -2.258245
6.863825 0.001358
4.698264 -0.321222
10.433873 -3.349883
4.485114 -1.693080
4.488715 0.334269
14.627006 -1.194866
4.751797 2.020375
4.228467 -1.187006
16.594265 1.542182
2.689713 3.641787
4.485374 0.049106
15.804306 -1.232906
5.031972 2.145693
6.310193 1.354455
0.592901 -0.278727
4.429171 -2.431837
8.010683 1.236167
2.440116 -0.863269
2.930273 0.315784
6.402291 0.669121
5.053024 3.596669
4.267210 2.863763
6.995468 3.043916
6.100614 -0.298462
3.216434 -0.658988
8.856336 -0.553562
7.195751 -1.659593
6.676121 0.089549
5.372648 -0.221618
8.577834 0.214865
6.385005 -0.674058
6.559597 -2.439297
10.487649 -0.423602
4.823266 -0.571466
6.242138 0.976503
15.348751 2.631254
4.241026 0.137255
7.644977 -3.551120
16.689400 1.829343
3.773885 -3.183815
5.798591 1.589633
17.083397 -1.379726
3.581475 -0.621469
7.613353 -1.168589
0.826409 2.929391
0.564321 -0.629537
11.131952 -1.444845
3.119224 2.966055
2.377072 2.865918
8.320350 2.828626
5.575266 -0.463223
4.491024 1.496687
8.843688 0.939539
5.794681 2.551702
3.954777 -2.190338
9.088706 -0.628904
8.939529 0.675460
3.258548 -2.899712
8.419733 -1.764886
10.790870 -0.750332
3.332592 1.445145
7.757913 -2.638770
12.854916 0.212776
3.928482 -1.077807
7.958302 2.787575
14.798611 1.568425
4.055947 -0.311739
9.474625 2.708484
15.775527 1.253231
1.823694 1.628854
9.980766 2.555280
0.233505 -2.245494
17.858753 0.810643
10.455606 -2.474052
17.661467 1.122841
16.596998 -2.765836
10.151637 -0.458282
2.904166 -1.656674
1.533995 1.245528
7.305452 3.481368
4.143615 -0.948753
12.703272 -1.053141
9.898142 -2.450460
8.064116 -0.655937
14.524075 -2.460472
10.290977 0.734320
7.182584 -1.825194
2.238590 1.274318
9.894674 0.492048
8.460742 -0.767413
14.786929 -2.931884
7.607987 1.183471
13.566333 0.522987
16.675493 -0.467877
7.683586 3.495693
12.955177 -1.892731
16.031046 -0.080823
8.700141 3.499846
14.545274 0.419351
13.963923 2.988893
10.243545 0.266110
0.194562 0.200069
12.598130 -1.830926
11.504526 -1.460760
17.514874 1.179885
12.153178 -0.732037
11.835148 1.490349
3.137136 -3.874388
14.610751 -3.560554
9.510476 -1.527992
5.286762 1.167194
12.846513 -2.225602
10.886208 1.476197
6.512329 1.256439
12.546980 3.714684
11.691487 0.541225
8.377670 -0.634442
14.139103 -1.974398
10.861240 0.919779
9.233817 -1.267380
13.950322 -2.360995
10.768616 1.258057
11.294376 1.736928
13.615462 1.088830
12.245475 -1.060116
12.862095 -1.703093
14.672983 0.124969
10.272302 0.139484
14.354679 -1.266543
13.444648 -0.441893
12.491810 -2.496734
16.217566 0.062607
13.687263 0.555989
15.466416 3.860955
3.045178 -0.437698
13.657412 3.296665
13.829553 0.415678
4.268918 -0.133269
11.759088 -0.122333
14.559293 -2.643178
5.816319 1.817454
12.084824 0.997194
12.531366 3.270516
6.341416 1.653185
12.822707 0.908314
13.930243 -0.061462
10.147734 3.546407
12.331767 0.389752
13.254065 -3.941578
11.891212 0.529225
11.810077 -1.066327
15.085753 0.350763
12.620476 -4.336882
14.060954 -2.858190
14.054875 -0.230864
14.768633 -0.263560
14.761084 1.363451
15.579008 1.655460
15.424101 -1.071079
12.586699 2.501188
14.830831 2.223099
16.961246 -0.919429
14.372643 -4.029914
15.876637 1.310236
17.256487 1.680138
14.623719 1.422107
17.116835 -0.650456
3.173149 -0.864470
14.192904 -2.358612
17.172237 -0.121452
6.127252 -2.516084
12.351817 -0.253492
17.565258 -0.810199
6.797253 3.368331
13.844864 3.216282
17.125900 0.029045
7.966639 -0.403486
13.385381 -0.129706
15.617706 -2.842933
11.475337 2.198591
12.199831 0.580812
16.887991 2.883945
12.311784 -2.584939
14.057626 -1.436187
17.110559 3.228976
12.544056 0.124624
16.509298 1.589863
16.385086 -0.572639
14.981619 0.572328
15.478045 1.953421
17.297823 -2.892684
16.242771 -1.984017
14.155342 -1.193360
0.834595 1.269630
2.343987 -2.793603
16.028934 -0.072097
0.794731 -0.691645
2.884726 -3.023506
14.732763 1.759936
0.713202 0.217098
4.284447 1.372698
17.776737 4.029214
17.332674 0.530255
5.792392 0.540905
2.761979 -0.421234
0.826519 1.400840
9.672794 2.234098
17.585873 -0.089714
1.047147 -3.423090
12.097948 1.200212
17.804508 -0.072943
0.926613 1.801896
13.942527 0.132709
1.775256 3.085044
0.249954 -1.349704
13.585295 -0.727578
0.418270 -1.301676
17.127558 3.487457
14.707508 1.675955
15.407456 -3.474428
0.413776 0.899309
0.973944 0.099158
