2.256250 4.236033
15.083297 3.383739
2.090427 -0.737127
4.384625 -3.863700
16.079182 -3.198996
16.210701 1.260255
15.998958 -4.434746
2.930538 -1.094399
6.510125 -2.065008
14.141343 5.332657
0.575603 1.988596
6.667058 1.709243
4.281583 2.738404
16.232340 -1.340130
7.352520 4.185433
14.733414 -2.297594
3.314141 4.258027
8.944416 1.239069
5.776706 0.094047
14.146324 -1.667528
13.377192 4.727776
3.842448 -0.125859
2.830196 -3.924963
11.461165 2.574089
15.249717 -0.004854
3.240954 2.365232
14.657803 -2.000189
6.471562 0.959674
13.993337 -0.467477
14.877855 1.299625
2.168055 -1.883864
2.092638 -1.390109
1.643884 0.874094
2.424753 3.178412
3.704679 -2.338646
1.854695 1.297892
3.751814 3.248754
1.214126 1.329219
2.403672 3.846755
3.255470 -4.012970
2.704225 2.877137
8.435135 0.175031
4.424315 5.471309
4.938225 0.871206
5.409066 -1.799035
4.790877 -0.230058
14.697100 -5.613752
7.795203 0.774832
6.431646 4.141341
1.948428 0.037440
12.282894 2.557239
6.023735 3.271526
2.256855 1.781798
13.983760 2.618750
8.865425 -0.867800
3.571535 2.471848
15.786400 1.541507
3.652722 -3.988664
16.374548 0.468913
14.598465 -1.460940
5.822543 -1.536866
15.254910 0.998989
15.757709 3.058797
7.875326 0.502159
4.485480 1.610969
4.217583 3.669900
7.521005 -2.554515
6.083490 3.928214
4.749650 -1.395575
3.552026 0.356246
4.660318 3.445670
3.820737 -4.594315
9.326929 -1.807785
4.010757 4.251425
5.288661 -1.459147
4.379037 -2.897948
4.633456 0.090234
10.442895 -4.585332
2.920607 -3.285568
3.599001 1.207731
10.281704 3.861082
6.881337 -1.591285
2.889210 2.359196
9.678803 -4.122034
2.830054 3.860436
5.764472 2.190978
12.874035 0.698243
8.517173 -1.617097
4.545042 -4.636375
0.973129 2.279274
2.537718 1.273305
5.601876 2.582326
1.673868 -1.029149
6.064808 0.473412
8.036847 5.014438
5.820396 -1.539373
3.430307 -0.904690
6.193613 5.408496
4.549828 0.243170
6.324181 3.571386
5.030338 3.123971
6.041538 0.723070
3.965218 -1.923762
6.342483 1.230769
10.005561 4.409302
4.417797 4.868287
7.943319 0.050877
8.575675 0.561330
0.806159 4.530993
6.017811 0.126709
10.242720 -1.185517
3.554296 -0.877862
7.672575 1.778923
11.013317 3.397375
2.313483 0.097630
5.372073 -0.375198
11.244751 -1.180992
4.714709 0.913412
3.799583 5.211506
0.618938 0.549227
3.097367 -1.886942
11.254167 -1.599080
1.526975 5.158687
15.577716 2.985267
6.597204 -1.115121
4.189287 -0.029208
0.787140 3.804960
9.807151 0.680153
4.414714 -2.269000
16.428251 1.351932
10.759362 4.400910
5.764371 0.540019
0.952365 -1.487307
9.254292 -4.711869
8.439066 -0.901176
3.115684 3.877640
8.016237 -4.319427
9.604398 -1.316921
4.952025 -1.982358
9.410110 0.053190
9.585477 -0.686746
16.284086 2.234851
8.104863 -2.404679
12.976366 1.077841
0.525079 -2.217452
5.187764 -5.288584
14.091733 2.576703
15.717493 -0.112976
6.359189 2.273401
16.006983 -1.623313
12.126167 3.130150
9.697462 4.129293
2.678967 0.685896
10.921260 -3.760644
10.734248 1.669789
3.319540 2.556819
12.134523 -0.251694
6.727785 0.181058
2.793098 1.283218
0.002715 -3.615811
8.154250 -3.512580
4.133465 -1.724695
15.091256 -0.365872
11.614260 -0.036360
5.681297 5.017601
14.501806 3.437328
8.331769 1.956380
8.869418 2.282736
2.455197 1.482124
8.733337 -2.140758
11.371129 -5.053233
14.387609 1.325187
6.185727 -4.195515
11.134727 2.220849
14.717162 0.282383
8.719366 -5.141114
13.316565 0.385173
15.210101 1.270237
7.921323 1.695486
0.272025 -1.109694
10.429872 -3.792798
12.615607 -0.907987
15.438958 2.135469
11.863239 2.852247
11.079451 -1.718688
1.419120 -2.954693
11.682885 -3.444967
12.569442 0.442718
2.111484 3.279337
12.863893 3.847838
12.117451 1.063128
4.900921 2.706825
8.307659 3.356425
10.746363 -0.822112
9.194618 -3.654156
13.334805 -4.112549
10.984430 -0.915647
9.648976 1.402794
14.832572 -2.939659
7.975958 3.716921
10.472982 0.453805
13.455247 -0.486592
8.948380 5.556572
10.107059 -0.948308
10.951591 -1.532574
11.316488 -1.099265
14.208043 -2.544363
10.142102 0.597682
12.299362 3.453183
0.710527 -2.237202
10.544466 -2.905502
12.999656 2.439383
13.670895 1.475243
12.974460 -2.685950
13.618389 -0.826010
1.337626 -4.544661
14.015768 -2.561930
12.695951 -4.212916
2.639996 3.973098
12.054610 -3.482297
8.411968 -3.601888
3.839512 0.578367
12.750423 -1.820410
13.271581 0.742028
3.635712 -3.233562
13.674269 0.637401
15.660213 4.038083
9.698781 2.252419
9.789244 -0.762061
11.580487 3.673680
9.643579 2.370345
15.216450 -1.339217
13.379488 -1.285277
9.558372 -5.305914
13.043860 0.468921
10.849095 -3.575664
13.135636 -0.536779
14.224697 2.073263
11.687027 0.943449
14.798783 -4.601573
15.079977 1.669509
12.228385 -2.621660
16.231228 0.546668
15.606003 0.086648
15.785172 3.116846
2.749888 3.054353
0.758274 2.770189
16.208143 -2.203666
2.974678 0.440004
14.131964 2.415850
14.417450 -3.623999
5.443985 -3.655248
14.191482 -1.222407
0.559231 -3.121164
8.628046 -0.931734
10.943633 1.862661
14.888732 -2.098141
10.750952 2.877275
13.068160 -0.319786
15.002566 0.357684
11.585921 4.842163
13.785052 -1.011649
14.155777 3.024560
13.397903 2.835783
13.159949 4.681740
9.006557 0.617306
13.610990 -0.498402
12.581420 -4.255524
0.020049 -1.031549
12.059341 -0.476335
12.081089 -2.030497
14.625169 -4.636087
0.197759 -0.575025
11.564957 0.425677
2.611848 0.075420
1.212113 3.576412
2.072508 -2.968474
15.449096 -1.574110
3.761230 2.988112
11.569371 -3.123248
4.128680 -1.603233
8.741713 1.743801
12.584367 0.389255
0.319110 -0.989689
8.515861 1.182338
13.109336 -3.892470
3.529871 -0.045023
8.138757 -1.430158
15.174246 -3.381711
13.131583 1.797544
13.399546 -0.071362
4.969973 2.062104
16.017513 -0.206421
11.531011 -0.219129
1.159069 3.318155
15.406841 0.759773
13.819062 -2.081322
16.109974 2.228911
0.808038 5.404078
16.243172 -0.809657
8.317253 4.163926
3.027816 2.318065
1.744886 0.051370
4.981253 -3.133767
0.812202 -2.209408
1.411757 -0.150671
1.385780 -0.958940
0.772373 -2.166498
4.180971 -3.874119
4.106327 -0.210949
2.342452 1.749426
6.133990 -0.078848
4.169823 -1.579744
0.800040 -3.252164
5.762703 -1.215674
7.514990 0.177654
0.505655 2.481429
8.184490 -1.994687
5.863799 -0.027837
15.225844 3.870834
10.342685 -1.348501
15.791412 1.464145
1.657507 -0.899898
14.844799 -5.925587
5.222600 -1.549303
3.467398 0.773462
12.499207 -4.764891
4.084167 -0.568664
14.551578 1.147899
15.406020 -6.207832
7.984612 0.396955
2.686015 -6.146033
3.441478 0.979507
8.742493 0.745017
6.320737 1.036972
14.746920 -1.026779
9.090378 1.182807
1.334983 -4.296348
3.510359 -1.690640
3.084144 0.513729
14.012162 -0.747229
3.471979 -4.099854
4.828831 3.600617
16.408180 -4.655789
4.368974 0.471627
6.318503 -2.836811
2.452601 4.771468
8.214122 0.379154
7.670885 0.051346
0.592712 -5.262789
11.824745 -0.844303
7.874325 4.224153
13.571606 2.025199
13.960528 1.284389
8.319459 0.549811
1.992529 3.903391
12.880013 1.932840
4.625003 -0.906703
14.048537 4.124844
0.576154 2.345512
6.542385 -0.817102
4.287769 -4.548114
1.182336 0.759150
9.598512 -4.401668
2.944340 2.654104
3.022095 -2.723630
5.124935 3.689695
3.036830 -0.944282
2.053051 -4.456680
5.901506 4.079867
6.413318 0.870930
4.774927 -3.818657
5.236332 -3.037126
3.550699 2.196246
5.711946 3.433589
7.953015 1.878364
4.858294 -1.413659
5.870831 3.759004
7.697679 3.337742
5.278747 -3.102999
9.108012 0.884841
10.573872 2.062509
3.849419 4.314742
11.117464 1.945894
6.594809 -0.664445
5.944552 -3.416227
15.322908 -4.788336
7.913528 0.834105
6.547689 -3.004374
16.155958 3.949123
4.040804 -3.055609
4.505896 -1.698071
2.184716 -2.150501
5.796623 -0.039026
4.299851 5.016001
2.772289 -3.117598
6.765922 0.698773
9.396628 4.524151
5.166945 2.783336
9.585183 -3.498604
10.110572 0.334781
4.194884 -4.092597
6.533099 -4.281139
7.746583 -0.338796
7.953014 -3.140106
8.131460 -2.096733
2.474561 -1.125760
7.622170 3.973618
5.051483 1.566993
7.564510 -3.943817
11.266766 -3.099737
7.126411 -4.531117
4.882832 -0.829201
12.047845 0.104450
4.548725 2.333199
8.296673 4.156811
12.759573 1.480362
3.792779 -0.877216
6.674056 -4.610447
14.124823 0.062271
3.988209 -3.911190
11.370831 2.145404
16.186897 -2.847375
15.711873 5.221184
5.266512 -2.080786
2.428064 1.893710
6.423184 -0.692940
10.990375 -2.487788
5.783367 -0.816644
3.257135 2.104968
8.044645 0.551125
5.848506 -4.599824
7.691214 2.137587
12.229553 4.192827
8.897238 -2.261162
4.119818 -0.257819
9.468820 4.014705
7.704314 4.269938
4.962809 -2.928491
11.100237 2.292940
8.894119 -3.389963
3.394619 -3.935849
4.327070 1.302038
11.868924 -3.789596
7.692834 3.508846
8.925420 -0.239306
13.342920 4.509233
3.048640 -5.129662
6.848764 -1.873968
16.206003 -0.838230
13.387380 -3.864550
9.762036 0.127702
1.566330 2.037269
0.478476 -3.523890
7.094061 1.202627
5.431278 1.034820
1.445029 -0.529027
13.582747 -4.934858
7.158422 3.753109
2.279329 2.292612
10.613704 0.410195
7.630754 2.874365
14.734538 2.796984
9.924163 -4.215543
9.794394 1.598452
15.685388 0.467453
6.462433 -1.385653
10.109137 -3.645143
0.399540 0.744464
11.621651 4.405227
12.221859 -3.153784
5.372355 -0.490866
10.852796 -2.753202
10.516472 2.063595
0.929963 -4.496485
6.314440 0.287122
15.305697 2.603824
16.033718 -1.210138
7.417596 0.825801
14.601665 2.906027
14.959935 2.322444
11.744488 1.626041
1.490020 2.822135
14.220530 -2.148620
11.441550 -0.194768
4.012797 -4.009926
12.299406 -0.755741
7.241262 -0.544863
5.261503 2.229192
0.843324 2.305920
13.225656 1.580705
5.483304 3.880888
15.616713 -0.004436
9.546395 0.886025
4.896096 -4.606891
16.377253 -1.775057
12.530698 -3.764699
8.689631 -3.885730
14.155481 4.269743
13.233862 -0.615473
11.648686 -2.789946
15.649433 -3.128122
8.901223 -3.314696
11.533801 -2.422451
11.895611 -3.196180
11.285150 -2.672572
11.445102 1.693166
14.729676 -2.077984
8.402481 3.380090
15.047457 -3.511323
14.505726 -0.278775
13.074685 -5.057047
4.260198 1.140106
15.573599 -3.922206
13.425725 3.083425
2.420809 -1.336979
11.214341 1.287735
12.094054 1.613618
4.166410 -1.132082
14.036024 3.223701
12.823813 -0.232040
6.072156 4.910367
14.968285 2.056288
14.807586 2.542667
8.533992 -3.838105
13.164020 -1.345395
2.026749 0.160704
9.460896 -0.537753
1.626258 -0.806255
10.678354 -2.965254
9.176896 1.667407
12.700925 2.732182
6.935678 2.238942
14.031797 -2.019305
0.303174 0.475942
10.010453 -0.044623
12.486781 4.466422
15.596582 1.352697
10.770063 -1.729339
15.296220 4.809365
15.647287 2.657480
15.549502 -3.614328
16.096333 2.803020
2.369599 -2.772985
0.428852 -3.594050
2.181496 -3.887850
15.624784 1.095298
13.266671 2.486638
5.591014 0.787148
13.700118 2.092844
15.639172 3.168211
7.568744 1.050772
14.901773 -3.499038
12.623696 2.330097
7.576543 0.310919
11.574258 -3.054842
1.174640 -3.592650
9.688663 -1.400043
1.862161 -3.167836
11.989505 -2.890906
12.379404 -1.030456
14.345802 0.048816
14.340939 4.268442
10.515821 -2.507367
15.697952 -0.180910
16.382137 -2.256030
14.651567 4.602771
0.722468 1.138390
16.046238 -1.632345
15.425561 -1.414209
1.040509 3.995368
14.619150 1.633072
16.057756 -3.852274
15.908830 2.461697
14.595719 -4.031600
1.181335 -1.307511
0.753174 -2.812079
14.533111 2.955142
4.313670 2.792027
15.572741 -4.654839
16.147570 -0.978001
7.701055 3.435845
0.330996 0.089724
4.683776 0.215252
9.354095 0.175436
15.759430 -1.475928
12.944617 4.452183
11.766858 -2.608176
16.077198 4.584859
14.398193 1.191764
11.010426 1.105052
16.229469 4.559250
12.148109 -3.079310
10.287545 -2.278728
1.045790 -2.359187
12.805922 2.055344
15.930307 -1.719194
13.901475 -3.825987
16.307068 0.675532
16.361513 -2.516853
6.277997 -5.838127
13.773195 1.196298
2.058873 2.459153
6.461357 3.401307
12.494383 -1.677145
3.319003 0.173239
5.286611 -0.744718
11.844035 -0.228381
4.570016 0.660254
12.492970 4.420998
0.782168 -0.132129
6.815186 0.083047
9.394454 -4.403236
1.317865 0.146908
7.767975 -0.660323
10.085666 3.057445
1.702315 2.515818
9.171034 -2.631197
9.348853 0.630874
14.361458 -3.880899
8.182839 2.730761
7.293465 -2.792216
16.019943 4.760828
16.266752 0.880885
6.736620 5.942361
14.876985 -0.980384
0.997886 -0.586122
7.425976 0.146685
1.282323 1.536088
0.119337 -4.817987
12.082415 1.263232
3.053183 -2.955877
16.129396 -2.620817
10.180834 1.893443
4.235019 -0.385370
3.914251 -3.296006
5.557805 1.071198
13.378599 1.005382
4.784021 -1.921977
12.857294 1.792696
4.267952 -3.501497
5.440456 -0.999412
10.969662 0.272368
1.641417 0.466469
7.203526 -4.744853
13.334853 1.122808
3.807456 -0.188433
11.878967 3.639552
9.393299 4.246573
14.865624 -1.517256
9.819312 0.797862
7.781593 4.348998
0.460037 -0.169086
13.570541 -2.159656
4.010253 1.041560
1.937136 -1.800894
15.530319 -1.805511
10.198379 4.090775
6.564969 -0.155211
16.009764 0.070225
11.247342 -1.554239
4.778296 -0.926102
15.893651 -4.983168
8.643132 0.296275
5.817353 -2.214878
3.021182 2.828886
8.144739 -0.824171
2.703600 -1.510661
5.978871 4.465420
8.687716 0.546044
7.095756 -3.825683
6.326460 -1.557110
10.370113 5.255726
5.308452 0.158747
5.676057 -3.038529
7.317105 1.449581
1.566337 -1.262745
10.421473 -3.358106
9.192961 -3.379305
1.091797 -5.435065
11.508237 -1.182508
14.331489 0.331661
2.483826 3.599535
12.372087 4.767760
10.815006 -1.463536
2.745832 -3.556354
13.571576 -3.472469
9.095493 -1.630658
0.891995 3.109373
15.251941 0.695146
7.532973 0.194939
4.268593 -0.045683
2.640216 5.095490
7.825078 0.821946
8.812101 -3.651002
1.690626 -2.496977
10.557590 -1.629144
7.545959 -2.145278
3.527880 -3.187980
9.929144 -2.767759
8.295936 4.175892
6.668731 -1.632778
7.493412 4.337327
7.736693 -1.797113
5.298934 3.226167
11.962233 1.170978
4.650261 1.373253
10.619979 -5.237389
7.554763 2.458093
4.286186 -4.684234
10.452495 0.069515
8.662025 4.017072
9.388411 -0.177071
0.376682 2.543326
5.295236 -2.924351
8.535997 2.942850
14.326483 -2.415728
7.143156 4.513051
12.008632 -3.657562
0.004093 -0.042539
6.186123 -4.637574
5.918138 2.489121
0.474866 0.840809
6.031531 -4.106593
10.565837 -2.272120
2.343655 -0.806072
8.065392 -5.664028
10.807077 -1.793274
4.848459 -0.250724
9.015350 2.263996
7.627677 1.246379
8.080550 -4.148688
7.460649 -3.477170
6.958284 -2.785769
9.208833 3.907583
7.184997 0.419712
11.544268 -0.530701
10.369164 -2.017590
5.434040 -3.483217
5.201872 0.231222
11.834457 3.807106
7.552719 -2.982984
10.940484 -2.383972
13.475739 -1.767748
6.329240 0.354115
9.825944 4.849288
14.782973 1.971750
5.558240 1.368273
5.906470 2.759890
1.963061 4.221726
0.072864 -2.622020
6.705191 2.281663
0.920767 -2.658245
1.389756 -1.131043
8.921034 3.484445
3.066964 2.468069
2.873382 -5.320059
9.434273 0.216944
4.795168 -2.527468
2.936216 -0.755641
7.812271 3.747123
4.090259 -2.458770
3.775357 -5.245324
11.094462 -2.499425
7.557791 0.792529
3.369556 4.590235
9.573618 -2.843405
10.000844 1.206596
1.795112 0.644111
10.167236 -4.927094
11.592923 -0.864333
3.052960 3.201254
7.648314 1.046309
12.825905 2.872832
15.770206 -0.414227
6.142348 -1.357388
13.355145 1.051548
0.631151 -1.061816
8.587603 1.903934
1.362586 4.781879
15.201808 -2.054052
9.114286 -0.486688
1.569432 -4.399839
0.225451 1.728152
7.547339 0.060747
2.639838 -4.655370
0.104819 -1.166514
12.988031 -5.007487
4.025499 0.962503
12.289038 3.418343
10.857462 -1.487198
7.741228 -3.607419
10.317209 3.096397
10.381529 4.231693
8.164196 -2.008272
16.406097 1.878155
10.645418 -0.246453
9.003175 -5.169705
11.637356 -1.871030
12.617760 -0.513846
10.424715 -0.208844
13.425585 -1.967494
11.688382 0.307980
11.725985 0.143202
16.100632 -0.402054
9.531220 -5.049679
13.807870 1.024055
0.988280 -1.442198
7.014650 3.553585
13.369476 1.890619
13.321044 0.665045
11.829289 -4.282768
1.343967 0.379174
15.950258 -3.623584
10.966218 -3.911450
4.136088 0.001553
14.968227 0.505270
15.782941 -1.810145
4.299400 -0.261653
15.454804 1.574063
10.934561 -3.112855
7.284547 1.875882
13.371329 1.891193
11.979548 1.888548
8.155568 -2.801986
12.369372 -4.049757
10.942119 1.132061
6.036269 -1.333218
16.208305 -1.654727
11.339118 1.007252
13.742714 -0.088433
15.947327 -1.361511
12.573247 -1.255806
14.886074 -1.857011
2.902456 2.813919
9.954851 0.967044
12.853838 5.331514
13.954327 -1.373148
9.946921 5.016472
15.175656 -0.510387
14.604568 0.733323
13.339027 1.131623
0.960015 4.272236
16.379908 4.346756
12.542481 -1.370955
0.951883 2.041398
15.165548 2.251140
15.833694 3.589414
6.011264 2.947878
0.477071 -5.466077
15.848939 1.738020
6.843768 1.541677
0.123224 3.995262
14.168996 0.373733
7.842929 -3.630999
15.293128 0.581072
16.077854 6.180624
9.510089 -0.411812
0.666777 -2.104537
13.931981 1.808675
9.598454 -4.833200
2.873915 -1.081922
15.368032 -1.450083
11.971889 2.770734
2.237361 1.001337
0.332798 -1.712672
12.816957 4.167587
14.823449 -0.915398
10.207482 0.019489
12.046521 1.759379
3.527606 -5.207455
1.055271 -0.329563
0.427773 -1.282663
16.196028 -0.011428
3.393495 -3.100537
4.959737 3.782092
3.710149 3.634327
2.901657 -1.319133
2.908557 -0.988738
2.601084 3.538225
1.418518 1.724413
5.506902 1.798587
15.112966 0.413681
14.227552 -3.101022
6.993584 2.754673
1.653063 2.074569
0.569134 0.769272
7.743498 4.452047
1.105699 4.917323
1.619983 4.146536
12.043209 -0.931764
5.339141 0.738678
2.326318 3.226231
10.865288 1.521162
2.423273 3.523418
2.858796 0.007443
14.904474 2.685707
3.234473 4.054159
12.351377 -4.172801
14.765989 -0.565123
9.224231 0.176889
15.052841 -2.520675
1.514653 -4.556950
6.495488 -3.301643
0.054508 -0.116655
4.476544 2.683924
7.804684 -2.638004
15.235975 0.027547
4.691189 3.029283
11.980552 4.223373
3.211653 -2.975370
6.900302 0.347488
12.952750 0.023171
2.540811 -3.188530
4.250957 -3.722877
10.635648 0.401213
13.517241 1.274963
9.400562 -0.014363
10.490643 4.415933
16.134769 -0.702369
11.889604 -2.532564
10.943814 1.636542
0.643067 0.514159
14.930778 -4.261692
9.085382 1.478379
2.116994 4.383444
0.084447 0.801471
9.383470 3.999447
14.371472 -1.606166
14.929706 1.719787
11.449450 3.882977
1.012911 2.634611
1.608023 -3.510310
10.670201 1.902389
5.408919 -3.304175
2.688600 -3.053786
9.032880 -0.307993
2.484924 2.053757
4.625070 0.280106
7.376282 3.487271
1.721192 -0.600157
4.845552 4.216661
9.997773 2.867296
2.648369 -4.307213
6.406364 -1.233348
5.788148 -1.689305
2.149780 1.474771
6.737697 -2.344928
7.991168 3.343454
6.037310 -1.131647
10.683752 0.766083
10.656569 -0.584326
2.534825 -1.466379
15.403728 4.059501
7.253012 2.085510
3.197990 -2.723659
15.020862 2.180140
10.839087 -1.753961
15.792417 1.578531
1.341877 -3.488566
12.995587 3.411311
3.874431 -0.376456
14.920361 -3.023074
13.084299 1.027797
4.935198 3.022959
2.483222 -1.228934
14.499208 1.353019
2.351722 2.640641
2.140584 -2.854794
14.650027 -4.182158
3.657694 -1.131180
5.429478 1.851647
13.832143 4.242770
7.783220 -0.237291
7.521863 1.038465
10.717934 -3.162018
4.200933 -1.877740
6.920537 4.170582
6.754471 -0.626969
3.519377 -1.702819
6.952609 -0.406026
7.133454 -5.124030
6.550156 2.051262
12.267271 1.035391
8.935733 -1.385746
2.468719 2.254355
14.361672 5.357067
10.044776 1.271914
4.167200 -5.089489
14.660785 2.984194
9.453887 -1.183452
4.369921 3.901768
2.246399 1.993240
7.346331 0.784331
5.723225 -4.035566
1.697569 1.971459
4.642851 0.128473
3.361218 0.455623
4.161757 0.219897
8.685711 -0.844832
8.968764 -1.218648
5.356577 4.125905
9.467715 0.429885
5.488847 -2.742507
6.875928 -4.233237
12.871394 2.518226
5.596237 -3.626620
11.718608 -2.343355
8.323210 -1.452764
3.679052 3.550284
8.829128 1.016492
7.380435 -3.294390
2.976266 -1.697005
11.500154 3.613163
7.996099 -5.221558
4.696355 2.543462
14.568051 -0.325553
7.675305 2.514291
8.613240 1.191966
15.559857 0.592004
7.292047 4.163595
10.713250 0.746418
1.352059 2.451914
8.014737 -1.242644
9.414104 1.010151
3.881594 3.329557
11.005648 2.614028
10.638626 -0.222369
4.977516 0.314933
7.593097 -4.435635
9.582413 2.481828
10.279798 1.765794
12.027143 -2.970787
7.973612 -0.087526
7.001168 3.974881
10.538693 4.465756
8.596905 0.422767
8.215578 3.288004
10.312651 1.179672
9.590776 2.561835
9.579226 -0.233811
6.257442 -5.229834
8.059757 -1.536306
12.849460 1.693307
10.044037 1.465666
5.978853 5.819054
13.663655 -0.312287
8.338018 -1.885049
3.631667 -4.127938
12.907744 -0.116744
6.554228 -2.305673
7.324728 4.210911
2.245627 -2.069919
5.235449 0.237104
7.126095 -2.075887
3.291211 1.534618
4.552818 0.207910
7.403342 0.808167
4.936828 5.056830
4.604436 1.851298
9.014192 4.002386
4.871875 -1.971485
7.111257 -0.533730
11.210691 -5.574320
7.686284 -2.114427
7.408795 -0.225215
9.321010 -2.351355
8.383229 -1.715674
3.491419 0.399487
10.760038 -3.852551
11.523658 -3.902385
1.998514 3.216651
7.061450 4.158800
11.598680 1.317330
4.026583 -3.021875
8.123961 -3.040962
15.444298 1.984998
0.730110 -3.603203
8.736794 -1.632772
14.515517 3.519372
1.337996 -0.100974
5.520201 0.049617
0.333385 -0.957571
15.780787 -3.918558
9.409730 2.117836
3.124895 -3.134344
1.559453 -0.343026
11.905968 -3.685150
6.475723 3.928162
1.573606 4.899684
15.107435 0.430584
8.007101 -0.793902
13.775186 -3.762275
9.843159 -3.357363
8.380601 -3.303764
14.832504 -5.856242
11.702056 0.289376
10.832362 0.923337
1.838675 0.560436
8.632402 -0.540625
13.176497 -3.244036
3.956790 2.902641
6.061090 1.002636
11.683893 -3.898673
0.553247 0.611144
7.830320 -4.063599
16.088745 -0.858144
0.851337 2.015513
10.544424 -3.459285
14.898427 0.192943
14.332182 -2.529689
10.639649 4.263246
0.276845 -1.155681
0.396864 -2.155287
11.262733 3.568396
0.010592 -1.037166
15.552094 -3.724865
14.394683 4.454315
3.836921 0.698845
0.026747 -2.516500
14.648638 -1.966642
5.836467 -2.160969
13.926651 1.729447
11.077633 2.184968
6.756790 -3.747231
0.568111 1.721074
10.307571 4.241403
7.264450 2.156621
2.235948 0.014289
13.888945 -2.626149
8.753125 -3.061904
0.475762 0.571599
12.896653 -4.429346
13.299147 -3.324585
2.482223 -3.660365
13.709655 -1.087944
15.222756 -4.128675
2.193909 -2.468463
11.172500 -1.709325
15.813817 3.361907
1.536392 -2.635307
10.373925 1.518190
1.241784 1.249966
0.469394 -2.023226
2.063764 -3.863569
4.731563 -1.817738
0.401477 3.553083
14.553215 -2.418659
2.591434 0.033270
1.908064 0.650994
15.622339 4.210750
9.686305 -3.509694
0.058397 -3.335941
3.003586 5.336178
8.580040 -1.801811
3.472653 -1.376057
16.096542 3.251299
10.559613 -1.238714
5.856651 -3.251687
0.438759 -1.318855
7.789809 -5.268373
0.993038 1.933393
1.514504 4.960140
15.290127 -1.103938
5.110572 -2.005803
15.592441 5.663322
14.090080 -0.620019
3.445500 -4.190983
3.212763 0.934139
13.056275 -0.665401
4.063872 2.826394
0.284929 1.951690
12.927917 -3.421158
6.700411 3.213944
2.529815 -1.358243
2.006748 -3.164795
3.133469 -5.967671
0.170542 1.192979
4.248211 0.515696
3.075472 3.267647
1.022246 -0.625280
7.185803 -1.597459
0.355847 -3.061962
1.837157 -2.981867
7.581226 0.014979
1.643612 -0.689654
2.222557 -3.471451
8.513999 2.910412
4.145378 1.758311
1.029854 3.308811
11.193067 -2.068460
4.242425 -0.170440
14.789440 1.513849
12.577769 -5.135200
6.083034 1.135193
0.331954 3.041201
13.071731 2.176823
7.902883 -2.485370
14.145227 -0.347526
15.693561 2.989658
12.090143 -2.794856
1.890832 -0.274075
14.501647 -3.632548
9.751158 5.193809
0.378040 2.097257
2.194358 0.135584
14.783572 3.878250
2.323993 0.272559
4.190257 3.005471
11.838264 -2.799091
1.871927 3.508711
5.726321 2.157543
12.334251 4.488179
13.852500 1.279535
5.401198 0.400059
8.412165 2.946551
2.052981 -4.521318
9.211589 0.944574
11.471941 3.122529
15.065932 -3.258137
12.354135 1.766795
12.813074 1.419728
15.344365 1.243520
13.625716 3.774840
10.604184 1.997839
15.522811 3.449059
16.110884 2.818551
9.669631 -2.776390
15.916396 -4.318417
14.220471 1.229852
10.578716 -0.486371
0.936723 -4.777341
0.060480 -0.297855
11.881047 -0.535654
4.406602 -4.790672
3.923911 -0.664498
0.710755 1.886905
4.787677 3.314194
7.800990 2.848477
14.168036 -3.097824
4.694251 1.219448
6.603984 -2.928355
10.889760 0.840732
7.048176 0.254792
8.966495 5.216086
9.800212 -0.848762
3.411357 -0.352234
9.713424 -5.934794
14.300452 4.048534
4.390410 1.798250
10.717180 0.524038
14.116349 -1.596091
3.754673 -0.008051
13.450131 -3.988253
13.072115 -1.774027
0.525991 -0.126553
13.740901 4.274358
13.724534 -0.808388
2.445916 0.473502
15.428312 3.472204
12.431380 1.886701
6.065690 0.572007
1.173889 4.032445
9.250978 -3.307292
5.141018 3.492117
15.867187 0.959518
16.133741 -3.731345
3.247471 0.789091
2.035395 3.062195
11.204608 1.839023
5.493568 0.512082
7.798995 -3.801143
14.507699 -0.604226
3.229841 3.954803
7.171556 1.162253
11.674021 4.764578
2.877841 0.723159
11.941007 1.515692
10.485497 1.961885
5.359568 -0.828543
11.575130 0.407938
11.120833 -0.963445
1.374826 -1.143173
12.182774 0.228943
15.361579 -2.692089
2.006062 -0.306957
11.104261 -0.916609
1.461866 1.539974
4.182138 -0.035543
15.303154 -0.613586
9.306253 4.475663
9.282176 -2.175562
15.360842 -1.889622
11.743026 -4.582783
16.357368 -2.066133
5.516037 0.776563
15.759836 -3.717897
4.994500 1.878200
4.579362 3.439175
10.351321 -4.089252
7.027461 -0.929346
5.534559 -2.392240
14.392410 -4.899359
5.992352 -1.097889
7.443747 -2.244049
14.281154 3.034761
5.268501 -3.657140
12.467049 -2.327877
8.675968 -2.120823
2.783242 -3.873528
10.780266 0.942720
13.106871 -5.478144
5.101686 -0.030062
13.776756 1.293785
12.289854 5.410120
3.267818 -1.023797
13.413092 0.113889
14.442315 0.709041
4.045396 -1.238650
15.926385 5.552894
8.984714 -1.097761
7.378271 -3.142903
4.554338 0.647247
8.959244 5.166841
7.744898 0.670180
0.003277 -1.659343
9.712157 -0.127738
6.791096 -3.923196
2.287764 3.791632
10.491140 1.070451
8.568467 -1.005481
4.997914 5.535097
13.606472 -2.339839
4.953261 4.358226
8.508352 -1.546051
11.495971 -1.770165
8.278181 5.083539
10.010438 2.380935
10.345820 -0.609877
7.583615 1.979809
12.849326 -4.619943
8.823707 2.221426
8.094337 -0.428991
11.980096 4.551805
12.501690 1.760782
10.651958 3.486748
14.824976 0.888237
10.263967 -5.423189
5.196351 -1.742377
0.859574 -0.653565
5.354100 -0.651681
7.579937 0.561465
0.964145 -5.629936
4.341990 5.148410
10.310625 -2.305160
2.383517 -1.414099
9.420050 -4.674545
11.921723 0.038840
4.219913 1.054072
6.153895 4.745125
8.062773 3.216874
4.258735 -1.223136
9.830009 -1.650405
9.833589 0.267288
6.041273 -1.122973
8.919028 1.947909
11.215681 -0.171090
7.558137 3.568557
8.078453 -0.324217
6.301995 3.868531
7.601072 -2.064237
6.555164 2.659204
12.577415 2.538671
11.684346 -1.139123
5.410895 -3.384679
6.877272 -2.669688
14.421221 -0.810520
9.257422 0.869380
11.302361 0.849898
15.379059 -2.496070
1.965175 3.299128
7.266697 1.804637
0.879457 -2.622056
3.699589 4.367666
9.717284 2.592485
1.143920 -0.000890
5.439761 0.249704
9.582753 1.936691
3.655874 -4.671080
7.896180 1.379405
12.188749 -3.084540
6.597565 -2.589469
9.087356 -0.392306
9.493458 3.693531
7.576387 3.830667
4.543383 -0.255846
10.742033 -0.094742
5.609139 0.983196
1.157132 -2.374253
11.363701 3.348210
10.672174 3.244942
5.713243 -0.286904
9.259753 -1.126756
11.250099 -2.692708
4.574892 1.577370
10.010710 3.166300
15.025938 2.673761
6.045725 -1.448087
7.901578 -2.356159
15.742709 -3.057442
3.455190 0.305464
11.983620 6.164950
3.277734 -0.146239
15.693971 -3.998722
11.939317 -3.507482
2.906502 1.601738
2.931050 3.599840
11.419106 -0.877722
5.612300 -3.239009
5.774931 -1.449879
15.373769 3.729351
6.753300 -2.521915
3.708242 -3.139116
15.660160 2.355848
5.783266 1.824812
8.765510 -2.605840
11.008745 -2.348989
10.948080 -2.826978
5.744409 -3.690646
14.038316 2.955419
9.270038 -3.276975
7.064606 -1.504116
14.087480 3.217877
12.382202 3.823882
4.353842 -0.788732
14.610453 -1.616886
10.872798 4.357204
6.008439 -3.845976
12.141121 -1.565655
1.402300 -0.809396
3.607607 -1.245395
16.061657 4.363484
1.297558 2.034204
0.329520 0.067743
15.961527 -2.051382
1.131964 -2.929636
1.872109 1.496593
13.143124 -2.126992
3.948344 4.662694
1.075313 -1.293511
2.164554 -1.537010
6.209447 -4.900795
1.125111 1.920872
11.726244 -2.503379
7.958825 0.809841
3.095049 -0.008784
15.891187 1.095758
8.494360 4.234423
9.140009 -3.356297
12.984281 2.688437
12.727182 -0.127191
5.689071 1.453595
13.925365 -2.893021
11.599710 2.764794
5.613802 -2.724796
0.975225 -2.982471
15.916939 -1.698832
1.457492 4.383235
10.631135 2.644618
13.401979 -0.728163
9.848996 -2.438683
2.185750 2.406407
1.643463 -4.749232
5.180584 2.484406
1.702104 -5.531507
3.200067 -2.014323
3.846023 2.048629
15.767551 0.176375
2.966397 0.348200
12.242860 1.232587
15.271644 4.220979
4.243547 0.101976
5.741187 0.842575
0.535543 -0.987493
5.953775 -4.285595
2.616814 4.899239
15.645643 0.845265
6.850044 2.007658
6.637511 -3.198441
15.725658 1.950800
11.915552 -1.587046
8.294958 1.372718
15.002025 -4.528958
12.846901 -0.118859
6.456450 -4.168314
0.022186 -2.654537
14.764694 -2.051765
7.979727 0.524198
13.870586 1.532393
1.098223 -4.300932
11.019794 -0.558131
13.886192 -0.160547
1.499194 6.086800
11.104541 1.970875
13.817009 1.914403
4.268666 -4.969659
10.418816 3.457924
1.683037 2.790480
5.170737 -1.335912
10.946562 -0.712045
12.513560 -4.646112
5.738964 0.379745
0.207330 -0.470823
16.167999 -0.960969
10.706058 6.031978
8.710324 -2.890127
0.611404 -4.375422
9.924232 1.130653
13.896105 0.630461
2.645807 1.065071
10.797041 3.987001
8.145848 -0.620297
15.875052 1.832543
14.810206 -2.820037
7.305555 -0.318940
1.560745 -3.789280
14.837102 1.461843
10.153353 -3.845810
14.032364 2.971315
2.961175 2.222806
12.236996 3.880858
16.323957 -1.556982
0.442165 -0.827523
11.222437 2.938452
2.734329 -2.138470
4.164131 -0.711308
13.365082 -2.801918
15.725603 -0.076520
5.905241 -3.694687
16.100456 2.202495
0.924172 -3.577791
6.160055 0.404891
10.312764 1.784075
2.928923 -2.621641
8.058481 -0.964394
9.110920 4.563420
3.858203 1.443307
6.924394 -1.382531
15.265419 0.561510
1.606883 5.404089
9.470311 1.134516
14.242640 -1.447431
0.798075 4.473454
11.780832 1.403711
11.810487 -2.275599
12.873807 2.456065
0.276796 -1.080339
12.837686 -1.876285
1.876305 0.173563
12.727266 -4.104731
11.609828 -2.478215
4.438272 -4.918941
1.303365 -1.062905
15.702950 -2.425629
4.630233 -4.636681
0.741280 -0.717289
15.598752 -0.991414
6.352136 5.201282
5.886550 0.351766
16.100433 0.770560
7.878369 -2.108938
8.833390 -3.195336
15.437778 2.768310
4.466966 1.338016
7.789089 -4.777966
12.928979 -5.183031
3.702203 -1.455624
9.872242 -0.981270
11.742388 0.699369
4.497408 2.883444
12.319730 -3.705527
16.156040 0.635690
0.744743 -5.465132
11.899430 -1.725424
10.023971 0.601537
4.170872 2.612864
12.972208 -4.504779
12.559979 -5.121499
10.016150 -0.480624
0.087509 2.664368
10.605696 3.815139
8.293610 -1.220796
16.157717 2.360716
12.866596 3.788671
3.132105 1.703807
2.534508 -0.459853
13.470673 -5.678384
2.674480 -2.475710
0.880583 1.259755
13.460523 -1.781979
7.321561 -5.246074
4.003177 -1.889839
11.057674 -3.427293
3.731920 3.741127
5.371232 0.136018
12.569796 -2.086586
4.746051 -1.886109
7.168731 3.746367
13.344523 4.628901
7.319352 -0.647929
10.149477 -3.831924
13.218592 -2.435690
6.912859 -4.339064
12.576781 0.349694
8.949958 -2.512588
4.588638 -1.101121
11.675924 -2.128756
10.910450 -1.814586
8.480146 -2.213880
14.254125 -4.390574
8.962719 4.138222
6.107205 -1.471071
0.990128 -2.879437
9.164559 5.779073
5.725154 0.170244
4.658106 -0.710362
8.140316 0.975789
7.143461 -3.642677
2.027113 -0.167940
13.605341 -1.209854
8.586811 0.547210
5.135275 4.990843
7.892732 -4.296078
8.540106 -0.543932
6.807498 -0.637477
12.565971 0.126723
6.277611 -4.429004
8.546328 2.393474
6.557611 -2.081552
8.460958 1.256756
9.637465 5.558270
7.245040 1.285478
7.435465 4.319372
14.487183 3.142297
5.263232 4.221068
6.557766 -2.104099
12.742550 0.438623
9.231402 1.527938
8.684390 -0.972491
13.605035 4.402653
6.975641 3.194967
7.503154 0.302158
0.676600 -0.731486
5.884386 -0.599674
4.699463 -1.569207
4.490477 -5.554784
6.441686 -5.298164
10.768074 0.173789
4.108093 -0.553577
9.329922 4.195039
11.564895 0.285410
5.905529 4.266818
9.301301 -1.216471
14.278576 2.885876
4.332465 5.682843
5.682198 1.468744
9.160697 4.238142
8.184221 2.819651
3.271388 3.501628
11.051332 -3.604446
9.096614 1.442444
6.584996 -1.959303
7.094764 3.583879
10.789090 -1.173992
2.139772 -3.099458
9.531594 0.930989
14.768916 -1.371586
6.006922 -2.374432
11.207627 -3.902543
13.913581 -3.560009
0.920723 -3.056073
9.563512 -2.457813
16.250637 -0.825107
5.127926 1.362394
10.750103 -0.685710
0.941762 -3.986790
2.610073 -4.383674
9.944523 -1.393544
2.837081 1.955110
4.587273 1.739046
12.815297 -1.107660
8.066640 3.366552
16.396084 0.943888
12.514886 1.257022
6.870750 0.274126
2.631579 -1.710963
14.198494 0.569362
10.286778 0.865132
1.680528 1.494783
12.426029 -1.007111
9.484940 -0.547188
3.567775 2.845120
8.742380 0.173271
14.054799 -2.376753
3.464102 -3.715281
11.952758 -3.037241
12.762189 2.128002
4.496358 2.819225
12.979464 3.327524
15.797745 -2.735744
2.582192 0.976737
13.108009 2.111278
2.101022 -2.536746
2.350652 -0.303038
10.833097 2.036193
4.188370 -4.420405
0.971204 3.564345
11.608909 -3.455441
4.682784 -2.965409
3.245082 1.303582
9.764220 -3.906124
6.352540 -2.676501
6.087947 3.768747
12.563247 1.551257
6.268108 2.360780
6.125423 -4.142384
13.804261 -0.403900
7.424545 2.836599
3.902313 -3.919129
14.401159 3.604461
9.154524 -2.228989
5.037750 -0.140226
12.661489 3.847207
12.725713 2.079428
1.638622 -2.616547
14.272930 -1.266646
12.685196 -3.549594
2.738314 1.269182
14.188437 -5.175704
0.492747 0.442348
3.882803 2.173124
14.398077 1.231533
1.923033 3.121155
1.140917 0.362384
13.791614 -2.716393
1.090355 -0.582825
2.689428 -1.544247
12.483350 -1.855584
7.815125 5.003871
3.250151 -3.245078
14.178780 1.665426
7.432531 4.221237
7.372199 -3.806612
15.103331 0.080674
7.266562 -1.549551
6.310957 3.906139
15.560117 3.698674
8.679477 -0.056391
7.372144 -0.591224
14.052114 -4.567461
8.805718 -1.695544
10.479170 0.514004
10.573862 0.515603
10.754026 0.823060
6.991110 3.553867
15.240074 1.755735
13.694145 -2.617219
1.953812 0.867476
15.797329 4.749252
0.452462 1.093196
10.203089 0.101798
3.589439 -2.200027
0.496339 4.827012
5.694942 -0.453032
0.140973 3.563300
2.764267 -3.332821
0.703906 -0.545931
12.810799 0.423390
2.458035 2.722640
5.192244 -0.927758
14.881206 -1.426944
3.402886 3.911055
5.856259 2.293745
0.805874 -1.132958
11.062786 -3.267635
4.848551 0.788938
13.818377 3.588687
6.249656 1.465521
8.118462 4.539359
13.310638 1.527664
11.440921 -3.049807
2.689919 -1.294900
13.402273 -2.095663
13.410663 2.878410
6.703168 -2.042928
0.864091 2.145576
1.726295 2.607053
7.522545 -2.262556
4.769726 -0.848492
16.126146 2.753102
14.535225 -1.447329
1.357679 5.593360
0.101308 -0.506450
13.050778 -2.116159
1.420804 4.334023
2.814170 0.460326
13.454317 -0.326583
16.206963 -0.436447
4.189663 -5.005721
11.850527 -2.203632
15.520030 -2.193913
6.894761 1.312418
13.448298 3.474111
1.936970 1.813869
7.691521 3.778895
11.827497 0.125436
2.463588 4.751464
8.471958 -0.012405
15.962625 2.798499
15.857972 -2.970631
13.021574 1.025873
15.009262 5.534158
16.070814 0.362876
11.131464 1.366748
15.979001 4.635487
14.732636 0.251328
14.446565 0.461817
15.955550 -1.944451
13.741472 2.068944
16.018976 4.086071
11.089945 1.236318
3.468847 4.505837
2.615863 2.318467
15.282754 2.121357
2.917093 -1.397575
0.279294 -3.730451
0.428224 1.913135
6.247469 -0.352394
6.914410 3.952190
3.585080 0.937772
3.967605 -0.610681
6.450368 -5.567957
0.026765 -1.426839
0.879332 -5.105093
8.796628 3.115099
11.433748 -0.148037
2.940452 0.123479
10.019447 -2.069460
1.405268 -2.103844
3.161420 2.159635
9.876406 3.366624
14.210356 -5.216961
15.386884 1.162215
14.781451 0.515391
3.811380 -0.632855
3.728401 5.010136
15.770349 -3.470821
12.486737 1.622511
15.997293 3.009770
15.246078 4.186604
12.367078 2.469227
8.683815 4.895066
15.139867 -1.243159
0.495521 4.186271
2.394765 -3.313987
0.915387 1.791156
2.055329 -3.319739
6.273981 -4.385110
5.263723 1.344751
2.392702 0.871555
4.274457 2.387759
8.004422 5.285082
3.939472 -5.265679
5.126318 1.128577
7.679889 2.303910
0.487984 -2.566983
1.547473 -2.990541
10.405543 0.225541
15.876970 1.823385
5.555249 -2.164762
11.663028 -2.428178
15.963886 -2.723893
3.311856 0.218483
10.221139 -3.866201
0.806501 -0.277911
3.980724 5.860584
0.406432 -1.303170
3.940380 -3.294549
5.270403 1.685625
0.544808 2.512275
11.282144 3.249473
11.300776 -1.664824
16.218435 1.381113
13.989139 -2.307459
6.425882 2.687367
2.159066 -3.842773
14.432327 5.070550
5.589376 -2.334408
3.521810 0.615588
14.125205 4.176888
7.022716 1.704631
6.108101 -2.273632
11.451737 -4.335728
11.233532 -1.017288
9.279162 0.018776
14.369511 1.816894
6.635317 4.566059
9.061277 -1.734340
13.205990 1.499422
5.507987 -5.939161
9.954920 -0.150878
12.007114 -3.855952
7.110878 2.412395
16.220636 -2.206656
15.230959 -0.655699
3.770914 -4.506403
11.987876 -3.406702
13.752092 -4.636938
9.002211 0.867701
16.428827 -3.220176
14.177355 1.403687
5.729697 -2.178286
5.174515 3.359341
9.551627 4.384024
8.198749 -0.469365
1.468958 0.687865
11.936717 0.451487
5.536754 3.510621
5.825180 1.535327
15.303616 2.361356
7.980393 -2.584868
5.346283 4.042641
13.842291 2.602285
13.634579 -1.347174
8.697670 -0.965132
12.443678 -5.825159
7.821726 0.317716
8.690223 -1.927844
7.197257 -2.784003
8.506548 -3.102630
11.625998 3.725310
9.108753 0.540787
4.970931 1.047134
10.084263 4.026065
11.614373 -4.769086
6.176546 0.538597
12.944978 2.452463
13.001429 0.056267
11.602450 1.146713
16.106810 4.133366
9.970992 3.265469
10.297299 4.546899
16.424961 -0.837559
6.027168 -0.952835
9.200686 -6.029905
1.276581 0.715253
8.835538 -1.807530
13.077206 3.224094
5.299648 -4.074696
10.317282 -2.593385
12.254366 0.854211
2.815417 -4.059316
10.816064 0.228314
11.050690 -5.435871
6.731223 2.632637
8.470339 0.309487
5.392589 0.081344
13.225205 0.559181
5.481114 -2.084666
7.176176 0.677773
9.483830 -4.000542
6.299133 -1.844837
9.778564 3.176222
12.978495 0.114827
8.296907 -2.576603
7.196790 1.477619
13.254984 4.721680
7.035076 1.227069
9.931100 -3.510641
16.373684 2.435753
7.653778 -3.283531
11.082846 -1.327315
3.090146 -2.842189
5.634595 3.866501
11.295864 -1.468564
15.835316 -0.674674
3.893279 2.709736
12.481649 3.578252
6.646255 -1.266798
6.569585 -1.650179
9.677189 -2.615509
6.867627 -4.224296
5.368774 -2.699416
11.114472 3.389776
7.243460 -3.081678
3.478654 -1.417755
12.765452 -4.064227
9.400614 -2.925596
4.639250 1.203261
9.937865 -3.567505
13.209268 -2.173637
7.965316 -2.658544
11.865482 -2.164733
12.315063 2.060822
5.619025 -0.197373
11.198061 1.991822
12.192725 -5.564469
8.950518 -0.091600
11.575126 -4.467860
2.344045 -2.455479
7.529541 3.168622
12.537862 2.306759
1.883686 2.750068
9.798130 1.235814
13.842787 -1.755123
0.205846 -4.030395
4.986455 -0.453328
11.657334 4.409314
2.833194 2.132134
4.045781 4.078199
14.518771 -2.148491
4.722292 -3.223727
8.597815 -1.913935
16.297091 -0.686223
6.899391 -0.448101
8.910036 -1.448815
8.749131 3.174479
9.285525 1.097876
7.189899 0.690048
10.296955 -4.272203
11.676956 2.463522
9.079415 2.680029
12.769212 -1.041940
14.613037 -4.052232
4.468987 4.568484
12.280609 2.286777
11.194813 -2.001083
8.693411 0.225455
12.752483 4.196314
16.278431 -0.833869
6.680527 4.063261
15.242919 -0.427810
3.210962 3.311954
2.815525 -3.272638
12.588242 -1.765305
0.080246 -0.962058
7.188678 2.769918
16.197615 3.917099
6.019835 1.099623
7.417038 1.338588
1.337378 -4.770230
6.504316 -2.118384
9.357669 -1.201407
12.641554 4.830716
8.211459 -1.876142
8.043343 3.699760
15.596346 -3.000643
8.952009 -1.034153
12.148137 -3.452902
13.086212 1.559041
8.710705 1.585297
10.877691 -0.665276
13.473982 2.788020
11.857903 2.848690
12.084459 0.883655
13.800104 -2.263246
13.521329 -3.748114
4.306685 -3.725040
13.713766 -3.919776
13.948499 -0.724011
7.292799 -1.565209
3.036401 -0.859106
0.234192 -1.119085
6.807726 0.592770
1.394331 -1.556795
3.375764 -3.535291
5.600902 1.498664
1.905026 -0.239176
4.992511 4.245842
9.129585 1.600854
1.236004 -1.360176
6.115324 3.895304
4.676804 -3.348770
3.021114 -2.789271
7.739390 -1.800325
7.615758 -1.870355
14.677001 4.716691
10.502055 -2.590348
10.070617 1.951256
14.549234 -0.824803
13.135740 2.566494
9.177385 -3.730965
16.421753 -3.332767
12.768001 -2.421264
5.593608 1.279891
12.553930 -3.035265
14.647202 3.771441
8.286777 -3.079484
1.384737 -1.937620
1.963931 3.446522
1.358784 0.574359
0.915769 2.637475
0.572784 -0.817929
16.093946 -2.187981
1.736794 -3.873878
3.273398 -3.924210
13.759480 -3.095265
4.074013 -1.934385
4.006243 0.700797
13.845836 -0.140195
15.914558 0.553488
2.569247 -0.527625
0.198873 1.940941
15.992437 1.261098
4.782060 -2.011660
0.289428 -3.097524
15.523455 2.573319
8.916447 -2.220702
16.219191 4.840276
14.310225 0.697486
12.824793 1.164673
13.680796 0.263855
0.695540 1.402661
10.256497 -3.869017
14.908899 2.500659
11.679315 1.748318
12.675311 2.815162
15.915760 -1.846209
2.497653 -0.364819
13.135081 4.000661
2.254564 -4.939031
3.690511 1.929163
3.523415 -0.234035
0.921230 -3.515034
4.402783 2.469637
1.940477 -0.882360
1.985143 -4.461223
5.482321 -2.883132
6.835660 -1.546412
5.293370 4.164452
4.394131 2.529668
7.137968 2.080235
0.736068 3.596615
4.542182 3.073168
11.076412 2.536655
0.985192 -4.720622
15.907847 1.658538
12.280079 -0.095532
4.525074 2.599316
3.193548 1.235955
14.302859 0.517125
0.240337 1.033552
2.886475 -2.524542
11.626437 2.944029
4.514062 -0.211889
5.243586 -2.511456
15.136324 0.811001
14.352026 -4.773994
0.815258 1.061384
14.981050 0.943019
2.801793 0.193823
5.307314 1.300589
15.650147 0.392953
2.293985 -2.882774
3.028459 -0.685775
5.162584 -3.884938
6.892002 -3.464370
3.332197 0.377821
5.242989 2.317016
1.383127 4.568837
6.182860 -0.766601
8.543980 3.103076
6.417444 0.703674
5.584272 -1.231931
7.654182 -1.438838
6.271069 0.687209
5.500545 1.350217
10.359743 -0.720096
3.846435 2.576063
4.248048 -0.609753
9.002080 1.710441
5.596295 -3.769818
2.710982 1.525734
15.723122 -1.188986
4.760224 -2.641144
6.725039 2.805725
16.191788 1.675562
3.694391 1.079691
2.551189 -2.393378
1.171170 2.608029
12.836322 0.119553
5.483702 -3.034047
15.472373 -3.703244
14.319739 3.690422
5.768795 4.567993
0.166807 1.188765
0.666613 4.408461
7.955537 -0.499942
7.443151 -1.223047
14.927595 -1.396406
7.975252 0.112719
3.471607 1.370805
13.096311 0.419578
9.287535 0.531375
6.936941 -0.746098
3.102499 -2.384661
6.373267 3.970304
8.431190 -1.540625
15.916628 1.862184
6.251779 1.463247
8.387252 -4.853245
0.494652 1.128516
3.301785 -4.487872
14.105747 -0.227646
16.272032 3.994263
4.665382 3.228106
15.556405 -3.499916
2.200172 0.558207
6.171218 1.418799
14.281509 -4.370526
15.321829 -0.406639
7.472426 1.827588
1.934567 3.615776
13.847589 2.195652
9.381820 2.379017
3.585625 -1.320634
14.482444 -1.274119
10.685950 -2.912438
2.517811 0.635826
13.984779 -0.768011
10.358736 -1.081412
5.298843 -0.254756
14.694930 -1.673609
9.162407 -2.799234
6.479091 3.126618
16.275824 -1.615635
9.053448 3.910346
9.856807 -1.247546
0.779549 3.839590
8.591217 3.620470
11.645016 0.080766
13.415196 -4.663019
10.171578 2.353136
11.189463 1.035167
13.517200 2.610063
7.183037 3.082047
15.467628 3.345377
15.643623 -1.496423
9.567363 1.065402
16.193281 -4.382527
7.639228 1.971458
7.501571 3.534402
3.601856 -3.030230
10.901330 -0.431238
6.899167 -0.281935
1.016086 0.570495
8.998382 4.698546
8.334254 2.609571
3.101240 -1.528054
11.032408 5.142187
6.082061 1.159233
4.202963 0.528608
9.668736 0.520910
4.512552 3.061283
8.346364 -0.756700
9.421065 -1.392056
6.152381 3.687805
8.695748 1.185371
9.106822 3.688746
6.447132 -2.822240
11.952871 -1.721475
10.830604 -0.914584
6.969459 -5.098252
11.448342 0.124020
9.454909 2.455095
7.682796 3.561871
14.772781 3.298994
7.483922 1.915515
12.037782 -4.833160
14.856762 -0.519826
6.714964 -3.136454
8.933626 4.351419
2.901801 -0.893074
5.094455 -2.606761
9.199677 3.110724
16.327862 -2.750519
4.146868 1.816035
10.625584 -1.853602
4.065022 3.303560
8.268067 -3.893677
12.859972 -0.303791
3.540305 -3.900629
2.626842 1.316647
13.375266 1.451612
5.741033 0.345840
6.167477 -0.753081
12.533024 0.557291
8.431100 -3.943284
2.632628 1.482792
12.270368 -4.043064
10.918941 -2.206019
6.402778 -1.308106
10.411903 1.793085
9.144803 5.364425
2.920380 -3.711303
10.805842 -2.588962
14.231833 0.961988
6.621150 -0.530135
12.685881 2.935613
13.431207 3.386675
6.003436 -0.768906
13.432152 -5.782793
16.374374 -1.685575
4.341101 4.385547
12.399265 2.833650
1.219703 -0.201856
3.783949 -2.788516
12.755686 0.964502
4.724024 0.503294
8.120800 3.525331
13.675405 -3.333314
7.216272 -0.225206
8.113803 -0.286633
10.219890 5.630493
6.373382 0.486285
5.066699 -1.403301
12.604877 3.787168
9.794606 -4.745069
6.765691 5.012142
13.141632 -0.418800
10.105078 -3.551732
8.382030 2.268288
7.730371 0.372016
10.513279 -3.268550
4.428454 1.058501
11.458352 -3.785541
14.084036 -1.918137
11.143718 4.016928
15.331017 -1.399184
14.217847 3.251782
7.903853 1.717489
15.930315 -1.168159
1.841942 5.593269
5.297189 -1.151705
15.533168 -1.451280
1.521919 4.415709
5.656965 4.915097
15.059527 1.399800
5.071824 -0.421031
9.576886 0.194353
16.202316 1.447661
8.600977 -3.740995
11.003094 -2.931253
0.339458 -2.411943
8.332532 1.095114
8.607921 0.372237
13.218028 4.560722
9.880202 1.806266
9.674106 2.052773
12.607473 -0.977342
11.039877 -5.623668
8.647190 -2.709143
10.054843 4.646901
12.534566 -1.111363
12.454231 5.204095
12.394020 0.510290
14.636785 0.401424
1.577377 -1.503371
11.996489 1.940704
1.266347 -1.223839
10.906999 -2.527769
15.644114 -3.558018
3.085696 -1.788215
7.833437 -4.582386
0.214673 -1.073800
3.389818 0.824716
10.758977 -4.812376
1.675765 2.035371
3.017714 -1.321425
8.861925 0.764425
14.655960 1.839159
5.966047 4.504395
7.060941 -2.234540
16.353870 1.403125
10.099962 1.418247
8.646892 -1.748210
15.722413 -0.034489
11.280841 -1.081923
9.929173 -3.784480
1.264184 -0.648198
13.584195 3.203609
9.381923 -4.268722
14.376239 -1.625411
11.546873 -3.068753
8.955957 -1.343592
0.544663 -1.685766
0.760977 -2.541994
8.853635 3.624041
15.492000 -2.039103
16.293751 -3.190207
1.080267 -1.570433
2.589705 -0.968347
2.928162 -4.007574
14.368056 -1.809108
4.157888 0.505562
1.612554 2.881391
1.469989 -2.796885
0.307767 4.613098
5.855402 1.347276
15.158221 -2.967067
1.596293 -3.426245
7.595670 -1.616073
13.243868 0.960212
2.713040 1.568129
6.021317 0.864193
1.419596 -4.384873
0.609247 -1.455408
9.363074 -0.746058
2.346303 0.783933
1.922166 -3.579277
10.659133 -2.832272
1.944379 -5.460100
0.283061 2.835351
11.032635 -0.744484
3.275600 -3.095247
4.476312 0.340970
14.232803 -2.757033
13.685228 -2.117938
0.854328 -3.788775
1.551340 2.740887
2.374893 3.621669
15.347844 1.726792
15.375551 -2.787217
0.509035 0.632707
3.992023 -0.898419
3.595752 0.922714
15.889637 2.541568
4.665083 -2.838851
6.216855 -2.924964
4.944238 -0.206365
6.232039 -0.234318
6.156677 -3.681370
5.303908 4.059362
5.455252 -3.181402
9.041268 0.080927
2.524592 3.694782
2.651451 -3.294940
6.982914 -1.192088
5.253989 2.991399
3.419460 1.578435
9.526839 2.506578
3.411882 -0.399591
13.541573 -0.742743
11.731943 0.426980
5.875210 3.603888
4.183657 0.034932
14.442482 -1.593217
2.567265 2.329536
0.732571 -2.790292
15.638436 1.204542
15.772632 -0.204983
1.238386 2.353517
1.512516 4.292867
3.374012 -0.545221
8.023582 2.437867
2.268834 -2.374501
3.589703 0.629474
6.575856 -4.350829
2.990019 1.095502
0.499280 3.176618
5.862472 -1.566981
3.804354 -1.553925
1.561148 -1.997598
10.273995 0.543301
5.774239 -1.060183
4.025329 -0.492754
2.121561 -3.645682
9.775914 2.696027
1.315719 0.743274
14.833732 -1.791644
11.024298 0.096559
4.595685 0.771789
4.941644 3.734224
13.290241 -3.163494
1.825915 1.732994
4.273678 1.577493
13.313986 4.293067
5.761102 -3.967125
2.002248 -0.540453
0.761631 1.473977
1.086774 -4.576027
4.833798 0.607628
5.097288 1.158367
0.610410 -1.685815
10.595640 -4.426499
2.858798 -0.790746
1.892774 -0.190260
7.358842 5.562368
6.589465 1.145416
2.740628 -1.325072
4.638436 -4.696469
5.259431 -2.291740
1.578025 2.682504
9.194726 4.494297
9.976748 -1.960275
1.760670 2.587468
9.126227 -0.062752
6.840034 -3.654731
0.219065 -0.355014
4.301511 5.290879
12.725659 -1.249807
1.143815 -0.741369
5.708603 -1.914425
12.352404 -3.522220
2.328431 -3.560076
8.614964 2.550444
16.244410 2.597563
2.261106 3.089753
8.963212 -0.784003
1.579557 -2.046421
0.915651 -3.158219
5.942697 2.814854
2.200348 1.693372
12.818831 -0.166248
5.691108 3.777484
4.236336 4.127394
1.513925 3.369357
8.340910 -1.472847
5.192044 2.897166
0.096882 3.252600
8.788889 -1.128666
6.176728 3.663464
15.462319 -1.006832
7.514042 -2.053097
7.080301 -5.534297
2.066625 2.396131
5.001020 0.948345
9.612621 3.638908
0.290344 -4.518536
7.025177 -1.773691
11.430003 2.997805
15.398306 -5.122598
4.589347 -1.723786
13.874848 -2.163199
13.620971 -3.344166
7.399672 -2.917800
0.835951 -0.935258
13.017200 2.982016
4.413551 -0.331175
0.382261 -2.017413
10.932847 -4.275346
9.329361 -0.214647
0.913686 0.407195
12.320018 4.691089
8.378180 -0.606916
0.914555 1.710793
12.797551 1.445789
6.425390 -3.469903
6.866332 -2.637089
9.808690 -2.127880
13.188095 -3.177902
6.774329 3.109314
12.036625 -3.862510
9.286972 2.574768
5.460270 2.368480
16.073313 -0.927654
10.463136 -3.085962
10.992566 3.477904
11.850783 -0.729494
6.415145 0.099039
10.287895 0.204758
12.312096 -3.711110
7.674664 3.060390
11.301000 -2.321585
13.800977 0.841166
8.558250 2.060913
11.848317 -3.700605
11.331326 2.993908
6.476604 1.054301
14.734164 -1.755282
8.720069 0.222858
11.283453 -1.156304
0.734258 -5.763572
11.151780 -0.704375
14.056502 0.711454
15.389938 1.208990
4.695654 -1.892477
13.257485 -0.617384
3.083581 3.706331
12.414649 -4.170175
12.595276 -3.317158
6.810051 0.897165
9.143290 -2.537661
9.374698 2.282472
11.055275 -3.233599
9.644607 -2.374735
6.775677 -5.354653
10.352287 -0.355191
11.568538 -0.517489
9.891663 2.581367
13.427861 4.479858
10.270055 3.732846
10.022800 3.751390
12.418137 -2.975230
11.555946 -1.168069
4.650643 -2.067806
14.058452 -1.309178
11.926560 2.252778
12.171769 0.104118
12.961474 -3.152389
9.221386 2.048005
13.235601 -0.490447
1.871946 3.055057
8.051096 0.574277
14.288027 5.674491
2.812861 -1.127918
12.274274 -2.914517
14.693372 2.300836
2.599015 -3.130274
7.203869 1.683862
12.334405 0.481580
4.933162 -3.186426
10.555876 -2.465299
14.280717 -0.411587
5.720986 2.982147
10.148134 5.308939
15.267340 -1.222420
7.199661 2.050629
10.556046 1.029345
8.637768 -0.852416
11.416110 -0.210882
13.520571 1.397286
12.675880 0.781905
10.011607 -0.605430
9.156910 -1.256563
11.382555 -4.780949
13.559981 -0.674533
13.413334 0.032927
13.194544 -5.221016
16.126314 0.589355
12.288366 1.059453
16.323689 -0.528927
2.341775 -5.753273
10.415680 0.200165
0.292480 1.890134
6.746873 -3.999436
7.061169 0.221787
14.022122 -2.432444
5.878902 -0.105358
8.513096 -1.429057
0.447019 3.854976
4.797330 4.239211
12.470447 3.532344
14.719570 3.653849
8.517964 1.907984
10.937152 4.815182
15.004869 2.276559
8.780300 -1.300905
11.502950 2.122570
13.945132 -2.881381
7.093505 -2.546296
14.453133 1.734382
16.031164 -2.498371
13.386804 -3.679915
13.651301 1.370839
12.466635 2.501096
13.293451 4.145710
11.426529 1.832953
0.349255 -1.050231
13.247534 4.495361
11.866011 1.416963
1.062870 -3.389681
4.102380 1.099478
14.812491 -0.576277
0.729364 4.111027
3.105558 -2.641539
13.300439 1.540817
1.192981 0.880853
5.177825 -4.284190
10.079081 4.381283
15.886736 1.311625
5.449753 2.757083
10.325545 -2.409514
2.149980 -4.865590
10.985743 -2.140060
12.525942 5.405798
1.531225 -0.394945
11.100830 -0.955400
12.091898 -3.775541
16.198952 -0.920966
10.515886 2.526861
1.769979 -3.845517
2.335428 3.630178
13.379560 0.924886
12.781036 -1.549011
14.238950 0.015305
15.032727 -3.760256
14.168556 0.380440
2.092005 3.505651
13.904839 -4.275661
2.140757 -2.453028
2.307335 -0.080715
16.389339 4.751052
2.410204 0.332438
1.933719 -2.703205
3.680703 4.276132
15.024183 -1.750299
16.178385 5.101838
1.240136 0.657289
15.359029 -0.600861
0.797688 1.162383
4.721366 1.049911
1.232177 4.819728
3.832121 0.060401
6.430816 -1.882215
3.041589 5.208573
0.910394 0.284458
9.235435 -0.058865
4.707593 -2.774261
16.371655 3.218082
9.467520 -2.349997
4.659832 3.589978
1.836893 0.371397
12.847732 3.239611
0.332844 2.462034
1.120543 -4.226081
13.648353 0.474542
5.051241 0.990667
1.021826 -1.091606
14.316488 3.660127
0.825169 2.778981
1.128298 -3.512819
2.151741 -0.133448
2.169311 3.148229
5.518272 -1.508372
3.339465 -4.708731
3.857934 -0.284541
1.741167 3.356842
4.340770 3.335994
4.906121 0.449210
5.558456 0.266063
3.495792 -2.391247
4.354499 -3.914060
1.301279 0.310793
8.219571 -0.027299
5.800892 2.697372
1.196635 2.639543
9.359431 0.170351
1.898304 4.383380
3.400092 1.758619
11.771278 0.006601
2.985298 -5.098184
1.629186 -1.522208
12.241294 -1.686388
6.812781 -0.779736
3.556887 -3.940282
13.223081 2.080540
1.753991 3.741369
0.442560 0.658641
14.262156 3.003608
0.214593 -0.849106
2.896071 -2.272549
15.696843 1.164748
2.526043 -0.656813
4.171436 2.244948
0.286780 -3.352622
6.282001 1.571205
2.992516 2.838767
3.795986 -2.781718
7.771067 1.351730
4.625128 -4.213464
7.460198 2.256882
6.426448 -2.488064
4.272154 -4.089543
8.734541 -0.192766
5.030122 -0.089579
9.417875 -2.034045
6.327119 -3.067119
4.995862 -2.512409
6.600721 -1.152192
7.830886 -2.845216
5.908787 -0.844956
3.821529 5.180072
11.119361 0.263411
9.644691 -1.186270
2.779695 2.929338
12.305182 1.064245
3.298052 0.151999
1.684404 -0.456966
14.025456 -5.094308
4.064512 -4.080970
6.714875 -3.597268
1.433607 1.205530
6.879767 -0.924688
5.753812 -1.777147
3.300477 -1.135643
1.373120 2.033225
7.129327 3.987864
3.951212 2.041364
6.898708 -0.501203
6.531474 0.384987
6.366009 3.543451
3.352818 -1.997213
6.225389 -5.270119
6.527174 0.977568
4.729355 -3.805419
7.853496 -0.342105
6.788219 -4.039395
0.890044 3.250918
7.624216 0.740287
10.033405 1.137414
6.541215 0.921521
5.549008 2.456782
13.607000 1.441394
5.906988 4.418459
4.461217 -1.793090
16.049070 1.382473
3.846638 -2.407356
8.210391 3.531832
0.675883 0.143978
3.275812 -3.605600
9.795069 -2.507164
16.019123 0.864745
5.055978 2.857691
8.497420 1.461387
2.348593 3.014889
1.782954 5.279449
11.634134 -2.042465
2.995240 0.840366
3.814048 3.119090
8.954758 3.788885
3.433216 1.012281
1.841815 0.789422
7.703882 0.821113
8.636038 -5.455585
3.169259 0.097322
7.792279 -0.863676
7.514082 3.278206
4.023832 -5.073030
9.280048 -0.456954
11.518848 -0.081792
2.236948 1.453411
7.766272 -4.835957
14.726454 2.554448
14.531087 -2.259991
5.783483 -0.469760
14.877031 -4.711663
1.993463 -4.129290
7.222217 0.206212
2.503036 -3.262907
13.293973 -5.428699
8.196793 -0.283279
2.457796 -0.560249
11.253295 -1.035903
8.131571 -1.757353
2.103443 4.042250
12.602363 2.344083
11.604016 -0.214653
3.016474 0.941859
16.288183 -2.397150
10.664821 -4.656872
1.391262 0.650736
2.667504 -2.896173
9.183365 0.398137
8.436079 4.615314
2.348510 -3.037617
6.626998 0.499191
10.084681 2.954896
15.133747 3.401457
5.040608 4.419235
9.385675 -1.395103
15.145740 0.643959
7.282199 3.894654
12.092841 -0.360548
11.909483 -0.104409
8.066211 -2.879056
12.906446 4.377498
11.124245 -5.376025
9.864097 -1.310393
15.404443 1.197039
10.298635 -1.169209
10.848953 5.250622
1.620545 -0.244376
10.378246 0.663499
9.362092 1.175912
2.694944 2.020765
12.607230 1.247511
10.442068 3.489470
4.187953 -3.742383
15.729388 -2.924262
9.244737 -0.261752
7.776505 4.066184
11.399187 1.642667
9.554607 -4.294491
6.975626 0.192166
10.535370 -4.669144
6.931547 0.531154
7.273725 -2.947001
12.004838 1.710191
9.428545 -0.938228
8.715217 4.252546
12.001148 3.876186
9.431427 -1.840422
11.887543 0.780424
8.007076 3.459030
10.251903 4.029390
14.841177 0.381480
14.374618 0.082671
6.974572 -0.061715
13.774881 5.359543
8.940198 1.142059
9.903221 -4.389543
2.172190 -2.967505
9.118480 2.052069
15.590292 4.903816
3.296614 -1.064968
14.255679 -4.205273
14.605063 0.872881
16.260729 -2.182826
6.948990 -5.681748
13.877127 0.245157
4.232155 -0.483138
10.944212 -5.980962
12.140122 2.333645
7.941683 1.027774
11.964355 -2.927786
10.030899 1.992582
10.324340 2.086268
12.498497 -2.220622
13.414939 -1.143872
11.795557 -3.777972
14.933188 0.923741
11.541655 -3.482439
8.946409 4.197712
10.377286 -3.460362
11.724034 -1.475703
12.353666 -4.333686
9.806359 4.152387
10.001913 -1.785841
14.130149 0.138202
12.848183 -4.943397
1.386772 1.099945
16.332251 2.987608
13.337976 0.268116
15.272853 2.610882
1.175459 -2.401713
13.827733 -1.925043
14.572968 -5.182227
3.829663 0.081381
14.302630 3.369987
14.482546 3.501078
2.233584 1.288130
13.454679 -2.258908
14.159298 3.929718
6.983212 -2.004873
12.441992 2.552546
14.193920 -4.165788
10.122130 2.763998
10.333765 -0.931371
0.036867 -3.372390
10.198526 3.264680
14.501716 -1.223273
10.311887 -3.001012
13.706441 -4.585738
1.599031 0.136618
12.098628 -0.880028
14.267570 -0.163833
14.544139 -1.364341
13.570881 4.376219
14.820842 2.181792
3.011676 1.579833
15.050206 0.323874
13.858000 -1.918218
10.275716 1.310992
0.414122 -3.301471
4.126929 -3.240558
15.293238 2.057893
3.702479 4.510916
3.320453 2.190851
2.144936 -3.064179
14.801208 -3.880753
5.248726 -3.242011
14.747875 -3.530121
1.974863 2.092127
5.867777 -2.952513
10.814020 -2.346100
5.324116 1.816121
9.625195 -1.126040
14.719164 0.414328
14.855695 4.435209
12.066911 -0.225316
1.047851 1.941869
13.910765 4.054198
14.457009 -0.958752
1.112288 -0.573003
13.142397 2.720855
11.242986 3.235799
15.201041 0.980449
1.043826 0.238564
13.153525 6.163881
