1.160546 0.925445
17.389584 2.084460
18.754152 -4.162800
4.741861 0.862533
17.306402 0.568533
7.468538 3.548989
2.220022 -1.301486
18.267000 3.304026
8.477843 -1.470612
18.052343 0.777878
3.252948 0.123768
7.401805 5.304386
6.222036 -1.760962
17.213917 0.496425
10.248224 4.715320
6.611273 -2.496675
18.797361 3.631203
13.652647 -0.024511
7.403065 -0.575828
15.020247 -5.386665
12.917459 0.586485
8.021008 1.301904
14.853138 0.953337
15.748985 -0.919236
17.024494 -2.800919
0.324216 1.128363
17.057001 1.783779
16.625996 -2.161457
4.197448 -1.468034
0.866675 -3.426711
5.583571 4.139354
1.858547 4.153021
4.084268 0.130695
6.926126 0.379812
7.059105 3.183219
3.486961 1.775082
3.211727 -4.796228
2.758803 1.957689
5.197886 -1.353057
5.858133 -3.364894
2.452919 -2.043113
9.045925 -0.966633
6.098473 0.081488
17.574318 3.418006
8.339124 3.529065
7.062216 2.395288
3.403389 -0.687304
11.320827 -2.565927
6.803815 3.069063
1.729594 0.347812
14.051530 -3.600523
6.897642 1.661472
11.669557 -1.863003
15.009805 -4.397147
6.086898 0.330948
0.793631 0.880395
2.369768 0.075635
6.387891 2.126178
8.092004 -0.084457
17.898363 3.559871
6.289856 -1.718343
1.295320 2.047489
17.652605 4.258766
6.269348 4.897656
0.235252 -1.502162
4.171522 -0.757386
7.452310 -0.165211
1.758444 -4.492317
3.424464 -2.073319
7.709745 -3.323022
2.423690 -0.290720
8.634507 0.483716
6.310395 -3.196111
6.082319 -2.448839
9.771933 -2.290627
3.014346 -3.900347
8.358347 1.010935
8.511459 1.880624
3.789836 4.910656
5.794106 -0.163383
11.237000 -0.088880
17.934467 4.443261
5.036644 1.241836
14.890552 1.997643
4.762568 -2.905202
18.291206 1.207343
18.631851 -3.113241
4.730812 2.520966
8.561123 4.316368
15.185244 1.783676
6.838201 -4.619584
11.028419 0.365864
18.759253 0.929424
7.157364 -0.211890
12.898558 -4.350274
7.304897 1.221866
5.158583 -3.366561
6.814423 3.460843
5.850717 2.590793
6.196712 3.180582
10.499784 -2.479996
7.371293 -1.116769
5.016731 2.703609
10.896350 -2.501781
8.677905 -4.073553
5.442184 -0.485708
10.314946 1.056869
11.564516 -1.887650
5.492923 -2.536705
8.804482 1.572676
10.385041 -0.764871
16.415960 -1.580633
8.396517 2.375099
14.480836 -2.857955
3.320505 3.791048
14.513998 -1.505850
1.069632 1.082238
2.367858 3.415693
7.484985 -2.521354
0.662194 3.526877
8.225424 -0.417153
12.046320 -0.702638
0.163694 -0.369867
5.681419 0.892503
11.994406 0.166696
6.592987 -2.434914
17.040514 -0.306354
11.311518 -1.303997
10.684653 -4.468336
16.037975 -3.269013
6.244018 -3.693119
8.556873 1.169982
4.503027 -0.096152
10.468062 -1.768311
6.564016 4.878436
17.073940 3.799168
14.717280 3.327521
8.868820 1.291643
18.569481 2.835369
7.897523 -0.742641
13.702181 -0.115605
17.399117 4.191942
7.057351 1.799744
15.583420 -2.524829
6.033584 -2.166350
9.791059 -0.174833
14.811120 1.627072
18.449633 -1.192396
5.099248 -2.422687
4.239609 3.862823
3.885886 2.059449
14.815632 -3.012417
5.224031 3.446898
16.015965 -2.614461
12.100944 -2.261007
6.369507 2.611249
17.090483 -1.340291
7.196523 5.550368
6.532526 -0.074103
16.382118 -1.907167
7.794693 1.960138
9.768723 4.336116
2.377018 -1.599091
9.221164 4.246484
6.897334 -3.448890
16.328051 2.126837
11.355045 1.747132
14.679251 -2.563660
17.731785 0.167766
8.814016 4.113576
18.446602 -1.015850
18.000034 -2.552257
6.749760 0.131836
1.675230 -2.702245
18.198736 -0.421635
5.365292 5.077851
16.653313 -0.076473
17.172283 0.257791
4.604758 -1.084134
17.894154 0.259356
15.596263 -4.455717
7.381008 0.961603
15.955153 3.309020
15.788363 -1.503315
8.609880 -0.382325
4.624774 1.970504
15.743129 0.901519
8.916222 -4.119017
6.775952 -0.028170
15.728699 0.453895
9.220417 -3.095309
8.646929 -1.472113
16.083998 -1.315073
10.798700 -3.806866
9.363060 -2.176821
13.780907 -0.474604
16.327663 2.463724
9.450415 -4.595333
16.563267 0.116284
5.348034 3.459193
11.172017 -1.718845
16.662949 -4.357845
16.473223 0.786864
10.046818 -0.686669
15.205704 0.919773
11.979836 -1.959235
18.469797 -1.865293
14.441454 -2.908356
10.104014 -0.525768
0.145698 -1.261784
16.347549 1.009054
12.833849 0.914535
2.965052 4.190464
15.977239 0.359098
13.290113 5.096159
7.873925 -0.036093
13.213541 -4.120458
14.646364 -2.763165
8.564762 1.730448
15.706096 -1.675733
10.626212 -0.795232
7.486989 -3.647766
14.000996 2.553879
13.286973 -3.221709
7.605330 -3.187925
13.866738 -3.040776
0.384164 1.577779
12.136890 -1.998642
15.348069 0.367046
15.414424 2.105413
17.152311 4.835423
15.825165 -1.449100
1.518095 0.101194
17.261299 0.719906
11.933167 -1.068686
11.874653 -3.328536
14.487740 3.785927
11.528721 -3.188311
16.755789 -2.925125
0.827942 -2.666252
17.082949 2.895549
14.391328 -4.015076
1.221316 0.070697
14.117462 -2.986024
15.144939 3.003825
6.475132 -0.892862
16.737690 4.090711
17.125122 0.782886
2.425647 2.219611
16.674995 2.068386
0.750780 -4.596115
8.663784 0.303179
13.473508 -4.732117
17.816841 2.097198
10.916551 1.320349
16.895138 1.372461
0.740004 3.099050
11.141958 -1.317409
14.583554 -1.331947
0.882264 -3.227879
14.160908 -4.222773
16.548267 -0.622231
15.146016 -4.188091
15.376531 3.038710
17.649809 -1.218049
17.489296 3.980729
17.488440 2.382166
16.088150 0.181656
2.380298 -4.789542
1.747151 1.893462
13.455338 0.409308
17.495354 -0.310403
3.754436 1.494324
17.380121 -2.775861
1.491525 -1.763588
2.530269 -3.690599
15.924498 -0.391198
16.469492 1.706976
4.356673 0.408589
17.605095 -0.140459
5.570828 -5.567213
7.618099 0.713049
18.002943 -0.868981
18.170919 -3.471471
8.807026 -3.749892
15.253356 1.208289
0.451687 -0.981231
10.370870 -1.831272
18.294712 3.263053
0.708706 0.157557
14.474828 1.947439
17.919298 0.644617
5.351315 3.307592
12.814677 2.520609
15.519368 2.376049
17.188089 2.582014
0.905185 2.727149
15.250129 3.082147
6.123972 0.449781
2.845542 -2.560850
6.803823 -2.034893
17.145475 -2.239063
3.187324 0.778772
5.471169 3.632265
15.908651 3.074249
4.399071 -1.448176
5.717167 -0.038117
0.483540 5.130673
5.815905 2.354464
6.567605 -0.972023
17.189274 -2.848190
5.781533 1.978850
2.328434 1.008007
15.930272 -4.960972
9.033253 -1.740447
11.453915 2.118122
15.610421 -0.631177
9.121542 1.696130
3.981702 1.345581
13.933428 -1.184120
13.384334 2.587269
6.706333 -0.362592
0.915518 3.240232
15.608064 -1.127903
2.758436 0.893626
4.475753 -4.905416
15.944607 2.272920
2.512167 -5.361421
0.008535 -0.163691
1.023590 0.188353
6.289786 3.714393
17.984589 2.074761
1.578394 4.399794
4.871365 -0.411211
18.178478 -1.022798
3.740958 -4.651471
9.603637 4.532197
3.708516 -0.870381
4.274441 -0.225984
6.379879 1.893693
7.367106 0.179813
7.396934 -4.660167
5.343863 4.298245
0.335836 0.392665
7.843473 2.523071
7.553353 3.131040
16.574409 0.539588
16.342718 -0.431089
8.265530 1.933666
17.744898 3.076525
13.399333 0.807280
5.260478 0.844893
18.557129 -0.082298
14.832904 4.663963
5.993371 -3.822076
16.257483 -1.963400
17.307808 1.615411
6.352564 0.461147
2.583827 1.393056
16.449846 -4.280363
6.930964 -2.424031
3.296227 -2.627747
0.029864 3.292604
6.272709 -1.160637
6.314349 -4.943946
1.891227 2.751257
10.000595 2.673493
3.142285 3.425928
8.091215 -2.162883
6.841498 -1.609807
4.031358 -2.638720
9.383753 0.178061
5.554862 2.266139
9.140684 3.648343
8.359007 -3.195729
7.018198 -1.183158
1.687548 0.449615
10.365646 -5.046888
6.565348 2.591526
3.954746 -4.338769
13.769668 3.112166
5.914443 -0.003213
4.572871 -2.301924
12.214610 3.333779
6.529335 1.111894
4.124889 -3.416909
17.412943 -2.072610
7.603601 2.257621
3.950739 -3.926171
15.645185 0.407957
4.157553 0.026125
11.569325 -4.101989
1.482952 -2.660430
9.940903 0.950077
4.368984 -4.734196
2.614317 -1.675748
8.977272 -0.467532
7.503168 2.773078
4.533198 3.816022
8.050859 3.419511
6.821724 2.479324
6.217022 0.275076
7.730831 -1.950319
8.287808 5.439423
14.684480 1.045393
7.440877 3.299138
9.486890 -3.805600
11.251872 -0.648252
7.430402 -3.077456
7.636551 -3.874053
12.672554 0.173587
11.067243 0.945366
7.604092 -2.504025
10.769432 3.842758
7.814478 -0.998608
9.660573 -0.549895
17.583267 -4.587777
5.012236 -0.633489
9.729191 -0.321841
0.868762 2.146747
7.153825 2.605282
11.805734 -2.446960
5.615448 3.359193
8.150317 2.279737
8.435980 3.520197
3.204647 -0.353606
4.892108 -4.796552
13.630491 2.798441
1.825571 2.318563
7.163363 -4.988824
11.513871 0.007644
8.580581 -2.613454
1.234754 3.237574
9.068911 3.192830
12.551400 2.597800
8.841476 -0.039480
15.162545 2.230622
11.482873 3.653984
4.287202 -4.831789
9.453375 0.722991
13.129042 -1.039943
6.649806 -1.146364
13.717675 -1.461774
14.740162 -4.705592
8.100767 1.235650
7.703346 2.021604
16.705252 2.238881
2.747974 -1.231370
5.923195 -1.336944
17.664263 4.649522
16.524164 3.723295
10.644879 0.630056
5.567797 -0.546176
16.186720 1.959171
7.744778 2.309206
2.997621 -0.618838
0.323614 3.205970
9.000615 -3.105930
7.169885 1.800167
2.177295 4.972790
14.334609 0.721553
5.234398 -1.523709
15.542542 -3.900928
10.271854 -1.658975
11.066253 -0.776066
6.338272 -1.380163
13.405095 2.385551
4.903583 4.324966
5.714405 -0.292489
12.694187 1.509775
8.659247 -0.649307
18.787165 1.771738
11.602318 3.581381
14.915843 -2.593387
0.342900 -0.562048
7.876925 2.401069
0.205904 4.888046
16.606094 0.304047
10.952589 -0.649103
17.799805 -4.522379
15.067033 -3.488715
8.916318 4.504777
17.153965 -0.486429
14.759435 0.140979
12.124924 1.733003
1.880676 -4.134247
15.860662 -3.495090
14.571674 -0.408965
4.114151 3.901684
17.468861 -1.222792
10.269830 -0.294034
7.842629 0.264001
16.333302 3.381576
12.549098 0.864018
9.365034 -3.715265
14.865582 -3.342357
15.068270 -0.258558
10.727612 -1.565134
0.722944 -1.484430
12.409915 -3.389010
16.708315 0.065539
15.473076 4.201190
10.992005 -3.515399
16.570665 0.511738
16.134407 -3.087032
9.194367 2.744045
0.592460 -1.376179
18.129400 -4.484457
9.418653 -2.813343
1.334006 -0.674434
16.212309 -1.016607
15.236660 3.951047
2.630339 -0.145091
0.999064 -4.670793
0.853953 -2.536054
0.439744 0.743618
16.576572 3.017076
17.905182 2.300658
6.072096 -2.222409
15.063312 -4.159530
15.082589 2.705545
8.126989 2.335410
13.068770 2.665508
16.435984 -3.284005
14.260946 1.144099
15.283260 -2.490900
17.035353 -1.871882
11.370893 4.746640
14.663563 3.933852
14.246050 -1.978873
15.469973 -1.405347
15.758792 -0.989695
7.546075 1.235579
12.532628 2.566657
14.533175 0.113472
12.917542 -3.592334
17.148590 0.964099
11.451473 1.027972
14.782778 -3.933132
3.119933 3.512865
18.602470 2.634526
0.120463 4.251768
18.097511 -2.061641
17.016462 -0.027617
18.597656 4.260830
3.730887 1.398248
16.288713 1.124776
0.137535 0.188999
1.939771 -4.791830
18.350986 0.846987
1.390629 -1.153057
8.217092 0.751878
16.931171 -2.917461
16.756327 -2.510291
8.100554 -1.098242
16.135714 3.605024
16.884132 -0.134688
13.048615 3.311937
14.128926 5.233795
17.818907 2.212684
14.886527 -0.206930
16.226553 -0.847395
13.614213 4.035203
17.346670 1.943529
16.224028 -0.543507
13.307508 -2.646390
15.678745 3.532967
15.692655 -1.503835
18.424368 -2.753962
18.195633 -1.417074
16.842186 3.056456
3.265590 -2.420537
3.883914 -2.090319
14.636352 -4.550319
2.812561 0.973053
5.785796 -1.339544
18.187733 2.202229
2.925360 -2.350371
9.230849 0.211418
16.043747 -0.309154
2.181468 0.927717
9.785288 -4.023896
15.284018 1.221894
16.585403 -0.008642
7.232553 4.853121
15.239792 -1.445754
2.088058 -2.365592
12.390968 3.499727
15.742439 -2.956728
0.137242 1.408687
12.576092 1.090046
16.699886 0.025154
4.270576 3.436455
8.757660 3.432921
0.252333 3.512841
0.332621 -1.592014
16.200323 -2.133194
17.961637 2.457473
3.560640 -2.174890
16.589380 -2.895320
6.480129 1.168656
5.859286 1.044498
5.113508 1.032734
7.617450 -3.649905
18.397692 2.068094
0.340587 -2.171380
6.545182 2.658352
14.948108 -2.330741
1.751567 -2.185879
8.504649 -2.034125
0.105697 4.888794
7.830361 0.229662
6.862188 -0.280731
0.913769 -0.992843
8.705051 -2.052352
7.040094 -1.251609
16.144514 -3.956746
9.094509 -0.283431
7.908682 4.274017
16.209751 0.953197
14.324430 -0.396199
7.667243 -1.213127
12.623034 5.259700
13.790940 2.279625
6.039527 -1.691511
16.444510 0.841468
13.930093 2.267457
13.607244 -3.557899
5.252890 1.817313
17.664946 1.417594
7.277627 0.573964
2.104597 1.755681
1.516757 -2.059772
12.729112 2.709824
2.067159 -0.916302
17.800356 3.585765
11.801679 2.273209
18.351860 -0.184031
7.523602 -4.062414
12.185472 0.808019
3.577129 -2.679067
6.047416 4.157728
13.134874 3.719439
9.616499 -0.252322
6.385421 2.417099
10.118063 4.204206
18.753460 -1.244837
7.090416 1.246979
6.160786 -2.584909
0.974409 -1.745964
11.755750 -2.180519
11.479543 1.685260
15.485912 3.280731
14.069985 0.042828
6.217555 -3.466208
18.209009 3.598865
17.260460 -2.840379
9.660845 -0.860455
0.315836 4.150577
18.483349 -3.982129
9.485417 2.493493
7.027843 0.843936
0.298445 -4.236850
9.803806 -0.966037
18.228157 1.054963
1.848937 4.844388
8.853215 2.725994
3.093574 -3.288636
0.524822 0.052885
14.251913 4.396508
8.344902 0.468772
5.950388 0.965519
8.506247 -3.294402
7.233333 -0.442301
10.731372 -5.217027
8.369740 5.646664
9.041275 -0.989297
13.320965 -0.296233
5.992134 0.634182
5.771192 -4.579258
17.129017 -2.629126
15.432626 3.263068
6.812932 0.303890
17.807148 1.420089
15.362566 -2.679778
4.691097 -3.635092
18.293221 -0.287320
14.621330 -2.028783
5.830397 0.114508
0.857606 -2.558273
9.294765 2.487464
10.976896 4.018071
1.486716 3.431505
9.469042 0.287537
5.758751 4.983779
4.054603 -2.650407
7.356689 -4.365693
3.783478 -0.288338
7.513363 2.914037
11.551482 -1.228055
7.608210 -4.488168
9.109359 -1.704743
14.460066 0.127073
8.162233 2.099994
9.299205 4.622030
10.212907 0.689752
4.270912 4.884071
11.107807 0.198621
7.848808 -1.078251
9.031538 2.864360
9.085123 -2.766650
11.670230 1.044973
7.556522 0.225559
15.868516 4.902219
6.611086 -1.032162
8.808297 -4.505860
16.272844 -2.899522
7.891716 0.973112
13.284719 5.054586
17.816023 -2.516463
6.475047 -2.375605
12.621822 -0.095610
2.664850 -3.373471
10.802816 -4.588260
9.632104 -0.520149
18.340885 -0.321624
8.271886 -3.815284
4.632436 -0.656948
5.921078 1.533132
8.400237 -2.825827
10.326429 3.249366
8.102771 -2.301192
6.604055 4.603011
9.967669 1.801361
9.739257 2.834004
13.240337 0.613265
8.912744 0.218780
11.391219 0.438708
5.395190 -2.773987
10.978223 -0.918898
13.632284 1.974651
5.861362 4.503428
9.889860 0.314666
17.766722 0.180107
6.677727 -2.193797
13.823087 -2.840006
0.378100 -1.247790
7.905015 -2.853048
10.087460 2.568122
2.739979 1.420307
18.727045 4.129662
10.905107 -1.612865
0.530100 -2.444698
18.556932 3.057480
11.269950 0.391735
2.194305 1.624583
18.186291 -0.994927
13.066221 -0.088471
9.684916 -1.750766
7.946572 2.359110
10.497697 3.316748
6.355535 3.491770
16.457464 -3.859052
13.776303 -1.104104
10.820430 3.781525
4.673647 -3.689286
7.791019 -4.343179
11.942154 -2.406246
18.677649 1.966650
8.692378 -3.028214
11.326537 -2.509396
0.934972 1.643635
9.160441 -4.269829
14.724522 -0.899609
1.202976 -3.446382
9.986960 -0.247619
17.806852 0.986910
18.252796 -1.169309
10.571650 3.531561
17.650257 0.529862
16.778318 2.616059
11.067451 0.914994
1.031558 -1.751439
16.058586 -2.624506
11.267403 0.107412
3.800815 -0.443165
1.079514 -0.051522
12.266316 -3.968045
8.993462 2.502534
1.050829 2.523189
12.039902 0.768336
7.065462 -4.464074
17.635094 -1.301456
12.222628 4.546275
12.155810 1.121347
0.480942 1.202591
13.814658 -3.196053
11.166408 2.502888
1.001112 -2.762505
11.773391 2.006714
18.355587 3.388851
18.101206 4.524160
14.301167 2.743822
15.674552 0.855012
17.396317 1.960166
9.910172 2.842838
15.250789 0.645891
18.085154 3.747722
12.713066 -0.529113
0.020618 -1.289408
17.545086 -4.111282
12.623623 -3.431352
1.727179 -0.902076
18.702925 -0.344481
14.261144 -3.294624
1.787026 -1.876681
17.638697 1.745307
12.935000 4.979729
7.167439 -0.003723
11.919969 -1.819858
11.274699 -0.327344
9.543124 0.000896
16.279228 -2.925111
15.066374 -3.981103
6.728976 -1.278956
12.076942 3.395180
13.603401 -2.252482
13.976899 0.552364
14.665297 -0.276725
13.513982 0.762478
9.467745 2.157102
0.127283 -3.362871
14.386240 2.656144
13.127284 2.102186
18.266760 -0.823826
16.156013 -5.075265
1.180273 0.198744
12.287079 2.146719
15.333274 0.643871
1.606390 -2.742428
17.224236 -4.160914
17.468546 -0.361806
0.312725 -1.855647
0.695557 1.955448
18.650965 -3.088597
4.867589 -3.831536
12.701835 2.999703
14.313802 -2.873106
10.860447 -1.423977
18.176783 -2.030688
0.113485 2.728490
7.027581 2.170921
17.829405 0.451445
16.389753 0.930130
14.456625 -5.094865
16.357485 3.289296
15.297726 -0.459322
13.720128 4.248552
17.765425 1.435507
17.742182 -3.910041
11.485596 -2.190947
17.776693 -0.651822
1.969471 2.862714
17.686302 0.042554
0.613600 2.658153
14.700339 -1.534078
18.603662 -1.262257
12.586405 2.378678
14.925248 -0.033794
16.689371 4.561705
18.183832 4.111539
4.469217 0.203685
6.210157 -1.648712
16.381187 1.107211
2.243640 0.860246
5.545836 0.290183
0.497062 -3.878232
1.813290 0.182812
6.327591 -1.362540
16.425301 1.487985
0.934881 4.245462
6.692841 1.643648
2.138504 -3.514325
1.182571 -2.086547
6.256946 -1.797036
0.607296 0.573667
2.621071 3.253627
13.036830 -3.086049
18.040184 -1.378243
2.866853 -4.762575
14.262465 -0.469939
16.469456 5.116466
3.301326 -0.095928
11.514219 -0.052472
4.263389 2.417051
2.277941 4.205350
16.103729 1.412063
0.555634 0.751736
2.149987 4.559364
18.161470 -2.947514
7.995236 3.897745
1.497189 -0.638307
18.558296 1.618576
5.015410 3.735732
2.231467 1.988029
5.701275 0.509294
9.403954 -5.488314
5.925517 -0.617435
9.480019 0.767870
9.771366 -1.480164
1.951478 0.637020
5.206684 -3.376633
7.537709 -1.717555
18.287790 2.541175
9.575739 -1.857019
8.692591 0.801756
3.851995 -2.210624
9.114439 -4.399459
9.768069 -2.726827
5.049673 -2.695273
15.698469 -1.883976
10.405999 -0.419472
16.377199 2.342960
17.711952 3.279617
3.569519 -2.428306
3.284825 1.427874
14.699061 -3.908616
15.353520 -1.487415
2.330017 3.030699
15.670557 -1.724724
13.675772 -2.457109
4.238562 3.090394
0.666063 0.893614
8.595409 -0.088535
1.140113 3.292137
9.554221 -1.065520
13.061957 1.250423
3.725116 -2.473820
4.562644 1.639309
10.169201 -1.360794
3.213794 3.940730
6.190410 -0.454362
13.007521 0.734900
8.219289 3.607254
7.845492 2.992985
4.615350 -1.163219
6.014151 0.446992
9.444892 1.892271
9.294542 -2.945390
18.708662 5.075169
16.146336 -0.594035
9.933611 1.496670
18.579517 -1.935074
13.883884 -1.774470
4.833426 3.458652
4.156668 -0.961412
14.094505 3.546227
1.564245 -4.263893
4.561605 1.333412
12.450011 1.386672
5.288446 -4.192245
2.096164 -1.654775
1.211551 3.065905
7.526196 2.328779
4.195243 -3.872244
1.855532 -0.395046
16.004078 3.463251
3.829632 1.453969
6.412536 3.029739
0.141512 -0.224573
7.190163 -4.912271
7.436225 1.492608
13.440234 -4.721071
7.049124 -0.576582
10.519399 -0.222390
5.868053 -0.443142
8.773035 -2.188282
6.354659 -1.881816
2.932152 -3.489527
6.623100 -3.012289
8.999263 3.223248
6.156693 4.481330
6.108343 -1.261696
13.482922 2.323866
5.191188 0.368931
4.686084 -2.479267
18.519779 4.790802
9.467286 4.306967
3.317525 0.880808
16.206583 -2.225401
9.165617 -2.410891
9.626813 4.514718
4.897986 2.125103
8.065163 5.280207
6.374238 1.515005
1.910773 0.089228
11.055674 2.531157
3.531286 2.930364
9.491445 -3.508402
12.320010 -2.858910
9.561464 -2.942912
9.257135 -3.158461
17.842905 3.358468
4.283574 0.348866
10.556248 -1.651034
11.465000 3.158224
9.609374 -3.059498
10.963584 1.400943
5.177636 -0.441664
4.354352 -0.812178
10.268919 3.360643
8.417927 1.937520
3.660276 0.212729
17.642691 -0.770131
10.004025 -1.175568
7.124324 -4.150029
17.217224 3.232816
8.845894 5.033077
4.860052 0.695407
0.764521 -0.476391
7.995310 1.060358
11.556231 2.644934
17.069899 -0.029532
12.021564 -4.247987
7.023311 1.817284
7.121313 1.241030
5.978741 -0.652603
4.916111 3.549308
6.661006 -0.742618
11.192680 -2.980457
13.680911 -2.367398
9.846010 3.673038
12.560875 1.001719
8.068776 1.821046
5.440946 4.605003
17.427664 3.018467
6.131695 0.023536
9.777227 -1.188346
7.850811 -1.587522
5.603971 2.903975
16.542515 3.513906
9.088675 -1.729586
8.826828 -0.491532
18.417530 -3.322166
3.422667 -1.793677
8.197664 -0.935828
17.856216 -4.368958
7.558546 2.853470
7.851303 -0.670888
0.952975 4.367496
8.196949 1.784694
10.103362 -1.109383
14.846165 -3.842485
2.973293 -3.671356
6.711913 -0.086733
6.999098 3.787950
4.277249 -0.238066
9.111784 5.303336
5.266706 0.835819
4.117273 1.526661
13.204216 -3.006930
6.229702 3.411983
0.617385 -0.080092
14.157047 -0.706085
8.613978 -4.511465
6.125619 0.934793
5.216054 0.018894
15.184271 1.948287
2.688704 -3.989834
7.513250 -3.310934
15.848846 0.252809
9.297843 2.699836
7.011206 4.914228
15.267043 -0.903081
17.931273 3.486003
13.040573 1.492113
14.302019 -0.781588
4.192592 -1.429114
5.971087 -0.949655
0.425411 -1.457853
16.046747 -1.808677
13.023813 -3.727509
0.849506 2.936139
7.231575 1.216366
9.488310 -4.537092
4.290351 -1.069385
0.764814 -1.708265
12.685917 1.936693
2.379125 0.358095
0.295106 0.161063
13.698677 0.558286
6.446696 1.779169
18.348690 -4.315426
15.734555 -3.698736
10.485168 0.874414
8.703653 0.248730
15.108931 0.370396
9.443376 5.318731
6.856781 -0.303396
14.258070 -2.332424
9.178892 4.470407
0.173848 0.288004
8.609345 0.294802
17.310789 5.063441
17.797985 0.821281
14.744573 1.145771
18.334970 4.276392
1.164019 -2.993311
9.484852 2.337052
0.544665 -2.249007
1.671788 -5.135859
11.405199 0.836804
3.039915 0.442185
0.078307 3.534970
0.528175 -3.548973
2.778864 -0.485729
18.053436 -1.815724
11.247481 2.993094
6.175535 -4.438838
0.341197 -1.027956
17.673227 0.070949
14.129783 -2.063387
18.570429 -4.419374
16.130072 2.358200
8.824976 1.228036
17.161413 0.407899
9.524521 4.063899
9.860586 -3.280829
0.382736 4.437225
10.503994 2.992587
16.240025 -3.267142
18.488945 2.639064
8.464179 1.838832
15.556027 3.047252
17.338406 -4.052167
15.784650 0.139113
16.695759 -3.377641
9.527715 -0.631942
16.284435 -4.650018
0.586722 -2.476747
18.001261 1.917486
0.442979 4.002512
0.933256 -1.561373
17.169487 -0.784197
12.437837 3.851715
4.866632 -2.420912
1.195432 3.678127
18.651716 -3.860824
7.064634 0.721449
7.158650 -1.165182
18.573973 -5.248916
6.906901 -0.575877
1.040412 -4.538568
18.419823 1.113958
10.952818 -0.274850
10.235005 -1.375087
13.818312 4.415919
14.119613 -2.207227
0.838174 -0.772499
15.152408 -3.033784
15.028444 0.734260
1.557534 -3.442719
1.710655 3.237331
10.036199 -0.082650
18.666809 1.208267
3.872149 -2.001399
18.408426 1.286964
18.458195 3.146390
6.235855 -3.421509
18.299812 1.863326
1.511156 5.054579
14.163906 -2.028139
2.890325 1.186275
0.177694 0.520379
4.984749 0.070290
1.194941 -4.343622
7.962127 3.112069
18.735933 -0.391457
4.469604 -3.741761
0.050816 -0.410342
3.427219 -2.734120
4.424375 -0.141382
0.879063 3.468157
17.322920 -1.438685
9.027478 3.908923
2.910488 -1.066067
16.899324 -1.102402
7.646996 -4.387259
4.597452 4.807234
18.095881 -0.581976
10.908798 -1.442157
2.881408 0.167145
17.483879 -2.851099
14.131368 3.885726
14.109284 -0.428926
15.923162 -0.561625
15.685543 -4.561103
17.456812 -0.622254
2.588661 -1.099616
0.356906 0.589236
14.244335 -3.088423
2.592462 -1.369583
1.966697 3.606635
18.231918 2.295241
1.602088 3.050359
4.220510 -2.097025
15.682117 5.844731
13.651075 0.817371
5.550359 1.719715
12.379859 -2.241179
17.327694 1.868126
9.536854 4.219841
14.234413 3.286262
4.527904 -1.034155
6.213618 2.678094
13.017643 -1.918840
3.085607 -2.270990
9.304154 0.379727
11.846013 1.913188
2.196606 -4.155337
10.403396 2.595914
8.144932 1.763015
0.403408 -2.092222
11.229759 -0.517648
8.106373 2.729484
2.020142 -2.971603
15.903748 -1.580548
16.105423 -3.096199
5.671535 -1.338889
14.802231 0.691541
10.607726 -2.143047
2.574934 3.002738
2.726888 -4.610732
1.153126 1.049146
2.137147 1.305551
7.990045 2.347389
12.825160 -1.217590
1.387467 0.597811
7.177773 -3.962451
12.123876 0.622382
1.322031 3.379688
8.808249 0.123716
9.081951 -0.979526
2.748477 -4.387901
10.861787 2.061542
2.789005 0.641997
1.099051 1.768157
8.111231 3.459511
17.758402 1.012626
1.962854 0.870137
15.791803 -4.483091
16.474701 -0.990662
3.913655 -3.335176
14.999617 -2.457948
10.264688 -2.960568
4.132863 3.064365
18.219166 1.671564
16.330912 -0.785387
3.381266 -1.832929
16.880854 3.783399
16.596739 2.626076
1.429350 3.880662
14.623796 -0.165418
15.371813 2.756993
3.931887 -2.236206
4.596852 -3.938080
16.055374 -0.547173
6.874783 -1.891344
5.133537 -4.360548
14.592751 0.483611
5.176827 -1.141836
7.851357 4.962190
16.312943 -3.448673
2.561260 1.347465
7.959494 -3.173311
15.297701 -2.231393
4.773779 1.078932
9.754769 4.323359
14.550455 -3.293804
2.712003 -3.443513
10.398631 2.937653
7.118679 -0.929764
10.413092 0.006948
13.338231 -0.289257
9.402264 -0.506021
1.524707 -0.197345
17.171347 -1.597465
9.395494 -0.431625
5.427886 -5.880875
17.578712 0.579457
9.584701 1.887736
9.689445 2.008838
3.065929 -1.271836
1.053745 -4.543303
6.472724 -0.861879
1.912349 -0.211633
7.252292 3.027938
9.062809 3.993070
7.405467 -1.238515
11.220355 -2.030448
8.410147 -2.462779
6.863534 -4.836573
1.157472 0.150818
6.176700 -3.649799
4.126396 3.737573
15.180005 -0.517987
6.443261 -4.503949
10.494639 1.372110
14.181801 -2.590515
10.739638 1.658972
12.403485 -2.734313
10.379641 -5.055848
8.818363 0.284921
16.331940 -2.503372
7.788896 -1.311602
7.024269 0.565502
18.209154 4.703502
16.285336 1.782917
5.656390 2.825172
16.617809 2.312045
9.576145 -0.130585
13.180312 -1.800684
1.583204 2.368541
10.531346 2.478885
8.686959 -4.436984
4.222645 -1.862505
7.795991 -2.223146
5.190341 -3.364535
3.644353 2.063690
11.802195 1.410906
10.088050 -0.932581
7.635080 2.831295
10.202127 -3.602634
10.661845 3.126423
8.837502 -2.258046
0.024461 0.115062
10.194176 -2.504218
9.774237 -1.741801
6.143790 -3.666343
13.764546 -3.910226
11.605466 0.503251
9.177711 -3.910536
9.680101 1.778706
10.321679 -1.652920
17.296324 -0.148527
7.165457 -1.930409
17.458719 -3.448298
9.269623 1.180105
10.344490 -5.697329
16.311499 0.051640
9.548209 0.462562
12.327046 3.231479
16.842539 -2.762383
10.891429 4.248230
10.352402 -3.404329
3.831784 0.178961
7.690164 0.763067
11.449654 0.300631
3.880567 -0.480405
7.857185 4.677938
11.002312 -2.072104
10.401934 0.703613
8.431287 1.287289
7.314555 1.272468
8.499977 -4.450975
9.207124 4.852762
12.004202 1.435201
9.686520 0.644893
5.988776 1.333555
8.142935 -2.274157
13.950469 -3.904261
10.184110 -0.749258
11.153703 0.253728
10.940558 1.528966
1.498900 -3.199785
6.156964 3.546385
0.113921 -2.284893
9.356234 -1.571376
10.747990 -3.419599
18.171366 0.145130
8.267043 -3.797129
14.418329 1.556145
1.331390 1.971559
10.685431 0.281083
13.506396 -1.517174
17.537666 -4.676319
7.873618 -1.673468
13.894977 1.356268
5.982248 -2.933262
9.548180 -5.179595
11.233959 -0.861007
4.930529 1.381818
2.793944 0.786423
11.686082 2.501219
9.330910 -2.449388
6.251596 2.723860
11.890654 0.560555
10.149147 0.692322
0.757211 -1.460413
10.641133 4.390157
13.618015 0.850219
5.537469 0.946719
7.376412 2.545560
16.494625 -4.825045
8.005680 1.994226
12.940197 3.858767
15.977590 1.926844
1.510939 -1.915968
15.171112 -1.165374
1.270589 4.700743
9.043055 -1.121549
17.168568 -2.783734
15.419578 -4.795956
9.925684 1.247544
12.128651 4.225808
0.192206 -1.716363
9.584989 -5.655245
16.466759 1.078564
2.806688 -1.946396
8.488810 0.874664
16.684805 5.930926
4.414887 0.256607
8.977976 2.957000
12.843051 0.843432
7.151345 -3.542146
5.849863 -2.996372
14.056067 2.870480
7.485878 4.048523
8.239844 1.361303
17.057573 -4.924784
11.141727 0.098815
8.759731 -3.505182
17.547571 1.878642
17.685656 0.481047
6.463705 -2.255788
14.378554 2.013347
17.245817 -4.717507
12.949840 3.761657
14.711346 1.457909
14.943350 1.753641
10.463135 -3.083980
17.789644 -0.823110
0.185559 1.440260
4.620547 0.337519
17.563602 1.945729
1.967481 3.691511
6.851536 -2.990205
2.201463 -2.179111
5.278384 -0.856253
7.798112 3.466586
15.397838 -0.570385
2.858703 2.960400
2.480028 3.419521
17.587223 1.442598
10.248264 -1.835668
6.914861 -5.123566
15.404617 -1.064726
11.058199 -0.888232
5.251917 0.696993
16.354076 1.784272
11.758939 3.771384
10.766889 -4.711011
1.123478 3.023600
1.578435 0.996106
7.776214 2.428138
0.336849 4.520902
16.969799 1.413966
11.221991 -4.568285
0.339896 -2.023065
17.136019 -1.228551
9.361241 -3.075761
14.542331 -3.061077
2.723088 0.582265
8.681898 3.352630
17.793388 0.940114
5.927743 1.253435
10.471972 -0.208598
14.581603 -3.096000
6.489620 -1.704114
8.312713 0.425997
1.014976 -0.099386
6.006504 -2.927869
6.921190 -0.500833
1.707031 4.197607
7.145692 1.237043
6.932392 -2.848952
16.660992 -1.139009
12.435655 0.453528
8.565757 4.239896
0.658484 1.707210
14.850539 -3.265010
11.033492 -0.879595
2.613740 0.790992
17.090504 3.282590
13.378495 0.458489
16.092299 -2.751297
18.049009 5.083606
9.697956 0.208093
14.316555 -3.504414
18.815575 1.857533
9.678398 5.107572
18.019154 -0.014612
3.893549 0.120781
7.394099 1.180458
3.464622 0.841606
3.658178 3.659884
7.851188 -1.290058
18.801142 -4.095541
2.714268 2.731333
15.062083 3.860929
17.616558 -4.336770
9.211175 -1.624984
10.945833 -2.656720
1.690286 -1.762720
6.927166 1.404558
7.893103 -1.866822
5.523932 -0.516564
14.587385 -3.965679
11.328948 2.353129
18.703064 5.157783
12.760870 1.151767
11.126271 -0.995467
6.184932 4.361099
14.912321 -1.919331
13.087011 1.549203
5.201964 -0.246407
14.714056 2.524159
18.765110 4.454792
1.925328 0.320643
1.278832 1.499549
11.579051 -3.522650
1.639178 2.810001
5.058057 -0.198569
15.547935 1.422839
4.009281 5.258509
2.282560 -1.609893
12.432949 -0.048990
16.766338 4.220658
6.141642 -3.389164
0.777299 -4.480049
0.412003 -0.748072
8.994897 1.555180
17.741783 -0.063535
0.384099 -3.297879
5.270421 4.172600
6.204992 -0.060188
6.786981 5.689398
11.624104 -1.615691
13.457763 1.044873
2.340843 -2.158401
12.036802 2.805888
1.819636 -0.484119
13.802951 -3.669862
15.894195 -4.169869
7.396204 -1.489404
5.356094 -1.320131
18.507252 5.381929
16.133226 -2.855600
1.044395 1.204548
0.333619 4.256679
14.137675 -3.242390
4.104348 -3.333081
3.218842 0.390378
12.260864 1.941130
8.568539 4.708878
3.653746 0.277192
13.950171 0.816744
2.472478 -4.672821
3.925096 -1.670517
14.586044 4.465057
1.397111 -0.307206
6.890739 2.837520
11.892708 1.130611
5.774242 -4.688979
10.317217 -0.069880
13.168965 3.308184
5.558627 -1.769228
11.883383 1.809108
8.020256 5.422465
2.225785 -1.051587
12.447784 1.220083
11.033740 -1.466148
5.900645 3.426148
12.111585 2.680430
12.103691 0.824633
6.163553 3.642949
13.549882 -1.541635
13.181602 0.188340
5.721574 1.569910
2.788562 -2.984452
11.347637 1.337993
8.328142 -2.371632
1.937684 -2.627327
17.373732 -1.191671
8.902781 0.757260
5.929042 5.751139
10.205682 1.233810
5.222381 3.242877
5.455867 2.364180
9.083371 -3.278176
8.535803 -1.224685
7.012165 3.145805
8.074733 0.541068
4.395816 -4.343657
12.777507 4.426699
13.944596 3.333924
9.813528 3.245406
7.911797 2.348061
10.472303 4.128972
7.988552 1.389180
14.124410 0.309439
8.754496 -4.694479
6.795784 0.283486
13.580716 0.615271
9.583555 -3.053377
5.167234 0.439879
13.765542 3.131135
13.432703 4.660922
9.447743 -1.364545
13.922872 0.599958
9.156401 -5.251990
8.401054 0.221739
1.584442 -1.700711
12.608104 5.397079
10.256607 -1.417900
2.901684 -1.290304
9.879458 3.582107
6.918485 3.424294
2.785820 -2.069214
10.511302 -3.120042
9.643066 1.865397
5.953621 -3.146727
11.287588 0.259749
11.821841 -3.156543
4.533072 3.096632
9.698493 2.095151
6.263158 -1.071558
7.078454 -3.113232
12.324884 -4.231740
7.333667 0.484270
12.034744 0.166572
9.913980 -2.203299
9.672312 -0.756003
14.193827 2.270698
14.623193 0.025951
15.432481 1.076196
12.388598 -0.996760
11.275887 3.072820
13.204116 1.393046
15.636487 4.008134
12.972151 1.273724
9.664110 -5.152046
17.349239 -0.909376
3.033417 -0.034827
9.344833 0.756859
0.381374 -1.178551
11.796126 1.766274
11.420749 1.658264
6.280241 -0.775429
3.758396 3.724430
10.431709 -1.331741
4.456460 2.647006
6.539009 -2.270866
7.685903 -0.983785
9.309267 -2.577365
11.679066 -2.126168
9.120855 3.354722
12.889096 0.758921
5.293247 2.698300
12.123407 -0.833075
11.680756 4.075244
6.265924 -2.224885
8.915041 -3.138708
12.401777 1.218139
17.414894 -1.425189
12.013824 -3.191796
16.246981 -1.089649
4.046923 0.191151
12.770638 -2.238428
16.209646 4.879638
10.790519 2.986152
15.484714 3.916392
15.883642 1.565498
7.834273 -3.287777
8.562514 -4.274210
5.693918 -1.736199
17.607018 0.019812
14.248596 0.328715
5.345541 -5.000209
18.122551 -1.225671
15.114552 -4.824313
7.117674 1.052266
17.796545 0.787095
15.893580 0.636472
3.281311 0.020411
4.052900 -2.373610
13.573033 4.317260
11.592515 -1.301468
3.179486 -4.653131
17.065361 -1.897760
11.852074 -0.883068
2.089172 0.295234
12.003453 3.396529
15.301641 2.385334
4.934968 3.040087
14.843772 0.807385
0.293931 -0.849130
3.030802 -3.109462
10.921797 -2.905963
18.290636 1.184819
8.159276 -4.206371
16.946924 -1.742877
1.660455 2.152898
8.982022 -0.801444
14.631875 -4.323830
4.516039 -2.434259
4.385453 -0.456649
12.063292 -0.901118
3.288157 -0.771244
2.604580 -3.977033
15.413141 1.665677
3.511568 2.235575
3.417076 -1.215913
16.411818 -0.221724
5.903291 -4.478764
2.519941 -0.524925
14.597271 -2.320095
14.098720 2.791276
3.994250 1.511430
11.749726 2.743724
12.756586 3.598151
3.983847 0.728875
16.247835 1.800752
13.668880 -5.041233
14.192228 -3.347966
13.017363 -3.686268
14.051396 -3.184321
11.870502 -3.638600
17.564821 3.022679
17.802141 -0.648021
11.192078 -0.001022
0.896835 -2.431876
14.645823 4.951074
10.284257 3.594464
15.712841 -0.112787
4.345405 4.663594
3.839268 -2.526182
13.940261 5.229987
3.334432 -0.594238
9.143057 0.182106
1.782773 0.469902
7.588034 1.683920
4.095379 -1.570560
16.598661 -4.966967
10.185178 0.127736
5.607488 2.855277
14.992000 2.890719
13.064353 1.089707
1.862462 -2.228473
18.395124 1.287220
16.414331 2.251892
5.115301 0.773059
17.694969 -2.406790
13.058156 -0.240150
1.909503 0.959223
13.815303 3.624597
12.467221 -0.241534
7.348873 -4.548711
18.119356 -2.138706
15.067600 0.148801
5.227569 2.360499
2.786090 -4.140066
17.968109 -0.317069
11.844183 -0.424118
15.386215 3.644254
4.986294 -0.149847
11.282149 1.188078
16.692739 1.825086
3.057099 -4.882483
10.889505 4.024778
0.059644 3.065885
9.032579 0.043013
6.210031 -0.065447
15.262080 1.698403
5.960515 2.889286
3.977303 3.322097
18.100878 -3.572420
8.991202 1.475373
3.863701 3.696748
15.330471 1.580473
12.140620 -2.068194
10.716158 1.286946
17.497179 -1.390021
16.474691 1.030680
14.144973 -2.039863
0.881177 -3.165032
16.092207 -3.013659
9.009050 -1.350798
1.227300 -3.845979
1.275113 -0.414042
12.326447 3.661996
3.901005 0.272918
2.672980 -2.747538
16.906088 -1.649812
5.175758 2.439142
3.262277 3.023774
12.116291 -2.696499
0.096489 -1.185716
5.944117 0.012119
1.195779 1.124384
16.114843 1.663022
7.220505 3.744266
12.830070 1.132207
4.629890 -2.386223
7.495455 -5.230464
17.317581 4.001133
1.594339 1.283023
12.903460 -1.823558
16.118847 -0.937533
18.667826 -3.252726
14.203740 1.642472
12.924069 -1.505247
18.545437 0.832935
13.804461 4.415557
13.112392 -0.023666
2.146111 0.366867
16.073690 0.190508
0.032276 5.245824
16.621969 1.462976
15.947918 -0.764700
13.439086 -2.552847
0.333157 1.130638
17.733419 -1.628823
2.746708 1.892413
5.773108 2.530886
1.488426 -4.230438
1.971309 2.953295
4.162482 0.429934
4.613373 -3.200209
2.176767 2.547065
4.065476 2.444021
10.632668 -3.398536
5.612057 0.513545
3.232661 4.231012
7.124141 -1.807141
16.129553 0.251464
16.878460 4.591990
15.040386 -2.135614
3.724806 -0.494937
0.547233 -2.845362
14.379531 0.094562
1.283598 1.158781
2.146127 3.457875
14.631541 4.406966
13.800614 2.828550
6.760284 1.639061
15.121832 -3.853886
0.861201 1.799629
4.853662 -0.241080
15.629095 3.363428
11.112801 2.967327
3.589184 -0.370194
1.189262 1.363943
13.953175 -0.394907
7.563436 1.478205
4.021564 -5.037745
0.886549 2.472512
2.432181 -0.586844
2.633093 3.994927
1.940012 -1.968075
4.006819 0.078987
7.824731 -3.086035
3.025264 -3.115184
7.995204 1.864547
12.634239 -1.578645
1.169157 -0.680055
3.879476 -2.694420
14.282825 -4.050256
16.898207 -2.203125
8.700996 3.309120
11.591621 -4.252581
12.741721 1.005302
4.063004 2.155442
11.099834 4.284222
2.670984 -2.143865
1.294208 3.262500
15.571210 1.776456
2.826864 -0.443904
4.003436 2.478019
2.945083 -1.001067
11.472692 -3.436996
6.351731 3.669137
2.556266 -0.402706
0.750184 -3.743261
10.311129 1.619912
5.857050 0.891894
0.693041 -1.981157
9.857588 -1.363535
2.647870 -4.470954
14.783442 -1.267179
10.071253 -1.069378
5.369114 4.643459
0.177704 -0.553289
8.239082 -2.025341
8.940970 -0.437729
5.767925 -0.104709
3.729557 -1.599376
4.889247 2.947418
18.213951 4.131794
9.550602 -2.338146
13.147425 -2.252425
0.631169 2.158081
6.835293 -3.199247
15.769086 -2.207136
12.695271 -5.319620
7.871655 -0.409483
14.264412 -1.890423
1.078370 -4.066330
5.343098 -2.252584
17.442919 -0.256057
18.372652 -1.815534
12.576827 -0.951137
3.706014 0.016444
18.136400 -4.173111
6.881559 -1.760373
3.927104 0.999362
8.769165 -1.217807
2.921083 -4.504532
2.438455 -2.431002
1.175840 -0.286073
10.482298 -3.382107
8.298256 4.034070
14.570705 2.321242
11.710393 0.096274
8.565249 1.230541
18.155031 -3.670900
10.276207 0.692897
11.539512 -0.818667
11.763306 3.320631
9.991138 -1.416006
14.575163 2.358715
1.027313 3.848387
13.264895 -2.031205
14.312523 -0.034045
11.855869 -0.179684
5.467511 -0.468227
16.849760 -4.186912
2.282207 2.144012
9.287042 -3.507057
1.987150 1.102445
10.992060 -1.789041
10.490239 2.601040
1.880392 3.233510
14.275808 0.446895
10.869671 2.198745
3.338794 3.778292
10.630651 4.114256
12.952684 0.049789
5.780216 -1.409431
9.906088 0.900753
9.233139 -5.344962
12.095037 0.327945
10.085777 -2.765495
8.828046 -3.101202
8.671542 -1.547557
8.539449 5.041625
10.747270 0.379662
12.252091 0.747699
12.076900 -1.170735
10.898179 4.813560
12.760503 1.528232
13.422016 -1.926181
11.162707 -3.948480
14.048790 2.141900
6.856571 -0.511892
10.538428 -0.487466
16.255287 -0.298249
9.701077 1.056852
12.602295 2.662210
15.024977 -2.966990
11.409640 -0.283425
12.147121 -0.087911
2.634496 2.501425
9.596991 2.377831
11.830545 -3.125218
3.185393 2.006312
0.719065 1.692091
12.404620 4.486231
5.086718 -2.519649
8.777151 -0.116746
12.859057 3.785360
4.919629 1.393377
7.069757 1.141374
11.924691 -5.179112
11.990797 -1.603356
9.911001 -3.504709
16.875765 0.331534
7.180855 -3.155670
5.714620 -1.200488
12.924560 0.874674
13.259009 5.273004
12.788834 1.493398
12.392859 -1.746994
12.940138 -1.690100
10.462024 -2.087479
10.967173 -4.462865
15.156884 1.118214
10.370474 1.202270
10.965188 -0.364997
12.774872 -3.243712
11.794432 -0.619141
18.072044 3.732710
4.137323 3.200673
13.096878 3.703226
13.861378 -3.412113
2.511720 -0.466062
7.219133 -2.796577
15.037825 -0.402617
4.499822 1.865806
8.577003 0.340844
15.672730 -0.656764
5.908997 -4.668789
8.093586 -1.349700
14.864657 -1.470198
7.481437 4.684752
10.037102 -4.181586
0.810058 3.091894
10.854777 1.886336
11.743896 -2.171703
12.428691 -0.767028
11.326707 -4.593204
2.118447 -0.654119
16.489681 0.381137
15.994605 -4.294564
15.981682 -2.698420
17.296871 -2.237525
16.810812 4.502372
4.424315 1.343734
15.463447 3.461210
2.049956 -1.767061
12.037124 -2.161343
13.667766 -2.359676
4.409347 -1.757944
8.038404 3.488915
12.345894 -2.218621
1.946020 -3.445207
11.021166 3.374465
0.753341 1.386388
3.364804 1.073832
11.180976 1.567277
17.541069 -0.583590
11.477432 -1.615772
10.394921 3.111895
0.262377 -3.024541
5.243124 1.027705
10.024266 2.374425
16.466171 -3.383343
13.336563 -4.222931
1.865820 4.330258
16.116112 -1.115212
13.022865 2.611024
12.387110 0.470546
16.581028 4.595327
16.100447 0.289768
11.466824 0.405699
17.605906 1.517545
14.720072 4.882134
11.544595 -3.017511
15.267260 -0.277449
18.409435 -2.205400
12.224384 -0.923843
5.435561 0.848128
0.324383 -3.582708
11.970925 2.328245
18.427530 -4.732532
2.126510 -0.457624
0.788185 2.762539
15.641682 -1.294748
3.255882 -2.976345
18.358595 -5.175956
17.284994 -1.684261
4.461649 -1.714216
9.681176 3.755898
1.512324 -0.220924
13.152900 -3.406142
9.840851 -0.685182
16.378654 2.164285
10.050447 -3.768548
14.287736 -4.981918
17.083616 -1.477923
13.085405 1.210460
12.547446 0.655791
17.057598 -1.161898
12.643356 -3.179866
11.102896 -3.632957
1.573335 -0.299905
12.217331 -2.012928
7.659355 -3.400760
15.610570 1.594538
18.517231 -3.478995
1.801117 -2.325505
3.775548 -5.180564
17.881096 -0.929240
1.558483 1.105032
17.436222 -0.045593
3.466511 -3.033417
0.273451 -2.211810
4.560989 -0.956863
8.297874 4.035535
1.000731 -1.719778
3.527013 -0.038545
6.214463 2.962375
1.363461 -2.776691
1.752367 2.774703
4.539685 -3.363105
18.544287 -2.001301
0.917961 4.362198
10.257564 -0.654348
14.735679 0.508748
3.493044 -3.283954
8.512088 -0.997967
1.260221 -3.468789
0.903022 0.711693
12.863618 -3.115638
18.321022 -0.173598
13.530542 0.662241
17.257702 4.934065
2.850863 -2.506955
13.006459 2.801699
17.638765 -3.390255
3.078909 -4.414550
1.754540 0.372469
1.756424 -1.187550
1.652193 -0.117003
2.479283 -3.720933
0.724728 1.375729
2.660665 -1.335834
5.786132 5.045954
3.329954 0.533263
2.338630 0.592765
14.665208 -4.824467
7.311976 -1.463281
3.816139 -0.060430
4.251725 2.383156
6.693367 0.536207
3.322758 0.088209
2.372379 0.559886
10.589038 -0.390406
3.567441 3.011921
0.010857 -2.727585
12.760708 1.625609
2.142310 3.636515
2.685657 -1.025942
12.017155 -0.758360
1.849267 4.420377
4.075252 -2.805289
1.294627 -3.104015
1.876579 1.876732
0.450469 -2.326340
2.903452 -2.109402
4.397216 4.770580
5.346059 1.453843
2.242374 0.404873
5.173885 1.660716
3.159858 0.110755
2.853260 5.174294
0.969242 0.914721
4.648939 5.184808
3.124014 0.899256
1.204169 4.417970
5.862131 1.101890
6.487181 -0.401640
2.160198 1.314567
8.380672 0.694185
10.338910 -4.782763
0.410972 2.996488
6.096164 3.842029
14.000505 0.444128
2.131729 1.107609
5.780699 2.019711
14.268842 1.766732
2.798202 -1.944802
1.790081 3.058963
13.636366 1.865895
1.872757 1.963715
7.590374 1.171615
14.158144 -2.977242
4.397492 -0.623922
6.771657 -2.675015
17.527388 -4.185908
16.578953 1.758885
10.118666 -2.411151
2.672753 3.374032
18.705761 4.066806
10.783052 2.037985
4.106527 0.300393
1.498940 -2.610944
8.164841 4.395776
3.423006 1.096994
0.046532 0.541376
9.022382 -3.684816
4.595195 -0.045870
2.417212 -1.205863
2.790010 -3.536802
9.010916 -3.103632
17.306072 -3.173971
8.129697 -0.369436
7.954571 -4.329483
3.942169 2.848406
7.833558 -2.650218
10.107702 -1.863116
15.305802 2.740721
13.652983 2.289684
12.272058 -2.401725
0.483922 -4.527985
8.032451 -0.022399
1.963655 -2.798746
3.290660 2.973062
4.367239 3.518002
18.661488 2.228070
2.196813 2.423590
9.663861 -0.558839
4.496441 0.958468
13.435757 -2.851791
15.127183 1.807513
4.218427 0.931998
0.286588 3.023600
14.191655 2.147958
4.392277 2.574933
2.457312 -4.335960
13.976779 1.031046
9.119918 -0.119637
1.327944 1.037152
10.441689 -0.527914
11.621529 3.493377
0.019218 -2.373350
11.925244 2.105985
10.880083 2.632688
17.649904 -2.992442
11.185827 2.677755
13.612740 -1.006552
17.015095 -3.076184
8.772104 -2.229601
16.679846 1.889784
4.386228 -3.050524
9.494601 2.050902
16.659254 4.187438
8.012080 -3.857619
9.743867 1.180009
0.916555 1.453316
13.994318 -1.922348
5.467300 -0.986636
4.536705 3.870708
13.261659 0.111374
11.361733 2.550869
17.764540 -4.698816
13.533691 2.819623
7.659217 1.109848
2.043039 -4.123720
11.432252 -4.163818
5.741607 -1.683950
8.234552 -0.276999
7.683280 -4.860450
13.053778 -1.151051
10.180809 1.564857
13.940326 0.809626
10.001248 -2.189976
9.677281 -1.509673
14.620720 -1.818297
8.989859 -0.181230
12.480738 3.685945
10.029068 2.419977
7.477942 4.255005
12.456322 -0.900654
13.290174 -2.306575
7.463922 3.265807
17.280334 -0.821060
12.804928 2.537303
9.308156 -3.677979
1.071467 -1.348752
15.960135 1.559836
15.307927 4.672716
0.119920 -0.713928
18.276632 4.221148
11.682482 -2.254689
8.535658 -2.541520
11.927131 3.381476
9.888525 0.039039
5.002288 3.882695
10.229467 -1.789935
13.240004 2.308863
4.035797 3.298077
4.767790 0.835106
11.746645 1.378706
5.078931 2.895306
12.928607 -1.288176
10.863302 -1.021859
11.044873 -4.887797
12.793358 5.016205
12.012988 2.223936
7.935861 0.903970
8.859103 -2.813963
11.314529 0.088147
13.853432 2.809850
8.743011 1.900778
12.891771 4.500502
12.440372 -1.973356
9.186669 2.834694
15.241197 1.732861
17.140884 3.555347
12.737355 0.894288
13.014469 0.468763
17.306292 0.179190
13.327039 4.961853
10.858959 -0.838137
4.920418 -1.174533
5.703647 0.140860
14.348587 -0.261388
3.281727 -4.114491
9.990867 2.886972
10.914749 2.901091
7.113946 1.524380
5.309870 -2.600254
14.875557 -0.983192
10.500753 -2.326200
5.087923 -0.534107
15.925249 -1.173175
8.896245 -1.041140
10.677044 0.149298
12.664733 -5.490869
12.881400 -1.338003
4.593136 1.981065
13.100330 0.187276
18.663137 -3.726127
3.684523 -3.434817
10.739685 -0.716840
15.345000 -4.390654
5.911168 -3.335396
12.379459 2.189764
17.330666 -3.251448
13.898513 -1.758441
18.463966 4.268404
6.296596 -2.048909
12.579409 4.015718
2.302188 0.120651
0.994570 -1.692520
15.254537 -1.289478
18.151264 0.187609
4.613934 2.348600
7.994894 -0.310692
17.062098 -4.260490
7.874020 3.570231
6.404333 -1.416744
18.207594 -3.554653
11.745414 -3.636162
13.693667 0.258467
6.663963 0.630485
8.614984 -0.391721
6.444583 3.025794
15.298960 0.835986
15.346051 -2.482236
13.171077 2.352696
12.728869 2.947217
15.491686 -0.959825
11.860614 -4.583712
0.279556 1.031741
18.818367 2.174996
11.778337 -0.863129
2.472323 -3.487165
14.629790 2.878084
15.694528 -3.946373
3.006661 0.552527
18.726362 -4.055527
13.290886 3.863875
0.796019 -0.500493
4.577229 2.008595
12.951567 1.688632
2.119059 2.155354
5.707300 -1.698654
10.718362 4.103591
4.617831 1.126493
7.183743 -3.872837
13.587303 -1.990031
3.050956 -4.400764
7.190745 0.776321
11.590177 -1.446572
3.476201 -1.872077
12.535031 -0.911164
13.019860 1.491536
1.601504 -3.643066
13.455792 -0.405167
10.155908 -1.292204
1.949955 -4.604126
9.394435 -0.367603
13.801069 1.826651
2.849861 0.321146
14.575110 -0.534381
12.186646 -4.335607
3.763527 0.260074
18.152191 -0.650409
17.924919 0.891912
3.460544 -2.151407
2.144445 2.263142
2.462829 -0.389240
17.898806 -0.045709
6.188958 -3.809844
1.387697 1.090764
16.821381 -4.322169
4.950024 -2.948488
4.248673 -0.273563
4.121758 5.328855
11.760384 1.309489
17.520952 -0.941139
17.909733 -2.340002
13.257638 0.798220
2.512997 -2.551802
0.796173 -0.139462
11.649800 4.150259
1.392051 -4.959635
16.064425 -1.993445
10.814656 0.417849
1.767643 -3.531199
18.062485 0.160531
12.566632 1.541351
1.836002 -0.285617
2.780658 4.706764
16.202225 -0.853856
4.445355 -0.077626
0.546751 4.046690
1.314196 -2.866220
4.244016 -3.574928
0.629441 3.312520
4.918594 -0.479447
3.828086 4.699651
0.393961 0.575038
6.822567 1.080942
5.443357 -4.040218
4.739954 2.439874
8.490987 -0.602404
7.339552 -1.523163
5.122010 -1.955993
10.896204 2.352623
4.089051 2.837476
3.406726 -0.824565
8.294640 0.421908
5.483646 4.242447
0.469798 -1.455242
9.573957 2.406807
3.962862 3.942600
2.514185 0.858085
12.599953 -1.186468
4.423625 -2.094932
1.132720 0.116536
11.439179 -3.684853
2.377017 -1.625373
1.435916 2.575637
18.278397 1.807182
3.643027 -2.748902
2.549396 -1.794781
0.040055 0.010221
6.056785 -0.788918
0.611395 -0.551454
0.569258 -5.201468
5.718756 -2.102313
8.423033 -4.370468
4.007097 -3.901018
4.250101 -1.407460
4.424391 3.742780
4.209936 0.117166
6.074656 0.830143
4.747470 -0.330718
2.980294 5.092803
4.813637 1.371703
7.490366 -1.145123
8.413280 5.671339
3.062824 3.769315
4.437539 2.618716
13.473580 1.246848
3.305096 2.151971
9.340664 -3.815213
11.438453 2.157510
4.415361 0.696663
5.780866 1.239291
13.087531 -5.087879
4.575166 -1.923037
4.766142 -5.307559
16.920578 1.387435
5.437536 0.549605
3.656421 3.516807
15.721575 -3.714608
3.175761 2.901140
10.647191 2.603673
2.681843 -3.059525
3.042175 1.280488
7.308960 -4.263581
5.124794 1.785723
4.856904 -1.846013
6.553684 0.636401
4.030672 3.867498
2.341613 2.202235
12.638437 2.711358
4.314107 1.008413
4.054898 5.685229
9.016649 -1.113479
3.029294 0.131725
3.424544 -1.116477
11.233961 2.246572
11.106483 1.144014
4.685908 -0.591739
6.101770 -1.908315
7.362750 -3.634542
4.040916 -4.487872
3.500930 -2.939738
1.569745 0.397462
2.946696 4.796535
7.596890 2.380486
2.505542 0.162408
1.614969 1.615471
7.705425 -1.412708
17.546415 -2.943331
1.768368 2.557527
11.169389 2.200135
1.123374 1.563714
1.400893 2.274066
7.886408 -2.967770
5.685035 -3.972037
2.736026 0.677650
11.074711 1.500801
5.895246 -2.359340
4.699845 -0.709230
7.131580 2.614841
2.201505 4.241004
2.043700 -0.506400
10.259218 -3.702689
10.010004 0.816429
0.491855 -1.091176
12.176732 3.517401
12.655457 -4.779608
2.653857 -2.868532
10.696007 2.994337
13.814617 -0.019206
3.053713 2.855120
9.115964 1.031775
14.595987 2.708594
4.736328 -1.381859
14.876987 0.577239
14.708622 0.890744
2.126826 -4.045320
9.612783 0.255757
16.398426 0.094609
15.011394 -3.783076
9.163812 -0.668671
2.266245 1.267982
13.708544 -0.991829
9.213859 1.028565
4.050783 -5.515131
12.404054 -0.328683
6.775204 -1.116562
4.042122 -4.435563
14.323958 1.730734
6.200951 3.004139
6.207407 -2.193007
17.525841 -0.545604
6.921046 -3.820878
11.823238 -4.005556
0.946618 -2.006932
7.146086 -2.325517
12.349663 4.823059
14.640617 -3.533055
4.161965 -4.005201
11.558688 0.961408
17.062267 2.828692
6.713840 3.576412
13.689194 2.939535
13.883194 -2.142488
7.274141 0.763730
12.727606 -1.530802
11.515837 3.023415
5.033762 -3.820308
4.213470 -1.713198
14.062456 -0.893243
15.660225 -1.798210
1.164952 -3.881511
12.821339 -2.912354
12.147373 2.304262
3.866747 -1.457334
10.868278 2.305584
7.177070 1.871199
5.459285 4.892859
10.670052 0.783435
17.271236 -1.713765
5.536003 2.294995
10.993196 -3.306214
12.353855 0.527087
7.971017 -3.365326
9.457851 -0.850738
18.241333 4.933496
9.945378 1.529884
16.202063 5.015560
9.702779 1.680931
13.104664 -1.236428
13.696811 2.902180
10.513041 -0.488472
15.892630 2.786322
14.697931 0.372350
8.236814 0.073653
14.268633 2.738858
14.404674 0.376782
8.099096 -3.204988
0.260945 2.601264
10.637008 -4.053891
15.038473 -3.621578
1.310547 0.836103
17.505610 -1.374875
15.994836 -1.517756
5.142498 4.800243
14.315874 -3.414108
13.372462 -1.567036
4.101916 -3.110143
10.757196 -5.281253
15.085642 -0.326457
11.069877 -0.106732
13.198561 1.042693
16.008518 2.084527
11.393077 -3.133122
11.979865 -2.080666
0.420009 3.579517
10.616414 -0.731683
14.800656 -0.230881
12.134712 -5.601001
15.351007 0.041113
9.426767 1.216411
18.013222 -3.255778
11.962151 3.659007
11.399361 -0.201394
11.355187 4.114234
18.208397 -1.205137
9.764235 3.254889
14.187120 3.229697
15.748200 2.238515
14.337994 -3.416317
18.321758 -0.054089
1.909976 -2.912663
14.537539 -1.824354
16.103331 -5.319071
3.042229 -1.479401
9.532541 3.654993
13.410016 0.201905
8.811111 -2.692760
14.278370 1.832504
1.178630 0.457140
8.709248 -3.805991
11.845901 1.061671
2.934882 2.684422
7.832167 1.321174
9.954940 -2.290047
13.113315 1.290658
11.110127 2.917534
8.586329 -0.487549
14.414129 -1.299450
14.087845 5.181067
11.717440 1.201385
15.182988 -1.302413
12.380145 -5.624210
13.106341 2.801991
3.918645 -1.325298
16.140379 -1.681690
14.391425 3.774097
2.878446 1.113489
17.329721 1.833375
12.608804 1.677305
7.286621 -4.149947
0.390643 1.831795
12.301740 0.601088
2.023338 0.042715
3.355331 0.102587
9.234406 1.966339
1.472082 4.600316
3.408184 2.194759
15.107236 2.172160
1.046935 1.631080
5.209105 4.106406
16.750673 0.672428
5.088764 4.742056
5.071178 2.754059
14.889320 -2.223161
7.511917 -2.452464
7.535028 -0.081196
14.610844 -2.808455
4.571613 2.318400
14.070923 1.616836
10.962918 -4.321019
4.313745 -0.340883
14.392210 -3.468034
17.396524 -0.062503
18.122660 1.332538
15.648367 -4.051296
14.270419 -2.070809
1.621082 -3.115272
0.013566 -2.727641
5.613387 -1.553749
16.609823 -3.759518
0.308963 -3.223071
2.550622 2.745339
18.790874 4.019054
4.670898 -0.536781
2.770792 -3.550797
2.789997 0.739100
6.919850 -3.338344
3.734069 -1.734699
16.608309 0.282114
3.604311 4.958071
3.161113 0.098080
0.472661 -3.017952
9.978521 -1.940910
5.178647 2.890687
1.042085 1.256878
13.336744 3.417267
5.329783 -2.664556
2.591003 1.387667
10.770416 -3.406495
2.872777 2.417477
18.156782 -1.933146
18.203455 3.733927
3.420264 1.753062
0.657752 -4.943095
16.979149 -0.388007
4.220403 -1.326850
16.895851 4.794487
15.796046 -0.250976
4.603262 3.218319
17.906128 -3.637769
5.621786 -1.857088
2.747586 -2.266954
2.185902 3.123989
3.455922 -0.229091
4.631926 3.195294
1.828253 -0.201925
7.515346 -0.206290
8.455796 3.870902
2.945271 2.651116
5.761812 -0.024108
3.314470 -3.398304
4.845397 -0.154859
9.134044 3.179641
4.925889 0.584723
2.239413 -0.751182
14.471535 2.956509
10.901888 -3.569607
1.984051 2.153747
0.034081 2.052945
5.032170 1.248028
0.839761 -4.642393
16.271465 -0.211085
3.592675 0.308725
3.315969 1.710382
17.237549 -1.026001
5.892887 -0.725184
16.990475 1.777056
15.585881 4.730142
5.763778 -0.873057
6.654394 -2.695997
0.077275 3.186042
7.107990 -0.606762
5.774263 2.112654
8.319086 -3.856861
5.704939 -2.508334
4.515808 -1.553289
1.201772 -0.839406
11.343779 -4.251341
3.259424 0.188370
4.417192 1.547694
4.147432 -1.851834
8.030607 3.651422
6.727510 2.604612
5.764218 1.621638
2.525396 -2.396700
12.596147 -4.029096
8.279572 0.161636
2.767295 2.622293
14.240917 1.845416
6.745536 4.562864
6.977436 -1.978826
15.253933 0.172473
5.192737 1.589185
11.687566 -2.283010
15.415482 -0.751911
4.298251 4.947997
1.201236 1.036259
3.083911 -2.217432
6.518628 -0.787639
10.841939 1.184545
1.916504 -0.226133
6.181516 -3.508972
12.323962 -3.044941
0.923164 0.745093
6.543516 0.584612
8.963977 -2.864098
2.117130 -2.977117
3.062238 -0.094868
5.380178 -0.650942
5.542769 0.254907
3.346130 -0.073075
10.145685 4.611032
8.095306 -2.194879
3.952978 2.042010
9.698952 -2.003801
9.775737 1.329353
1.862964 -3.207225
11.975539 -3.812458
11.578184 0.510870
4.060602 -5.240662
5.743683 -2.743621
15.143468 -1.343981
4.174081 2.106704
7.355737 -2.151398
13.902294 -3.250229
4.435303 -0.679667
7.894274 -0.727931
0.359357 -1.288476
7.915855 -0.233420
13.407566 -2.114860
3.419787 0.623880
5.945936 1.842101
10.370501 -4.368694
5.390745 0.725711
17.531254 -1.182931
14.079656 2.762841
3.271117 3.860094
5.468804 2.023056
10.386343 0.180328
3.496102 2.781140
2.586379 -1.915585
12.959400 4.854708
10.508323 -0.027625
3.290060 1.258301
11.956633 2.414551
7.699348 -3.050326
4.009551 4.192901
12.559569 -0.587835
14.460834 -2.323659
4.627234 4.231066
11.324536 -0.357293
17.139248 0.742473
3.833146 1.958419
16.533478 -2.403508
17.591133 0.476776
2.866332 -3.459451
12.735780 0.949110
0.609866 -0.669773
1.070046 0.034368
13.225090 -3.682364
0.789130 4.721887
2.638898 -4.974638
12.709287 1.058748
2.315423 -0.353107
14.956918 1.135689
8.379436 -1.181348
10.917289 4.472390
17.058340 -1.726765
13.692522 1.091679
12.702795 -1.624794
2.994793 1.907952
15.030584 2.430002
10.493385 3.546441
4.426980 -1.536949
12.443654 -4.659658
10.109080 0.415641
2.403850 0.675696
12.465053 3.611629
13.290518 2.419047
15.111040 4.110483
5.851311 -3.453774
13.087272 0.109377
16.477821 -2.145777
6.665351 -5.337619
0.457333 -1.613235
18.618111 -5.306599
6.512189 0.504088
5.554417 -1.606238
12.319793 -1.338562
11.293704 4.848872
0.947548 0.522814
18.028858 -4.064376
8.912406 0.814577
3.149919 3.409962
16.118193 0.424896
5.577616 3.988868
6.555655 -1.040090
13.194105 -0.385923
12.665764 4.085268
5.591986 0.833209
14.590531 -2.309565
11.475058 3.283075
10.264590 2.575307
14.213536 3.287440
12.534674 -2.151772
11.581386 2.445714
13.427907 1.126368
14.144382 -3.215313
12.921591 -2.962878
17.344969 0.668230
15.589265 -0.856434
11.996466 4.048582
13.410919 0.392478
8.686259 5.060017
15.900884 -1.147926
15.178473 -0.410049
10.002153 -1.266119
14.801983 -4.337926
0.625392 -2.916276
15.406470 -1.732217
5.654753 0.897203
14.756163 3.421613
11.951157 -0.102866
4.968740 -2.134325
14.040675 3.049340
11.242903 -1.910326
6.777806 1.034597
12.270019 2.694509
13.882587 -3.244781
6.802868 -1.180948
12.903381 -4.324924
12.756625 0.385519
9.625053 -1.509281
16.056835 -2.776554
11.390478 -2.500379
12.463748 -3.592649
15.739911 4.938905
13.697176 1.768004
14.092400 -1.433836
13.519866 -2.891989
13.392163 -3.117798
0.367033 -0.393177
11.948417 -2.160980
11.539445 -1.724740
16.329475 3.025831
11.644480 -1.619784
13.591573 -2.694293
1.182731 2.458073
15.480930 -1.774516
1.857021 -1.115927
3.407649 -4.332819
13.178313 -0.384269
0.986633 2.085023
2.284759 -4.604655
15.361452 0.963294
18.546644 -4.065149
7.617597 3.281436
14.387996 -1.328075
16.791338 1.668961
5.464854 2.603847
13.515666 3.524140
1.098401 -4.377048
10.410333 -0.617752
15.395158 2.435720
2.849885 0.247492
13.908004 -4.060679
1.826454 2.610436
0.245523 2.731333
14.449031 -1.782628
15.558598 1.358399
0.085466 3.845354
15.901109 1.555922
12.679783 -1.228526
18.514652 0.162568
15.755176 -0.655918
13.925821 3.224463
17.784628 -2.568610
18.687750 -1.905147
14.767827 0.556368
4.501336 1.672113
15.909978 3.983406
4.393867 1.543154
13.981350 1.801726
8.879122 -2.149419
2.443834 0.104285
16.805788 -4.920096
1.973475 0.509499
13.310013 -0.781203
18.650988 4.996283
8.324462 -1.435117
18.399092 3.215757
17.167221 1.684941
6.364370 2.745664
12.468323 -0.300986
5.322023 -5.591681
5.756584 -0.672597
0.401735 -4.514137
3.140081 1.615244
10.864516 0.096202
13.147472 -0.074177
4.058613 1.829827
13.192843 3.723867
14.150394 3.829822
17.723728 -1.507586
16.692305 1.682822
0.462050 3.271042
17.681047 -1.134878
1.834247 -0.900388
