16.344532 0.974701
4.891715 -1.080300
0.741610 -3.805752
15.523877 -0.182319
6.994425 0.218130
6.002857 0.200455
0.530551 3.838373
17.594347 -3.314745
7.076545 0.075259
1.214864 -3.288111
5.412024 -2.955087
9.441308 3.684716
7.133427 1.633386
17.553385 1.694711
9.769445 1.765110
4.067273 5.250773
14.810984 2.203495
12.660622 -0.768262
7.068882 2.574861
16.514683 -2.397826
12.752842 -3.163917
7.097631 4.390297
14.222136 -0.963865
12.308781 -0.088576
3.854916 -5.422910
5.603050 -0.153316
14.780647 0.405003
15.586895 -1.448832
0.933616 -1.678611
15.520790 -4.555684
6.359658 0.803941
16.234119 -3.424227
16.618210 3.241436
3.517495 -2.482353
2.540035 0.648433
17.282772 2.657987
3.175566 -1.333374
1.727721 1.448064
4.814009 -2.833738
7.329044 0.334248
2.218598 0.769114
9.281020 4.933343
8.460235 -1.424721
0.047706 4.567438
11.101186 0.738837
8.718433 -0.650048
1.165549 2.920662
9.511903 -4.781076
4.529936 3.488008
6.050628 1.374074
7.987753 -4.120120
4.287905 1.055941
17.591757 -2.129495
12.780075 -4.189699
6.744657 0.275645
17.254210 -2.556745
15.326716 2.812049
17.013113 1.343126
3.708335 2.741970
17.466524 3.777275
6.846334 -0.551468
6.642415 -1.023673
17.513557 -4.657554
7.299328 -0.734640
3.184275 -2.643253
1.954606 4.343832
6.175838 1.734716
4.244359 3.474140
2.821007 -3.736329
6.717602 3.362180
2.437671 -0.258722
5.610515 2.513077
3.379794 -1.161721
9.967396 -0.441929
10.238532 4.914599
7.103289 -3.727803
0.789528 3.470692
8.295545 1.039815
7.999215 3.359175
5.179084 3.886253
13.445085 -2.754506
4.085236 1.233613
0.226694 1.822098
10.986176 1.564008
7.957629 0.960755
0.434041 -5.066785
14.339333 1.259081
17.063473 -4.163457
2.538057 3.365974
14.697368 -1.374456
5.616157 -0.057475
8.006558 -3.029528
16.273916 0.861608
6.338476 -0.025259
8.404168 -4.962758
17.836611 -1.018713
5.517811 3.393861
5.862841 0.756153
2.548939 0.836823
6.891035 -3.179167
9.724051 -2.699982
5.522806 1.988833
4.008764 -1.397202
9.166471 -0.214577
8.603763 4.607256
2.604095 -4.114516
10.619380 -0.650195
8.530207 -2.673202
1.577759 0.582210
7.105796 2.827137
10.245341 -2.697711
6.591747 -3.158118
10.691345 -3.409707
14.600102 -2.857587
6.273916 -1.380622
8.597042 -1.587619
14.412519 -1.052005
7.214574 1.868212
4.943342 3.785822
0.565107 -1.552678
17.430828 2.998141
5.492282 -0.511863
2.224748 3.268957
16.978382 -0.036873
9.359030 -4.119339
0.787953 3.700010
16.725977 -1.775254
12.244123 4.966580
4.870111 -0.139987
16.650320 2.719057
11.053864 1.126781
7.063796 4.578348
7.020323 1.001995
9.701859 -1.743059
9.285424 -0.859837
6.188908 4.408448
11.195331 2.121103
8.775720 -0.008960
3.259251 -2.641825
11.584023 -2.683441
13.191769 -4.536568
17.869448 1.374147
8.254766 -4.315348
13.705275 0.653663
6.303320 2.731551
12.770778 -1.826072
1.856590 4.305741
1.320152 5.204382
9.826735 -1.449271
0.210799 -0.990478
14.930043 3.335572
10.980846 -4.372983
17.500984 -0.605721
13.653909 -3.557221
6.117014 0.219385
1.058212 3.817302
15.270755 -3.734024
7.594450 -1.828446
4.428111 -2.637033
16.515429 1.743941
7.218959 4.442788
7.448673 1.488386
17.459654 1.126496
8.339633 -2.540897
8.646113 -4.043896
17.740509 3.180527
7.319136 4.402920
10.304307 0.634739
16.053568 -2.875299
7.996458 -0.310969
13.569712 1.558393
16.969625 3.913870
6.244354 -1.029080
14.089522 2.022053
1.150532 0.861020
13.361488 4.378658
12.512934 -2.825259
15.129157 0.164160
8.854968 -2.792345
15.000091 -0.782920
11.447223 -2.218680
11.716172 2.988400
3.673370 -2.549896
16.405890 -4.475125
8.748505 3.209207
3.946066 0.352920
16.515856 -0.244207
12.296612 3.932172
2.954754 -3.170318
12.886650 -1.075251
13.802304 -3.806656
10.328821 -1.627270
14.344930 -5.588115
11.824175 -1.471193
11.066269 1.224466
16.234818 0.597127
11.419149 0.634317
10.782059 -4.943383
0.551147 -3.759125
15.063272 3.243485
14.016667 0.829961
16.044455 -1.767444
8.799278 2.888309
9.952866 0.847623
15.932499 -3.422350
9.289045 -0.665011
16.486610 2.219247
13.327356 0.390479
8.392644 2.210465
17.609673 3.251630
14.258834 -3.271892
12.092856 -3.241302
2.539677 -2.766871
14.853897 -3.730582
7.302259 -3.129980
2.005249 1.707262
12.568799 -1.712771
15.929542 1.725996
5.549862 2.569818
13.959873 -1.318735
17.088211 -1.414856
4.554400 4.066587
12.201468 -2.258599
14.874145 1.915366
9.185413 3.304359
8.416298 -0.190498
17.551266 -0.855841
5.240948 -2.904007
14.192969 -2.445263
16.452379 -3.641580
14.779373 0.104875
11.349691 2.743513
10.690876 -1.475074
14.968261 3.989862
1.155380 -0.588066
15.803175 1.264106
15.875815 2.585885
9.375330 3.270466
11.523081 1.464500
2.937461 -3.023836
15.803181 -3.680266
3.248066 -2.830283
1.757203 -0.257173
15.059225 5.185246
15.725666 0.889003
3.244067 0.292675
13.541352 -0.358024
13.957037 -4.694099
5.041771 3.892758
6.355099 1.431310
11.197256 0.488566
10.589195 -0.399662
16.068560 -0.642490
15.029129 0.264502
6.932565 5.070166
13.492887 4.181387
1.960070 -1.656390
11.191792 -0.762360
14.320594 -0.345858
14.913634 -1.494818
9.768723 2.780366
12.876107 -2.574780
16.844828 -4.205244
15.823833 1.835206
13.217312 -4.376416
17.243353 -1.537673
1.339868 -1.819143
12.511045 2.690131
12.108708 -2.783989
2.058016 -3.683226
16.182627 4.039480
0.940531 -0.228749
1.900856 -1.665085
15.762479 1.526555
17.593931 -2.870659
4.279508 -0.119903
1.065138 4.131173
0.736058 -0.912955
5.636138 1.356807
13.862448 -3.358722
6.406686 -2.271610
4.811036 1.923623
15.360562 3.871001
16.548264 2.771112
5.739219 1.508096
13.468452 1.603244
1.010800 0.245790
12.921888 0.355764
15.397950 -0.880260
17.728928 -3.350055
8.907741 2.891986
13.920335 3.223254
1.581434 -2.345765
14.751232 2.380335
16.181030 0.163163
0.070331 4.275257
17.059849 -1.411509
17.401054 -2.941733
0.183994 2.693801
0.700478 -1.974541
16.257681 2.094619
17.045910 -3.736768
2.337336 -2.721840
2.556558 -0.070526
15.354090 -3.817855
5.192252 0.052429
4.571340 -1.785941
17.545620 -2.572888
7.733080 -0.423017
7.385382 0.443741
15.807912 4.008421
9.027966 -0.826544
9.428132 -0.735693
1.959369 -4.613760
5.367623 -1.334428
7.887760 -1.454908
0.934682 1.033117
4.257733 -0.101047
6.263520 -4.217223
1.010971 -1.982959
10.840830 1.440085
6.524098 2.215054
2.378704 -3.579659
12.377820 -2.420307
5.200988 2.042047
17.866024 -4.432297
15.285666 -0.708356
4.610432 0.202018
17.723274 -4.580215
17.012184 -3.744067
6.711552 -2.713710
16.202822 -0.487358
2.477537 2.706033
5.709848 -1.317154
17.649757 -2.868153
2.745459 -3.720115
6.184015 -0.371331
1.097549 4.308008
4.883345 -1.605228
9.162232 1.549307
2.772202 -0.408220
7.337421 -3.789488
8.933205 -3.371967
0.977679 -0.802459
7.718812 -4.368868
6.086700 2.249240
3.053518 -0.114589
8.367375 4.341445
5.240267 5.385808
2.266585 0.197083
10.131563 -1.879506
6.394370 -1.206802
0.282418 -0.954755
17.467001 1.816188
3.203047 -3.540531
0.105517 1.380502
14.899076 -4.010962
6.670272 1.134093
5.541308 -2.988318
14.444539 -0.054409
8.699329 0.501551
4.471815 -3.732264
1.589203 -3.352339
6.321219 3.774519
7.026793 -0.435852
3.622902 -1.524442
11.906370 5.737057
3.664592 -0.669836
5.262028 -1.708934
5.292142 0.936608
7.519851 -1.258112
7.122898 4.103890
7.482098 -3.928667
2.231143 -0.272981
7.319956 -0.691125
7.233468 -3.282558
9.466865 0.059669
13.056710 -3.070335
14.905805 2.500131
3.983062 1.169581
11.286037 -4.016563
8.156863 -3.423548
0.600004 2.989599
0.045859 -1.459543
10.211273 2.937045
7.275177 0.796043
17.875143 -4.727918
8.596635 -3.126153
6.928507 0.752820
12.899237 1.063875
9.669962 -2.998336
10.314514 -1.402976
1.155986 0.618767
8.581895 3.885434
10.343292 -2.839925
5.712944 0.462991
8.719819 -1.557150
6.349142 4.301661
0.836727 0.910553
5.941521 -0.468249
8.385026 -0.941265
9.042280 -5.020184
2.951271 -3.258938
5.985775 -3.172054
8.815289 -2.865265
7.606106 -3.036500
6.989986 4.369495
6.373687 -1.584151
3.521767 -1.358488
6.632062 -5.116532
13.487288 2.103353
6.121930 2.953203
5.716438 2.056046
16.234367 -0.037685
5.751740 -1.198953
9.903694 1.226710
17.183620 -4.658066
4.824743 5.006743
6.931472 -1.857809
17.606646 -0.135727
7.532218 5.031105
13.486353 -0.486385
0.656349 2.426208
1.034006 -2.313334
9.905567 2.443643
6.084921 0.864840
6.565726 2.181165
13.175591 4.574019
6.695432 1.591057
6.697250 -5.658685
13.670154 0.895766
4.896174 1.751233
7.846806 -2.190545
11.050404 2.021353
11.910948 -1.604493
5.487804 0.481809
14.314752 5.558929
11.539993 1.043213
2.729533 -2.612007
5.825831 3.736202
10.547892 2.050686
2.012808 -0.970188
6.860509 4.131894
11.936718 -1.836949
8.834352 -0.544964
7.843528 4.149825
16.647972 0.417145
6.955472 -0.434839
11.274801 2.528950
0.567969 2.556672
3.905942 -1.713776
9.880404 -4.209087
4.124552 0.234712
16.422691 -0.181196
8.025165 -0.537605
1.585712 -1.271952
1.957766 -0.126585
10.649176 -1.507430
4.310627 -4.461493
15.501904 1.021323
1.730016 -2.586205
6.599480 1.850597
0.360864 0.187510
10.559642 3.964436
8.404081 3.618697
16.915718 0.370194
8.397143 3.659981
11.439664 -1.452307
16.404716 -2.049242
0.788179 -1.655738
13.882186 -2.088172
15.135559 2.144703
8.045371 -1.971974
12.038431 -2.811830
15.109838 2.189797
9.437506 -2.557299
13.409055 -2.565519
15.088309 -0.360043
9.225094 3.728966
0.241387 -4.560666
0.833685 -4.906758
12.676910 0.833436
4.080333 -1.613936
15.033472 1.912922
10.847231 3.399157
6.081530 -2.513918
17.530727 5.082513
12.506889 -1.836476
7.933116 2.615256
14.635473 2.465134
7.999253 -3.117166
7.814645 1.774586
16.010941 0.828270
9.401812 -4.589057
8.266301 -2.717362
15.724268 3.119877
9.741304 1.333337
11.684260 0.663194
1.556908 2.856723
9.135035 0.163590
8.003255 -3.705954
16.284637 2.151010
10.451527 -1.749893
14.352592 2.958678
13.633743 3.898529
12.146136 1.345843
16.799616 -3.601059
15.230658 0.051088
9.992185 0.203254
3.575982 -0.146039
14.969031 2.568362
16.116285 2.430792
1.491043 -1.169745
16.486977 1.597410
16.604939 4.351055
0.268811 0.558276
13.544214 -4.225452
16.011074 1.615673
8.541220 1.696356
16.243208 -0.673041
14.142410 -5.163863
9.053271 -0.177025
17.201918 -3.757226
12.744327 -2.503736
9.761066 -0.614109
3.693632 2.667592
15.437572 -3.505758
9.320129 -0.151398
17.329370 2.559220
13.972083 1.583211
12.808771 2.309539
13.271316 -5.347876
15.216022 2.390898
13.708634 0.692080
17.845966 2.337421
16.585400 -2.941787
17.036102 4.455180
13.846809 2.325368
14.781992 0.905858
0.427053 -2.071326
15.595011 5.348983
2.154568 2.574529
3.300087 -1.062045
17.086521 0.030287
2.213536 1.544296
0.443037 -5.809865
14.186871 2.156763
14.158298 1.083796
3.345028 4.227485
16.198101 1.766262
12.863455 0.549174
6.586760 5.230964
14.528482 -3.681394
11.198453 -3.033067
12.787663 2.122457
16.455086 -1.060053
17.391607 0.213844
12.578814 -1.892366
15.157694 -1.639796
0.725083 -4.347729
12.430245 -2.581143
0.701971 4.342057
15.731846 0.411680
12.317630 -2.888788
1.808192 -1.062556
15.553024 1.113162
17.689812 -1.039801
0.286600 -1.469280
16.080853 2.446030
1.094810 2.364915
16.219414 1.055508
6.884792 0.013149
3.174725 0.577622
16.699718 -5.296800
4.058512 0.346266
3.161247 1.308343
17.118711 1.884240
0.576275 -4.155356
3.613074 -1.218239
17.561464 -1.097345
16.455942 5.025457
3.664928 1.401713
15.290626 0.881399
14.145597 -1.349380
5.782350 -5.732656
15.462757 -0.929336
2.326160 0.473350
10.435455 1.266063
16.724009 -2.828091
0.816427 0.884478
9.695768 -3.098403
4.508222 2.134274
15.823664 -0.516412
7.953289 -4.215932
4.135713 -5.634002
14.633360 -2.022110
16.927271 1.270873
2.020844 3.341461
17.727781 2.517793
1.277984 -1.927915
4.731441 -2.236370
16.127756 -1.386169
16.017485 4.036191
6.430671 -1.364488
14.802117 -0.822552
3.600242 0.135582
5.767499 -3.715686
14.863172 -3.478924
6.715192 2.257814
10.636700 -0.419153
1.519640 3.014707
6.909474 4.562285
8.898836 0.481625
16.527090 0.810412
9.749496 -4.799460
10.250397 2.518780
16.287849 5.116712
13.066352 -0.611744
7.269022 -3.917301
0.513341 -1.724475
12.735335 0.092158
8.111822 2.621585
16.512098 -1.547245
14.543911 -1.006408
8.459947 -0.021490
15.304180 3.491111
13.140615 -2.834664
5.974546 1.536960
13.082121 0.004858
16.896366 -5.522774
13.139060 -4.724984
2.954900 0.637371
3.741171 -1.813835
11.355286 -2.689585
2.062928 4.187339
2.613431 2.986650
11.148335 2.017663
6.850294 -4.594148
6.891054 1.549251
14.539586 0.472498
2.528737 0.908162
12.425735 -2.895176
7.873153 1.124381
17.278589 1.955196
7.424163 -0.157064
12.869909 4.633534
4.560462 3.451648
9.265270 0.516117
7.184631 -4.390402
4.137853 -1.387859
11.980987 -1.135978
7.473195 1.205123
14.918052 1.691386
15.489361 5.078339
7.409723 2.252367
13.911222 1.327612
16.891378 3.558621
0.185056 -3.447320
0.834982 1.768712
14.918789 3.942498
12.294031 0.343533
3.579775 4.880941
1.910279 -0.341146
12.945790 0.830337
1.474741 -4.480801
2.724175 1.327324
7.722643 1.309623
5.588042 2.077023
2.903495 4.438864
7.887690 2.403419
4.793388 1.823675
9.913700 4.851648
15.747715 -1.383733
5.364154 -2.391898
10.576653 3.264667
6.632246 -2.040205
4.034129 -4.699405
6.940534 -0.660200
17.038704 0.724788
4.250797 2.294713
13.982452 3.647496
10.302935 -1.564443
7.341267 0.754264
13.215301 0.068427
15.361710 2.555987
3.865005 -0.756136
14.620409 4.430903
8.930430 4.049018
1.556218 -0.908956
16.029556 1.329293
10.666060 -2.513907
8.794204 2.648212
1.591576 -3.436204
5.328598 4.229677
9.562866 3.126429
0.952804 2.143509
11.298362 -1.351946
3.592192 -0.650508
3.578517 -5.187305
15.821541 -0.516296
5.122016 3.342741
8.048484 -2.877220
11.443313 -0.032933
8.150370 -4.624580
8.498542 -2.669578
11.478956 4.360341
10.161040 0.572013
8.813547 0.891642
12.174157 3.359504
8.154275 3.046247
13.192981 1.723139
13.018342 -2.749956
10.208270 -2.147828
17.843811 -3.310125
9.327738 -0.132172
7.718470 -3.519226
14.904961 4.180704
7.241053 1.364370
8.897435 4.166036
1.582316 0.673500
8.067333 3.004896
10.325122 -3.835228
4.092900 -0.245457
5.232445 -5.262360
8.693815 0.737427
4.337049 -0.972099
6.482881 -3.197281
8.947031 1.471392
7.317070 3.595894
7.957043 0.107925
7.762352 -1.507728
7.868047 4.215906
13.466251 -2.839324
10.203201 0.902047
8.546009 -3.467551
8.285783 -2.327438
10.887938 1.424413
15.363292 -2.508847
8.106544 -1.972685
9.078957 3.659965
14.737176 1.920129
5.221488 2.244394
9.780708 -3.733225
10.062955 2.563734
9.789555 -1.872666
9.429264 1.140582
15.976177 3.901470
8.142596 0.897714
12.928148 -0.207835
2.460603 -0.650798
4.800206 -0.945970
10.457456 1.083595
2.692157 5.313348
5.355793 -1.614611
7.317656 -3.289421
1.376303 3.152104
16.856955 3.612358
15.428608 3.936885
2.172650 2.001977
6.751449 2.371117
8.037921 2.227514
5.115452 2.331659
14.011248 -5.570885
9.623117 -1.171626
4.736522 -0.826592
0.223199 1.684797
10.599483 3.970105
11.455140 3.244990
2.077641 -3.112902
10.043042 -2.166566
11.511703 -3.495576
17.241140 -2.449400
9.532677 0.014845
12.770020 -4.211461
16.919228 -4.312558
7.414504 2.501356
16.554173 -1.104524
2.556958 -1.570569
11.589908 0.909436
0.158767 2.227492
15.520898 0.210358
12.090369 -1.742403
16.146393 -0.098039
0.547942 1.224946
13.429904 0.232360
2.030880 3.532080
1.828076 -2.710436
12.071482 0.284613
5.343458 -2.800358
13.411830 0.245030
11.117693 -3.162220
6.723323 2.324685
14.890895 -0.149696
11.613425 5.048122
4.115161 -0.250763
15.644947 -0.505267
12.601300 3.007327
12.299057 2.350060
17.757175 -1.689751
9.630990 0.228674
9.968365 4.703649
13.719844 -2.647954
9.292323 3.486114
12.323382 -1.829161
17.317324 1.122972
12.374335 -4.908858
13.904976 1.880623
16.437605 1.671333
13.168484 -0.240127
0.299571 -5.441779
14.307218 -2.518450
1.018868 -3.992010
3.675478 -2.043592
11.920743 4.660159
14.579097 -0.175624
4.506278 0.845066
14.665937 -0.853593
17.572863 5.268117
2.723271 0.333531
12.737516 1.644973
13.224229 0.952913
6.578536 -0.615468
10.806371 0.474726
13.424644 1.332534
10.897320 2.013268
1.804296 -0.881302
16.863684 3.997419
10.639936 3.356783
17.393503 1.678870
13.825015 1.028509
15.322905 -3.896006
13.011610 4.062427
11.582867 1.513805
14.004161 0.522051
14.884300 -2.651614
11.641227 -3.161072
14.487583 1.561321
2.269947 -0.928753
1.371571 -2.765294
16.018211 2.597286
3.790353 2.415201
4.265395 -0.351693
0.158692 -4.532020
1.790056 4.944390
14.396052 3.057481
3.763282 -0.358542
1.970773 2.967158
3.489190 -1.540420
4.171593 -0.960113
1.379964 -2.298256
13.823713 -3.776369
5.455465 -0.335064
0.679868 4.110886
3.425350 -2.073314
11.779565 -2.051770
15.447237 3.051224
14.422632 -3.546636
13.150384 -2.223229
14.565827 -1.857240
16.522436 -2.070868
12.738747 -0.861465
16.509857 -0.233116
13.950077 3.610596
10.989514 -1.287546
17.855751 -5.138572
11.521157 -1.525808
1.425605 -0.993319
3.169973 -1.303330
2.511676 4.364497
15.131446 -2.246042
17.658403 -2.632375
2.100603 2.197546
4.277115 -4.287602
0.800564 0.318049
4.376225 1.202529
3.077573 1.085613
1.617252 0.972679
5.878684 4.075492
2.842140 1.502006
3.510292 0.832425
3.577201 -4.580044
5.390604 -0.673795
3.761293 4.436856
2.600176 1.069627
10.901951 -2.039845
0.225480 0.980114
1.946582 -4.259070
9.136827 -2.003136
5.254719 3.255868
14.960771 2.705011
9.739558 -3.983156
9.523938 1.533176
17.876024 -1.251898
13.941312 3.272005
4.235762 -5.225449
4.005566 -2.105402
14.295526 -2.208517
0.714391 -0.634297
5.281166 5.529618
0.847109 1.434724
8.118344 3.450307
1.571796 -1.328683
2.238261 0.554789
6.499737 2.376992
1.372985 4.213485
3.118127 -2.237295
4.611319 -2.971561
4.658779 -3.030933
3.867669 2.750163
11.830568 -0.064828
1.962462 5.257851
10.108036 -1.396809
11.909251 5.341567
0.977416 -2.631340
8.359188 0.542764
8.004227 -2.586303
1.746810 -4.328820
11.456844 -0.614569
9.190054 -5.174133
3.079440 0.139917
9.326970 -2.110914
11.200798 2.884767
17.813919 4.514063
13.259368 0.108044
10.929018 1.642734
1.533360 4.111977
15.775743 -2.575627
10.967318 -2.166250
15.530807 3.663140
2.451748 1.797753
9.562472 1.627657
16.658049 1.434753
17.573523 -1.888256
10.539822 -2.482176
4.915684 -1.888225
2.300167 -1.691867
10.989336 1.373392
17.624945 1.972193
0.860204 3.938056
12.078488 -1.893822
16.941595 -1.318224
3.030991 4.973240
15.813489 -1.571198
3.809249 -0.728771
6.737489 -2.751673
10.761632 -3.149668
4.959074 1.691506
6.345886 -1.278700
13.958514 0.255432
5.059921 -4.990538
13.910233 0.306859
10.371922 -1.013487
2.578079 0.753689
11.245140 -2.492081
16.540302 3.278562
3.258182 0.923151
11.908439 3.911717
8.328987 3.289073
1.901480 2.134386
13.132067 3.049001
4.438090 0.814567
4.996851 3.563560
16.495514 4.400275
8.045700 3.141726
6.451623 3.681692
4.654750 -0.241972
9.317571 0.544493
6.749419 -1.179700
6.334562 3.957672
12.179942 2.920995
5.080365 4.791920
10.824291 -0.057492
17.819710 -0.266104
4.728521 2.997723
8.073313 -2.241492
13.026255 4.165607
7.713315 -1.532167
11.559389 -2.850981
14.551108 0.949568
3.092479 0.561968
8.350974 -5.223198
5.781210 -2.507892
17.787334 1.311735
13.609056 0.804666
7.017428 1.891320
2.121476 -1.206809
17.818260 -2.215537
10.146485 0.110678
5.268855 1.985425
0.502477 4.080638
11.953522 4.154850
10.296140 2.425946
1.433885 2.929145
6.693051 3.336534
11.580692 -1.505021
5.173063 -3.911135
10.166408 2.047063
6.879441 -1.798281
1.906011 3.711331
13.858420 2.752816
4.712816 3.545326
7.581840 -2.888152
11.522899 1.023315
10.328115 -3.800922
7.133893 0.383615
12.932892 4.452565
8.469254 2.052910
9.205239 3.185925
5.198667 -3.889336
5.313236 -0.101435
11.625439 2.240334
9.939472 -1.162344
5.866457 3.329728
12.031270 1.551190
8.503078 -0.427263
4.177366 -0.012775
15.498848 -4.080534
6.213777 -2.657194
3.733625 3.507488
16.783173 0.876399
14.414551 0.345800
8.404825 -1.644817
3.211092 -4.725201
10.810028 -1.672685
10.131852 -0.488753
2.735519 4.989493
4.706670 3.426336
8.924515 -1.137597
6.246083 -2.027557
14.281107 -1.386454
12.507808 -3.886005
5.579763 -3.154343
10.587706 -2.553008
8.324681 0.078926
3.448924 -0.903988
12.592242 -3.325039
11.996552 3.045492
11.232138 0.410910
9.751594 0.041475
4.733117 1.891326
10.459716 -5.084525
11.105205 -1.698352
8.912674 2.505451
14.641520 3.081761
11.222051 0.773072
12.398595 1.582947
12.287156 5.916492
9.463655 -3.761826
5.988119 0.623306
3.431650 3.613304
4.208661 1.790187
8.487515 0.608635
17.614561 -5.037473
4.705966 -2.358084
11.584624 1.381909
4.157120 -0.601013
6.337134 -3.278434
10.223026 -2.409928
3.595233 0.201982
2.684231 2.039339
7.995638 2.947339
9.102829 -4.385013
4.644915 0.648791
13.417176 4.661592
6.941225 -1.945450
4.379862 -3.602664
11.280474 0.707852
9.130233 4.886156
0.823250 -4.393120
8.488677 0.225673
12.043175 1.713903
5.747751 -0.444020
7.058567 -4.016258
11.230333 -2.422593
3.287876 4.774457
8.487371 -1.540749
12.573520 1.057463
1.872510 0.884587
10.747742 -4.538309
14.740191 -1.238533
15.368158 1.182766
9.427570 -3.320426
1.920628 0.172425
0.112345 -4.804121
10.743142 2.331103
4.427391 0.836727
3.128778 -2.744329
11.408068 -4.944210
3.109721 -0.149228
2.084543 0.497798
4.376475 0.465875
8.533698 -0.021748
4.449431 4.429113
8.007022 2.233783
10.696733 -0.057328
2.452172 1.294261
12.475993 4.087161
11.626755 1.453513
5.135733 1.532539
12.207602 -3.728411
13.708650 -3.357200
4.471856 3.522296
11.301679 -2.190378
11.159844 1.329460
16.802185 -2.163021
11.046268 3.500677
15.778377 -2.905134
4.768035 -2.131076
10.920234 -3.207683
14.530694 -2.607484
1.847353 1.752678
12.225080 4.599560
16.441366 -2.072710
14.657974 -0.654286
12.843197 -1.303167
0.183325 -5.357213
2.068657 5.867282
12.815997 -0.327508
2.521244 -2.455591
14.665869 5.239160
14.432580 1.163546
8.013928 -1.940680
1.153647 1.400569
16.570749 -0.450205
5.293741 4.933693
0.161356 -4.325333
17.709930 -3.110692
9.204881 1.273115
2.905467 -0.093822
11.706687 2.115779
10.069104 -2.513704
1.132192 -2.628094
11.283275 -0.256852
12.886105 -3.273080
5.298208 5.666271
11.563784 1.093064
16.412239 0.549482
0.762240 2.547063
15.343446 -3.368623
2.856995 2.230957
2.534812 -3.384597
0.764046 -0.074850
2.986489 -3.461957
3.014971 -3.565055
4.845968 -0.962060
3.260059 -1.423223
3.276216 -0.051365
2.893319 -2.248045
3.013974 -4.883770
1.121908 0.658687
2.646770 -2.142018
5.717814 -1.715128
2.621305 -0.610617
16.231895 -0.441976
12.155755 -4.747595
1.832746 -0.388274
2.506228 -1.144890
10.400826 -0.160682
2.458368 3.569149
17.731806 -0.685918
7.169155 4.177173
15.570458 -0.681336
13.963058 -1.447482
16.563082 4.202427
0.712356 -5.628349
17.382496 -0.362030
2.590645 -0.366760
14.924038 -3.475127
17.683651 3.617654
0.453368 0.362646
5.381470 1.892876
16.284863 -4.651828
4.098686 -0.204305
7.827133 -2.048542
3.895896 3.749562
8.228900 -2.749770
5.055206 3.391664
2.777856 3.003352
6.496762 0.000066
3.406114 -2.454731
0.973861 4.774770
8.266612 2.370993
2.538428 -1.809912
17.823029 -1.106850
12.921280 4.139617
8.695414 0.275749
17.030350 -2.638752
12.514039 4.313117
10.102063 -4.140465
0.802106 -0.494189
12.231370 -2.967293
8.007689 0.086698
15.446259 -5.975087
17.336393 -1.473726
1.408615 3.149085
17.249407 2.324469
17.632023 -0.404082
2.256772 0.844309
4.181328 2.478821
1.640588 -1.060800
7.165126 0.329033
2.119828 -4.180451
15.860143 1.287428
4.963250 0.396190
2.668539 -3.141881
4.130624 -1.762488
13.053123 -0.971101
1.548558 -5.467714
4.686239 1.571229
16.219944 -1.791373
1.392269 -1.875550
4.964345 1.436840
13.645399 3.976792
17.858667 0.038749
8.618117 2.156116
13.814546 -2.173330
1.613131 1.861035
9.373476 4.203948
9.965165 3.158102
4.046189 -0.487503
11.994552 -3.427825
12.493151 -4.690788
16.337090 -0.582810
12.716248 -2.876254
11.927366 2.766309
1.444385 -3.692810
14.081277 -0.051847
12.009744 -2.149199
1.281894 -2.673319
1.101373 -3.068059
11.423919 4.720303
6.637042 -0.531975
3.252791 0.015116
11.577253 -3.268547
0.631207 0.074986
3.864959 2.655798
13.743264 2.409912
4.485990 1.269411
1.968281 0.257987
14.059652 -1.560080
3.436025 1.403708
6.444901 1.565359
17.844910 4.980006
6.325116 -0.410285
7.268343 1.586353
13.908658 3.164889
16.697826 -1.941189
10.136566 -2.321647
17.452095 4.516116
2.619333 1.468585
10.583430 -0.217600
13.324139 -4.474460
17.530195 0.546528
11.795431 0.504464
14.290980 3.835266
4.237736 -2.501405
16.371265 -1.305070
12.565305 2.786579
4.029456 -0.837702
16.385815 3.374697
14.849858 -4.472277
5.261945 -0.682251
0.108891 1.785333
17.684937 0.023841
4.019934 2.565173
4.679585 4.329061
14.024502 1.897284
1.608852 -3.462545
7.496099 2.364257
0.620257 -0.101182
5.133314 -2.617716
6.121871 2.863338
15.672384 -1.201327
6.155659 -5.444755
12.699514 -2.173784
14.336502 0.911825
8.695658 -1.498296
10.533759 4.395959
0.586278 -4.306834
1.341695 2.588890
11.025088 1.028646
13.544573 -2.428050
3.242473 -3.403902
15.104290 -0.195138
6.606510 -1.199222
6.074405 5.522521
12.471024 0.143038
12.132101 -0.265383
11.724602 -0.587048
0.301392 -0.763969
15.834743 -3.154647
11.517175 2.022882
1.283194 2.649206
9.513588 -0.832927
5.324883 -4.493265
5.157446 -2.212974
13.161188 3.213409
10.480943 -4.671410
3.311415 -0.863197
15.444802 2.445012
13.399668 -0.429109
4.253268 -3.354828
11.851497 -2.792852
12.534200 -1.040042
9.622419 0.747050
3.072118 -3.906461
4.893833 -3.160696
12.773554 -0.473707
2.500623 -0.780966
3.147219 -0.094549
12.050922 5.036310
12.530129 4.111775
9.365059 -0.241686
16.131262 -2.837356
11.925570 -1.831694
7.607629 1.165610
0.945100 -3.802596
11.016593 -0.218354
13.253660 4.685671
0.833128 -0.565879
15.679510 2.608698
5.532332 0.974447
16.468225 -1.429425
14.127117 1.642377
6.184595 3.523691
3.162538 -3.013999
9.036201 0.892975
11.984125 3.707617
1.194365 1.683834
9.870502 0.707597
8.068660 6.045568
7.373108 -0.093208
9.985182 -0.509644
10.177387 -0.295955
6.520069 -5.371192
12.604327 -2.773341
10.608994 -2.898297
12.397866 1.808484
9.659033 -1.138989
11.282575 -3.001940
11.162213 -3.730207
11.026962 3.337710
10.564332 3.405014
13.099868 -0.812913
15.440134 -2.358931
5.546628 -0.104178
14.633654 3.710805
9.634195 -1.217132
9.036821 2.701136
17.859917 -2.212756
9.483627 -0.376188
13.752478 2.722728
0.914142 -3.380686
9.446309 0.246996
14.754447 -0.276065
7.085197 -4.391455
7.216710 -1.158015
10.686748 -4.932609
7.101577 1.466923
8.553090 0.558524
13.647419 4.507553
4.072302 2.866514
4.030171 -4.414240
10.584095 2.644352
7.231061 0.778725
4.514581 -5.057857
7.250285 0.191183
9.206452 0.634796
11.181400 -1.612609
8.405955 3.743729
10.242568 2.970754
8.327501 0.688542
10.547296 -0.724525
10.227777 -1.110164
7.101247 -5.435392
12.081424 1.246613
13.795795 -0.374265
7.373932 3.540100
7.309127 -2.598515
15.877953 2.597488
4.242208 -3.833404
8.546910 4.590475
2.566686 0.694191
3.090546 3.696913
9.390924 0.764813
1.411701 3.927790
10.301554 0.609365
13.095735 0.005070
4.161163 -0.615593
3.430743 2.979304
14.629318 1.637812
7.303484 3.834683
5.512409 0.665340
11.570868 -2.620418
7.058890 3.074045
9.931179 -4.424514
9.725114 -1.823961
9.789648 2.377725
5.417805 0.553573
8.810205 -0.332672
11.913250 -0.067016
17.160786 1.548922
8.801546 -0.352456
15.245879 2.523212
3.543036 1.104106
7.872983 -3.956952
14.599707 2.080787
5.295928 -2.610366
14.167516 1.529101
2.156461 3.801501
3.909198 -0.171014
10.362103 -4.109868
17.166571 -3.101876
1.859221 -0.094497
2.627506 0.672066
16.965492 -0.314747
4.538157 -3.257605
14.874336 0.214701
5.404991 -4.644809
0.793795 0.915197
3.150240 -1.299762
7.944108 -6.198772
4.759567 -4.155427
14.284858 -3.048408
3.814301 1.328324
3.204160 -0.145481
12.535671 2.693749
7.564674 -4.817625
1.658693 -1.820851
12.147682 3.365155
8.549868 -1.110440
5.236786 4.665571
13.879169 -0.933186
0.429688 -1.190411
7.851629 4.173203
12.711102 2.506727
15.635157 -2.784031
3.163993 2.075162
13.241051 -1.928078
15.547293 1.325627
5.083583 -3.988826
16.092052 3.119290
17.808443 -1.737806
4.984684 -4.326900
17.682886 0.349102
1.056933 2.597168
9.197349 -4.096727
16.629793 3.827327
3.926250 -2.034546
5.140057 5.386989
17.698326 -1.415224
5.307628 -1.541968
4.170458 -1.895859
16.206993 -1.490680
11.065669 4.326179
4.930168 1.189374
1.480022 2.393947
12.170568 3.891008
9.969550 1.066189
17.015427 -4.770621
11.363972 0.375039
4.067540 2.627730
12.949678 0.097124
12.136907 0.783557
1.756895 -0.605432
1.054677 0.932855
14.208994 -0.933647
4.681538 0.274948
3.240785 -0.012029
16.161776 -5.427583
9.493307 -3.206484
14.667894 -1.979082
17.333916 -0.828276
11.315961 -4.978827
1.915333 2.980483
5.012635 -0.764175
8.269872 -0.190111
3.337435 -1.113290
6.102889 3.048879
9.958390 0.550436
13.583591 -0.781657
6.039534 1.262082
3.089293 1.574709
1.519182 5.124117
12.615613 0.543976
10.434603 -0.807578
17.857771 2.058340
8.186301 1.749651
8.633619 1.221454
14.558819 -2.292950
9.449662 -4.842122
9.509516 -3.770513
17.422709 -2.426953
15.625008 1.850987
11.584404 -0.966105
17.533487 1.017279
11.438231 -3.080045
11.223291 4.238329
17.179497 0.034840
15.052403 2.625585
8.184199 2.510478
3.127511 3.524832
16.970051 -0.732067
9.824327 3.101932
0.990755 -2.046814
1.832277 0.220376
12.712598 4.135600
2.400965 -1.595560
6.224432 0.053560
1.250254 -2.867394
16.081602 -3.355915
7.084869 3.210665
14.565269 -0.958050
0.615040 3.030078
10.637612 -4.083378
6.910530 -3.135822
2.951164 -0.703886
10.772055 -3.248149
8.526642 3.923565
6.009416 -1.353825
14.870158 2.220411
14.662286 -0.528201
0.189045 4.746400
14.085061 0.745524
10.000433 3.956409
1.568867 3.470935
13.836259 -0.912585
11.805850 -2.945927
15.803623 -0.920230
0.700578 -4.473974
14.273387 -2.425898
8.185912 -3.065057
5.726776 -2.844168
14.195047 4.451438
2.648983 1.350332
2.241153 -1.609530
16.682934 4.138187
2.879219 0.894885
7.937997 -2.153956
1.556611 3.155131
5.840370 2.063884
7.658772 2.277202
16.639708 4.993333
1.102682 0.006789
11.645828 0.026962
16.816002 -3.477661
16.460121 -0.514740
8.289036 -4.065794
12.135715 -2.731289
0.145881 -1.149146
9.934077 -0.125277
14.518408 -1.402311
4.341422 -0.244824
9.540976 -3.560701
15.445390 -1.451571
2.246260 0.151928
13.842411 -5.364482
9.598524 -2.156786
3.768487 -3.320433
17.715204 2.245776
15.391459 2.037165
5.599438 -0.135017
2.060449 4.978247
17.874750 3.301467
5.790503 -3.697592
4.084284 -2.538039
10.534177 -2.760397
5.081297 -2.764724
8.814621 3.174418
16.003376 0.849574
7.030795 -0.470438
10.718207 -0.844397
12.403214 0.929022
3.328314 -3.450567
11.362639 -4.551106
12.603537 -4.303333
6.857127 2.363513
10.023008 -1.043139
11.196711 -1.067227
3.635268 -5.349124
9.754210 -0.971520
8.640922 3.619672
3.632146 -2.775828
12.819214 -0.461652
10.588560 -2.673952
1.834198 -0.590302
0.229191 5.229253
8.064591 -0.507247
7.821395 -1.819088
0.394031 -2.687467
14.791389 0.015920
7.096521 3.594516
0.215484 -2.253331
12.352739 -1.266243
8.812060 -3.853063
2.595391 3.684666
13.158243 1.239417
12.695079 -3.499758
3.920384 -0.741196
14.440000 2.303142
9.538277 0.482744
7.016490 -4.414718
14.868846 -1.338038
10.532253 -2.232422
9.740814 3.963374
13.821303 2.653897
12.385652 -0.462859
9.074652 3.425959
9.789268 3.823046
4.933446 1.669090
13.774719 -3.476317
12.231603 -2.677282
7.143404 -1.052038
17.226402 -4.722629
12.951337 -4.461206
7.029325 0.473617
2.232304 -0.716175
12.087602 -2.964950
5.569654 -4.357908
1.911678 -2.447734
12.985939 -0.686662
11.037491 4.415929
4.947401 1.945827
14.053320 3.809872
10.476719 2.214049
1.532922 -0.531113
9.367305 -0.303478
6.403728 3.660498
8.263114 0.420012
6.279611 -1.684190
4.374328 1.588787
10.156136 -1.644831
9.325644 -2.251673
4.764385 1.097450
7.232368 1.799986
8.406187 -1.503462
8.744874 0.298076
10.259436 -1.199409
10.308471 4.264024
9.290718 0.546257
11.760402 -0.372120
8.571404 -3.912058
9.140991 2.938465
12.135397 0.984476
10.825023 -1.154414
10.260365 3.142745
17.284292 -3.030744
8.922730 -0.374182
8.688951 0.772896
1.502017 0.306526
8.651027 -4.329008
7.620009 -2.970166
2.816504 -0.549804
5.813464 -1.453449
8.651922 -1.917043
2.515216 2.474233
5.548517 -0.117366
12.881826 -1.340477
8.454403 0.100929
10.510806 0.382811
6.489182 -1.855502
10.084059 1.293871
8.301423 1.455048
10.767832 -4.001579
13.546577 -1.094965
3.206864 0.507115
16.303692 1.253226
6.570009 4.660920
7.281033 2.259142
7.851201 3.459566
12.227211 2.773260
5.789954 1.655111
10.419479 -4.903308
12.686279 3.977075
10.368999 2.571012
11.844367 -3.821733
17.856131 3.064925
4.704727 1.263611
8.887181 3.563730
13.696226 2.125675
5.129131 -0.215558
11.773843 -1.600269
0.400632 -4.103419
1.941267 -4.176352
14.409886 0.489404
1.297535 -1.332996
15.568551 -1.214400
14.942897 -0.875508
0.375919 -1.177074
8.049456 -3.068268
15.359896 3.730158
3.920706 0.853227
0.755270 -2.929444
13.817328 -4.004398
8.805858 1.412741
1.786094 -0.218906
14.884402 4.169430
10.223930 -0.450909
9.086634 1.373944
12.363318 1.190594
12.381678 -5.122207
17.493299 4.504534
12.531413 0.642883
11.831094 -1.156717
0.567268 -3.217618
11.852005 0.556785
15.240718 2.375924
3.609874 -0.513122
12.993512 1.616501
1.367366 4.357722
8.138065 -0.913655
14.296372 -0.116659
5.729208 5.323073
3.240299 2.481758
12.883855 3.424703
4.298681 -2.853900
3.683590 -4.610450
17.094082 -0.765503
2.342105 -2.974514
17.556072 -4.027199
13.911800 0.182264
5.664038 -0.857602
1.277148 -2.778132
16.490187 -1.173382
8.840228 2.985120
1.550659 1.501741
16.759808 -2.162997
14.240045 3.159244
0.409272 4.749760
14.317973 -2.018990
11.231510 0.828374
2.234603 -1.911316
13.634418 -2.011834
17.473553 -3.009624
5.624700 3.035128
17.527239 0.775495
11.724259 -3.674515
7.448619 -1.389772
14.529255 0.078468
2.064650 -4.859957
2.928778 0.329404
0.667145 3.881990
17.670759 2.818372
3.510774 0.273613
0.807674 -0.794624
1.459399 -3.175950
6.601263 4.503002
15.408575 -1.126334
5.190204 -0.993565
6.790707 -0.698390
17.421413 3.013738
5.929889 3.774848
6.148260 -6.352740
12.302718 0.363968
12.155167 -1.421576
5.190399 -0.236987
17.006365 -2.329532
9.725568 -2.807820
8.427872 0.664846
15.713965 -1.395485
11.269036 -4.704534
3.050317 0.496716
16.676682 0.385413
16.498775 4.517639
8.081672 3.698071
15.890830 2.121822
1.070402 1.162665
5.364709 -2.373089
2.703085 0.664285
2.148619 -0.860376
9.552048 2.991161
4.102258 0.418000
3.322678 -3.874630
7.966243 4.534935
17.085485 1.419879
16.760511 3.616208
9.166902 -2.585890
15.345834 3.089169
2.448661 -2.568166
6.160833 -0.840106
17.020664 -4.113621
8.029292 -2.158583
5.475604 4.064115
0.753390 1.398853
8.994237 0.638039
9.183540 -4.589955
13.401088 -1.149678
8.420090 -0.161151
9.007357 -0.859596
16.090206 1.372199
8.053021 -3.878107
9.000457 4.323549
13.998953 -3.090309
11.246441 -0.239329
2.646508 1.628454
14.787888 4.902519
15.430716 1.025641
15.713765 -1.654324
16.042835 -1.076856
16.642036 -1.479638
10.383850 -5.276116
3.321067 -1.642743
1.567445 0.226513
8.879060 3.632547
17.375435 -0.752489
1.339567 3.142474
9.609011 2.897226
0.386711 4.029187
3.910261 0.382419
17.384710 0.273335
17.517488 -2.250379
5.105506 -5.141958
17.641590 2.895647
17.416378 -1.269291
11.022590 -1.525166
15.721889 2.173560
17.335985 1.494308
10.886863 3.581061
17.261286 0.918588
5.937968 -0.490553
9.427117 5.730167
15.969506 2.922239
16.850111 1.148405
14.842287 -2.768862
9.861528 2.968457
0.420715 -3.133487
17.225130 -3.646994
14.854978 3.782443
3.484558 2.002690
0.317702 2.842276
16.699429 2.734915
4.130446 -4.335735
15.736773 1.919706
1.272873 -2.775938
7.513493 2.828913
3.517699 -3.946592
2.334169 -4.244658
2.582935 -1.516224
8.729281 2.300528
16.363764 0.532788
17.772995 1.497212
6.722639 2.771997
15.660942 -5.510314
1.428213 0.336615
8.470337 1.108018
1.898877 -3.062530
4.714465 1.925697
11.450401 -3.310871
15.567943 1.621433
16.060003 4.894363
9.365459 0.965821
17.823786 -4.319937
2.627779 2.726533
13.230720 -0.064954
0.643779 -0.091046
2.589596 2.804807
15.772988 -3.820697
11.668819 -2.109618
3.562823 -3.694972
0.104315 -2.854644
16.715849 -0.948183
6.481431 5.109449
0.299218 -0.304625
1.631656 0.930889
8.503578 0.115136
1.942708 0.709034
16.088671 -2.327995
8.997090 0.816267
6.242845 4.350830
1.762733 -2.327712
5.114452 2.636467
4.806457 3.434710
1.033549 -4.968983
7.262206 -2.195480
8.641580 -0.900823
15.760938 -0.764429
6.758800 -1.786899
8.972339 0.251145
4.973759 1.593892
5.593929 1.323512
13.410675 -4.769281
11.653557 -1.908267
3.060328 0.245429
15.084245 5.209096
9.972264 -0.541292
3.279818 0.374610
14.723145 -0.211550
14.706783 -0.348629
4.400413 1.788976
3.524867 1.290328
17.539909 1.098686
7.462797 -2.608664
4.200449 0.266633
13.741754 2.367393
8.587355 2.581312
1.513204 1.127628
11.485657 1.073179
5.316436 3.713855
4.820271 -1.976824
0.697075 -2.863313
7.939799 2.735066
6.683481 0.244431
17.758530 -0.830028
8.860900 2.866218
5.271159 -3.849934
1.447255 -3.445149
9.049391 -2.418162
9.995138 -4.190756
14.223900 0.993965
6.230579 -2.432549
11.080461 -2.908201
14.168993 -1.766579
6.814621 1.291124
15.064031 4.505488
0.252851 4.257283
7.955377 -2.121590
0.575628 0.602697
0.059418 3.022658
8.995835 3.794524
16.910797 -1.002205
14.613284 1.175913
7.697246 3.574481
16.560476 3.936225
16.911467 2.220120
10.755675 -3.458380
17.623098 -4.094825
0.636579 2.510547
9.183405 0.547015
3.562939 3.232752
11.352179 2.797999
12.136356 2.995825
6.632750 1.228452
15.714605 1.009361
12.655598 0.445240
8.274005 -4.332784
12.544964 -2.964122
11.704882 -0.819652
8.070580 4.441761
13.945374 4.386803
6.640606 -1.010439
12.884556 3.707377
17.124577 0.864196
15.581804 0.356046
15.422196 1.183278
2.867344 0.400907
8.642570 -1.032881
15.880467 4.432935
15.887541 -5.159638
7.134984 -1.244402
15.233161 -0.017334
10.809188 -4.481360
11.654870 -0.852029
1.746838 1.858388
11.682153 0.817737
12.761868 -5.772210
5.100087 -0.667253
8.470735 1.006731
8.218885 -4.519160
4.650429 3.065100
5.470468 -1.754411
15.854682 3.675641
12.510983 -2.807051
8.025290 0.822567
6.099777 4.265073
11.198327 0.878437
6.890981 3.022137
9.620025 1.863953
11.230213 3.089480
9.410077 0.686784
11.085010 -2.314383
8.405671 -4.075115
10.754062 0.753498
6.355554 0.643137
15.019937 5.023880
9.709273 -1.996371
8.942828 -5.100842
13.430704 0.505939
7.786789 0.079136
9.729437 -4.421111
0.059429 0.288120
7.381155 -1.400139
8.719455 -2.042704
3.402763 -3.774852
8.065352 1.191899
10.636950 0.544801
1.890319 4.233185
9.810061 -0.570357
7.949957 3.617453
9.259865 2.930101
1.772785 0.106402
10.992376 -2.317109
7.100679 1.519464
8.908211 -3.951393
9.286619 1.738580
8.234165 3.235690
8.157614 2.031065
6.928804 -0.773663
9.670498 5.046020
8.126415 -0.310985
13.601523 3.847304
13.933640 -3.090967
2.528313 1.421367
13.398721 1.444975
9.504770 -2.283779
5.612936 -2.592211
14.023822 1.101171
13.523081 4.185842
4.549029 2.963348
12.656094 2.301652
3.007296 -0.953001
9.972122 -1.714267
15.539075 4.422840
0.972052 1.361287
5.140899 -4.949924
15.860587 0.006433
2.016624 2.044518
10.164686 3.145712
13.160940 -0.067108
2.411699 -2.470303
7.397713 3.629864
15.595804 -3.491699
6.746282 0.728144
9.523592 1.055201
17.357611 -1.880759
6.522980 3.220182
10.610600 -2.594290
13.965088 -4.328889
9.148075 -0.592756
6.931908 -3.209480
7.954739 0.203216
10.612779 -1.911611
2.067264 -1.767349
12.480733 -5.439999
14.282249 -0.841305
7.443639 3.432142
9.544555 -0.259586
16.303740 -1.982566
11.371541 -0.661739
14.519078 -0.174492
17.187960 0.358693
6.399879 4.643181
12.273143 -1.169380
3.491102 -2.221956
4.132127 1.222110
0.144689 3.880623
3.915724 3.646652
12.020184 1.111584
16.759933 1.501734
8.684593 2.403926
6.582600 -1.402647
16.359200 -2.530234
10.868316 0.976777
14.358859 -2.845791
12.870273 1.914597
7.257909 -1.301317
10.442974 0.254881
16.949125 0.408742
9.658474 0.255662
12.306650 -1.660519
14.097200 3.351572
12.138036 2.832972
9.088411 -3.023206
15.790058 -0.508667
15.812349 2.166814
11.846081 -2.343535
12.953562 -3.847357
16.586939 3.236539
7.076055 1.186807
17.683020 -4.718416
1.230613 -1.698912
8.022262 2.395391
17.611954 -0.912062
2.820978 0.418108
10.390496 -3.928229
17.368742 3.714936
2.529119 -1.445422
10.996356 1.517920
15.036631 -2.549196
6.012100 5.270191
7.022933 -2.233414
17.076620 4.957466
4.220065 -1.042696
9.881494 -0.391941
3.534155 4.189803
5.169282 -4.060012
11.153186 -4.742808
15.508633 -1.449571
11.784420 -1.615662
10.256328 2.267055
15.178922 5.671837
10.350660 -1.987308
13.181101 -0.087344
15.443720 -3.208731
11.320415 3.898986
11.256812 -2.338422
16.482019 2.264485
16.916876 1.896634
14.132704 2.268653
13.616854 3.395040
13.784908 -2.277109
13.398825 3.116580
15.457436 1.088141
2.148974 -4.362843
12.960079 -2.358412
15.701762 -4.351680
3.816549 0.355230
17.234627 2.349737
2.296827 0.659006
2.497207 -4.555699
3.012555 -4.617654
3.945679 -3.079940
9.852007 0.008266
1.756950 1.695114
0.645880 -4.712252
8.937504 -1.596986
17.660681 3.593188
15.412350 1.260937
9.516881 2.967617
4.680524 3.878903
5.619938 1.887357
9.879056 -3.066899
16.731487 -3.744267
15.688205 3.011966
13.328473 1.133739
10.145988 -1.175790
13.142299 2.814988
16.680971 -4.303306
14.500894 2.401841
17.564129 -4.258646
16.255295 -1.458180
0.928165 -1.396533
2.896946 -1.801077
0.500877 0.191850
3.863605 6.183556
5.935468 0.292622
2.118991 0.234212
2.314418 0.653759
1.948029 0.337457
1.268369 -0.499634
5.964794 -4.497314
3.611030 2.739995
0.651084 -0.126704
16.445116 0.849172
4.027192 -4.607160
9.419757 2.002239
3.729287 1.740602
4.391649 -2.459592
7.734055 4.301953
0.123809 -2.348108
0.823030 4.053226
13.032866 -1.862929
1.441069 5.100456
1.779708 2.418771
12.515709 1.210230
17.326801 0.810624
17.342085 -3.980814
15.723062 2.954973
17.845032 -2.250423
0.931825 -4.226408
16.771557 0.058231
4.187420 -1.980182
4.186151 -3.199799
2.001870 3.909014
5.268672 -0.920241
5.346090 -3.485135
0.553585 -0.595174
2.607304 0.398026
0.115344 3.994022
5.095975 -0.086839
4.356389 1.627529
1.442255 -3.891561
2.929029 2.220423
0.789025 -0.359977
3.747274 -2.478852
9.655323 -4.238759
17.385283 -3.968492
0.914055 2.615887
7.855116 2.535999
5.281192 -0.996276
3.409621 0.376689
11.440104 3.791677
17.648249 1.018250
17.086044 -3.238625
14.035182 2.642537
14.238384 -0.196239
0.942576 -0.983298
1.553500 5.839808
1.356205 1.516107
6.888468 -0.160585
1.323008 -5.503636
1.214953 -3.276549
7.438230 -1.080332
16.783525 3.222483
7.852200 0.566411
4.411360 0.124759
4.350956 -5.802821
16.582731 0.769797
5.383682 -5.136184
6.210093 0.488468
2.676036 4.500112
6.655679 -1.046596
4.342779 3.726439
0.217323 -1.914805
11.701194 4.215223
6.154988 -1.494257
9.367386 3.462579
7.745984 -1.401380
11.280400 1.638654
6.513997 2.714182
6.164073 -1.795260
9.958998 -1.864968
4.074314 -0.590400
6.828162 3.019502
11.922306 -0.634451
5.401836 0.954629
6.964459 -4.889471
14.765869 -0.584905
2.288825 -3.363369
8.226416 0.665807
17.724098 1.755778
15.584731 5.412730
13.761250 -0.952919
2.196072 2.514953
16.808004 -3.435944
10.318705 1.802954
2.637750 -2.023398
17.869078 4.452194
7.585785 -2.630562
2.361324 -1.204739
2.265129 3.217712
7.152620 3.595896
6.195975 -1.723108
16.722445 1.435128
11.205806 -3.605371
9.100630 -1.627618
0.276753 2.027717
10.190955 0.035173
14.268862 0.588870
0.238283 -0.075796
7.327281 0.712383
15.062834 -5.075356
1.080321 -1.815101
8.875248 3.614836
15.471065 1.761158
1.920581 -3.705210
9.555182 -2.385529
13.298722 -1.200576
17.602140 2.643215
12.597022 -4.244234
16.894758 -1.577459
10.936388 5.029614
7.801682 1.134763
16.061977 -1.041375
12.750073 -0.006281
9.496587 -0.569426
6.310839 5.700824
10.205194 -0.863648
14.863148 1.562116
4.028211 2.379571
9.992250 2.191743
10.165370 -1.201870
4.237609 0.684654
11.967655 -2.536625
7.906996 3.447275
5.544587 -2.185435
1.268399 -1.118297
10.819937 1.384291
10.050410 -5.151569
10.047602 -4.655773
14.348197 2.375000
13.526607 -3.041954
12.750164 -1.261117
5.624724 0.578704
15.315913 -0.701886
14.216238 0.228900
9.513167 1.494325
16.506046 2.301225
12.064189 -0.626134
5.573928 1.760895
0.238776 -0.528217
10.131932 1.335754
11.654113 -2.138998
15.851802 -4.719553
9.119996 2.143196
9.438915 -4.107941
3.019256 2.004173
3.511075 -3.292022
15.070591 -2.235050
0.717103 -2.560075
10.133287 2.760768
8.658744 -1.231506
5.098514 0.002866
7.068891 3.771341
13.342427 2.526251
9.210093 -1.958557
11.154937 -0.905919
10.887312 3.365918
5.376797 -3.084333
11.244485 1.706610
10.992022 4.911823
10.759528 -0.117487
6.322034 3.259919
15.663185 1.352409
14.342915 4.753863
3.912838 -3.300894
12.632532 2.941127
17.099209 -0.234172
8.981567 -1.777602
10.812375 0.081376
17.154696 -5.153592
9.105860 -4.471934
15.831444 -1.200482
5.574765 0.427654
3.685141 3.465178
15.612432 -3.464069
3.608278 1.973711
5.955910 -0.256648
14.520651 -0.023494
8.333608 2.076998
7.942979 2.483454
13.981205 -3.047956
7.432557 1.330059
10.712234 -2.900468
15.490869 -5.171775
8.369142 -0.524126
7.735812 -1.386144
12.093411 3.761178
7.929033 -3.331901
6.941466 -5.255132
14.688382 -1.166710
10.416165 0.670799
9.739058 -4.799771
10.209167 2.156294
14.456254 -2.162116
4.887244 -2.148149
12.942663 3.498471
15.296999 0.036292
4.433231 3.181839
14.680537 2.851912
14.777870 0.922998
8.728224 1.856158
12.583383 -3.294276
17.331381 -1.660487
6.401221 1.438176
15.322432 -1.274591
0.631557 2.319470
8.017631 -0.861881
1.101658 5.505350
6.105034 -0.659901
4.040394 -0.859935
13.802464 -2.398643
8.877325 2.551155
10.185459 -0.859657
0.809211 -0.514536
10.296472 -4.375038
9.559511 -1.527791
12.456800 -4.109329
9.779182 3.431304
3.655931 3.708969
13.304810 0.779231
13.853147 -4.300584
4.884424 0.313171
16.426010 4.255853
14.101871 -0.556211
10.671694 3.650728
15.219082 -1.755719
15.815422 -3.439430
9.220976 4.502035
12.345862 0.758642
14.416748 1.725443
13.328412 -2.001229
16.436052 -2.172509
17.639593 4.981388
12.037089 -0.561594
1.958434 -3.349669
17.092119 2.829279
12.357079 -3.416117
17.710079 3.172572
5.180986 4.083104
12.664512 -1.658517
2.799778 -1.249828
7.927538 -4.338185
11.851630 2.975629
4.352923 -2.877603
7.595446 0.909147
6.380059 0.147123
1.375155 1.949957
14.373204 -3.441479
8.549586 3.889292
3.385875 -0.169028
11.038500 1.919805
11.304178 1.192682
4.851948 4.343646
14.853043 2.478397
10.572618 1.189600
3.907034 2.384250
16.323595 -3.910683
10.874661 0.843736
16.558971 4.349047
4.775812 2.729927
12.638231 -0.132686
4.938649 -3.565820
3.427817 -1.716362
16.060297 -3.629838
3.724409 2.954966
4.791677 3.244187
17.378511 3.371298
15.973818 2.000094
6.334578 2.960404
1.945198 -1.846811
3.882325 -0.446527
6.651024 3.724746
3.264862 -0.665797
17.245201 -1.401234
9.555113 3.608499
3.285292 -0.327142
1.345813 -4.783107
9.830958 -0.389411
16.872494 -3.893698
15.683147 2.669816
11.362692 -0.265857
1.506663 -1.036249
17.635979 2.101423
15.846506 -4.274537
1.124610 -2.742541
13.723631 -0.893930
14.925702 2.659801
13.271845 -0.098763
4.346695 5.306667
0.117377 2.302047
5.082399 3.312274
1.430148 -1.908047
0.003466 -3.436066
1.301497 -0.995628
1.165301 2.361338
0.064054 -4.507910
1.473405 0.724519
2.552513 -2.677716
2.719404 4.130869
9.846425 1.568852
2.169415 0.117820
3.488715 -2.999431
6.261726 -4.075242
5.990386 -1.707587
6.856979 -1.781054
2.959811 -3.538124
2.365919 -1.335390
6.687979 0.781234
2.810411 3.551006
8.098520 -1.174784
10.816138 2.238148
1.022950 4.320652
17.419655 2.553460
12.213100 1.336229
3.895662 4.782721
1.070303 -1.453791
16.122957 1.607460
0.040678 2.527992
5.724279 -4.557615
17.083467 -1.345313
1.896019 -1.596919
2.976994 -2.744339
13.880064 -3.954730
1.924218 1.322292
4.036074 -3.848302
15.572103 -3.782626
4.079571 -3.285919
0.840944 3.270158
6.250236 -1.495565
0.951384 2.830912
6.785924 -1.777166
5.219299 -3.819600
3.478010 0.964239
5.389642 5.402943
5.150166 0.267694
3.056910 -1.575757
5.622879 -5.880254
6.857474 0.081895
11.416790 4.462167
7.119657 -1.680425
11.695971 2.639256
3.724317 2.385100
4.510785 -1.129716
11.182342 4.592607
0.210891 -4.844124
5.164104 -0.215934
15.012644 1.883120
1.879647 0.971191
5.585603 -3.017957
16.692621 -2.741662
0.865671 0.129854
4.077943 0.483228
16.897909 0.311123
2.778032 -1.528393
7.424020 -3.656198
2.814720 3.157385
5.105015 1.584364
6.756857 2.903506
5.439816 4.962130
3.524609 -0.028027
7.436689 2.272924
7.490490 3.558319
1.424899 0.904858
12.977769 -3.864119
6.954554 -2.819229
7.508939 -2.192970
7.406418 -2.754213
14.076769 0.888374
0.940068 3.473175
4.413014 -2.286586
13.161077 -0.711023
1.154155 -1.260294
6.014236 2.670763
13.136773 -2.746461
4.938011 -2.226806
9.530793 -1.719198
15.623861 -3.782209
3.861407 1.377653
11.010426 1.419555
1.343678 4.842988
1.921502 4.304429
6.849107 1.236965
15.370758 -2.596220
1.601870 -2.249979
8.406733 -2.972963
5.320968 -0.756942
12.587163 2.285270
7.521649 -4.636456
4.049658 -1.710585
16.359627 1.483335
10.332039 0.153220
5.132580 -5.568472
2.937947 3.216424
10.132545 3.427124
5.708884 2.560699
2.873142 4.353896
9.080330 0.346217
6.949187 3.780133
17.268017 3.095379
6.801892 0.661445
12.380197 -3.243197
1.766243 4.215007
7.732720 4.504818
13.711901 0.078054
3.340163 0.328228
9.784979 -4.327643
14.459253 2.472524
2.387723 1.904438
10.199680 1.239217
16.493551 0.252605
0.364245 -2.608643
9.636084 -4.213240
1.914264 -1.071290
14.681652 1.222743
5.137011 -0.984091
5.967187 3.506624
10.673505 2.164464
6.786478 2.146559
5.102277 0.055998
14.157126 -0.908506
6.537651 -0.576153
6.856301 1.414328
9.473405 -1.307174
11.718092 -2.689589
4.734127 -4.971533
17.546440 1.323332
4.556914 2.870678
10.758133 0.434187
12.630367 -1.850149
7.879837 -1.491735
15.366023 -3.727444
12.832166 1.700221
9.888499 -0.777569
14.185635 3.929557
13.848018 -0.463178
10.814274 2.420393
15.517430 3.867040
13.724663 2.985319
5.998270 2.643590
16.707825 2.297610
14.037792 0.130245
13.572827 0.005072
15.520141 2.089425
5.039794 0.039019
10.598696 2.085181
5.535075 -0.736688
8.422421 -2.501411
8.607086 4.081525
6.317228 0.999274
11.376071 -0.277902
13.890718 1.841010
7.560008 0.176223
9.375154 0.552537
12.244946 -4.212121
6.961324 -3.647161
12.948658 -3.002231
10.469314 -2.509305
10.149416 -0.292082
12.178997 2.917080
9.280447 0.590488
11.222471 -4.395411
12.316383 -0.762525
11.178679 2.658187
16.338690 -3.032118
10.764397 1.758455
13.656181 -0.442943
15.122336 5.339806
7.044012 -4.542798
11.513972 -0.225441
16.673071 3.247622
13.660083 -2.057990
13.537932 -1.694594
1.759113 1.552454
3.281769 0.971794
14.199347 -2.197537
2.619079 0.688983
13.007940 1.866927
13.747889 -5.045826
8.210775 3.254402
8.183459 -4.953331
12.320273 0.865944
5.774011 0.637361
11.891386 1.450638
16.194695 0.797757
10.329186 1.873284
7.707677 1.405953
12.974488 -5.001228
10.908678 -1.983114
9.119791 2.846050
14.091064 -0.954360
15.679749 -2.797843
11.841852 5.029373
13.851029 -2.796436
13.659115 -1.990323
12.482098 -1.915639
12.889488 -2.761660
14.959571 -1.596455
12.889996 -2.916281
13.481791 1.280219
0.001494 2.457230
12.016556 0.755008
14.386319 4.710536
1.514036 -1.747028
11.960308 -0.365235
0.077308 -2.148628
17.232763 0.246353
11.208372 -3.594455
16.755850 1.839202
6.790076 -2.057289
4.796568 -3.272990
12.744834 -0.314616
10.326762 4.439819
14.328417 -2.126041
0.359110 4.054799
6.032426 1.214020
11.816475 2.623651
1.410542 -3.242294
12.161641 -0.938072
11.391274 3.329264
15.464520 4.115193
14.055934 -1.878411
5.892669 -2.992950
14.513112 -4.295586
15.837873 -1.176103
11.294107 2.571946
3.062056 3.086121
13.066870 2.799024
12.853864 -0.684639
0.848423 2.039429
15.813860 4.886890
13.175972 -4.782342
2.644714 -0.349341
0.605024 -2.219274
11.854362 -4.563674
13.588041 -2.723980
3.069639 0.654351
13.380335 2.722459
16.800966 2.869343
6.844776 2.292175
17.759609 -0.002630
14.476460 -0.437629
7.309724 -2.838033
10.516976 -1.740932
0.321573 -1.228267
5.437043 -2.065911
14.501008 3.237682
15.394729 1.492570
4.886284 -3.543669
14.149272 -1.686361
5.975749 1.093140
9.033506 3.977989
11.580584 -1.404840
4.763572 -2.150884
12.611890 2.373486
15.615713 -3.086134
2.541942 -4.277392
16.003063 1.215515
15.241471 4.609810
4.360025 0.838682
12.864685 -1.094366
13.532578 3.541253
4.429901 0.692894
4.909318 -3.650675
17.680637 -3.278955
3.533187 3.953104
6.397870 -0.563604
3.690498 3.661923
16.686911 2.463726
4.953701 -1.167448
5.790300 1.940838
1.154758 1.431484
7.103907 -5.157136
1.750423 2.301408
14.523337 -1.820779
6.970448 -1.527940
2.101600 2.168335
0.790892 2.662458
11.214181 -2.255039
3.176471 -2.123447
16.219738 -2.773672
14.106441 -1.843816
4.153910 -0.872323
3.135321 1.854146
12.721783 3.971158
2.144818 -0.681686
14.702878 2.544254
13.616673 4.208889
2.493506 -1.839328
15.918674 3.987515
2.116315 2.304178
5.393756 -4.382063
2.853904 2.926465
13.997442 2.039874
6.484462 -2.392049
1.375805 -3.601155
1.356843 -0.212821
10.852268 0.549422
3.171283 -2.989035
6.673180 -2.631229
7.894999 1.662440
4.971998 1.044028
6.055600 -0.707935
4.788580 -2.858510
5.019978 1.241707
6.439743 1.587691
4.180603 -3.452838
2.555509 -0.992547
8.281875 0.868171
4.695333 3.846368
3.921923 -2.836297
9.141241 -2.558805
6.213371 1.136061
4.335432 -2.618473
13.307643 1.643489
5.421655 -2.749363
1.725633 1.661915
15.820307 2.245678
15.098959 3.422938
1.627963 -1.817349
0.119788 4.309790
3.546624 -4.220232
7.475783 1.354148
1.209575 1.244693
7.058300 -0.702733
6.547995 -3.440007
1.559776 2.348888
0.949587 -3.299704
0.637560 0.808656
4.004084 -2.715901
8.210044 4.993203
2.635506 0.072628
4.317492 -2.173057
3.933273 2.146696
10.047554 0.120687
12.378786 -0.991799
6.513558 0.809867
6.936104 2.032480
8.310452 -3.383358
5.791603 0.041756
5.044368 -0.641627
8.395754 -5.018653
7.505698 -1.901624
2.939415 0.158051
14.399623 -1.690430
4.469475 3.199559
1.298446 -1.667124
14.284479 2.415623
2.770778 5.399009
6.105653 -0.403109
0.332866 -1.539505
8.946998 3.187713
2.386418 2.384564
0.705323 -0.319957
2.563117 -3.746171
8.994035 1.711694
3.772592 -1.310695
3.991570 0.572204
2.484155 1.110912
1.035286 5.558527
6.192496 4.149616
4.365563 4.139415
5.225951 -0.155911
3.561480 -1.091890
11.901031 -0.938183
5.849970 -2.856547
13.492573 -0.122516
4.587314 -0.386583
12.258951 -0.077010
7.834722 -1.021180
5.615551 -3.642498
7.800551 -0.899611
9.414662 -0.862159
6.200532 1.198534
16.423517 4.257835
8.257619 0.133337
5.029834 -5.106964
17.018135 2.352524
6.333272 -4.744823
3.925365 1.936696
15.152962 -1.912623
3.730585 -1.389708
6.750624 -1.456201
16.188517 4.614424
5.095874 -1.192486
12.975081 -1.862333
5.081371 4.695796
4.440825 3.798959
7.090746 4.217464
3.731785 -0.761958
3.556143 2.444007
7.950625 1.345590
5.186157 3.371825
2.195391 -3.600927
15.112829 -0.890932
8.525515 1.145378
16.955381 -4.455727
5.011645 -2.596454
12.343616 -1.245304
0.617347 2.436153
6.031576 -4.224280
11.243817 0.495240
5.653060 -1.335865
7.394420 4.402044
13.025216 2.001050
3.358899 -0.451376
11.503850 4.377101
15.557928 1.789787
0.681662 2.085913
11.331734 3.390244
2.919464 -3.430265
0.627549 1.675387
10.603160 -3.820969
16.392941 1.671963
1.914515 -4.191848
10.881886 -0.952724
1.843766 -2.439552
17.110477 1.471731
6.929762 5.110007
5.774070 -1.362192
12.519698 -1.394688
6.140643 -3.780602
7.997804 -1.234773
17.711046 -3.418311
9.340992 1.077827
7.251084 -2.896039
3.058638 0.794119
13.759637 0.266903
5.788812 -1.131311
11.943904 -4.694518
6.247269 1.284702
13.466055 0.757270
2.144844 -0.912522
5.443350 5.053832
14.418365 -2.399512
13.780961 -0.237346
8.249597 5.084745
13.928466 0.500037
11.702889 4.518074
8.944909 0.154967
17.811569 0.586904
11.241984 -3.139287
5.608393 -2.209007
16.621948 1.927127
11.855922 -0.836961
9.717331 1.880146
4.230563 -5.434087
15.695731 -4.896260
5.711361 -2.204909
4.566299 2.064528
12.821693 -3.229707
7.821980 2.380724
7.240354 1.948458
10.764558 5.382936
12.278627 0.637331
8.239097 -0.679856
15.224235 -3.028987
12.905970 1.190034
10.093376 -2.020540
14.926273 -3.656011
11.174924 1.686289
7.902613 2.631342
11.124498 1.336006
12.143451 -1.219175
14.115931 -2.959739
16.553265 -0.098411
11.068568 0.189405
12.706411 -1.349138
0.768815 -0.796362
14.184163 -3.760463
16.603224 -0.262027
16.396540 0.710339
15.265102 5.487751
4.903785 -0.652492
17.256395 5.081741
13.922416 0.532387
3.599328 0.001799
13.981688 -0.200096
14.997847 -3.834623
6.570963 2.512061
12.403855 1.367057
15.249866 4.626160
7.247132 2.254887
14.396207 1.461782
13.834336 -0.052477
11.438170 5.281422
13.363802 0.670711
12.696435 -5.533263
12.718042 0.552716
13.049522 -1.412049
17.537264 0.292446
13.864024 -5.924189
15.782195 -4.594252
13.232374 -0.387280
14.530723 -0.533429
15.173376 1.415920
14.967197 2.811324
14.989674 -2.160173
12.528049 3.430196
14.969773 3.520824
15.482571 -1.703845
14.047568 -5.396172
15.385355 1.577790
16.434013 2.294340
17.454079 1.737535
1.592817 -0.976211
6.294454 -1.300676
12.117337 -3.535566
0.625433 -0.241453
6.736355 -3.639290
12.714030 -0.347004
5.345023 -1.056316
6.274484 4.981407
14.943058 5.165203
16.538500 -0.283050
7.691208 -0.238091
15.093384 -0.239921
15.597672 -4.129865
11.353007 3.047024
10.622774 0.941275
2.210250 4.236602
8.435853 -3.764040
12.930569 -2.119421
3.218423 4.630142
13.505939 -0.110229
17.079987 2.571829
14.938700 -1.032170
17.209604 0.912449
13.598728 2.477210
0.576222 -4.209151
17.547962 -2.376068
17.858221 -1.987636
3.820121 1.977779
1.568565 -4.010355
0.473067 -0.110928
1.149269 -1.059774
1.730453 -4.704655
14.548984 2.822822
2.602433 -0.013446
4.821753 2.374459
2.246450 5.639542
17.036427 0.295376
3.696145 0.985084
5.231231 -0.635361
16.458988 1.694721
6.406045 3.606715
1.473925 0.104815
1.487342 -4.892072
7.185155 1.391533
3.437449 -0.002287
16.833382 2.646852
0.527990 0.167713
1.029343 4.432315
12.550383 -2.252009
10.303116 -1.001195
2.867205 -1.670986
14.203709 4.908297
11.438545 2.156763
13.798170 -5.227466
2.337424 1.235580
16.796808 -0.099435
