5.894311 -3.248202
1.922209 -3.296756
16.546745 -1.394909
14.852646 1.746877
2.213639 1.880608
3.592186 -4.537083
16.597481 -0.772067
5.263966 2.580052
4.801674 -3.696539
15.866085 4.954257
2.624446 -0.035874
6.585034 0.210649
1.326294 -2.844315
15.128304 1.612663
10.792827 -3.071886
17.050137 0.751329
1.335131 -1.872208
10.028170 -0.150052
0.149937 -1.445241
1.406843 -0.579697
11.843187 -2.493810
15.714413 -4.768144
2.848292 -0.505675
10.685341 0.586960
2.579569 -2.590397
1.553525 0.545004
16.723274 4.176968
16.721945 1.023979
2.453429 1.276000
3.619068 0.319253
2.471150 1.570950
3.901500 3.175103
0.130732 2.144841
6.180779 -3.951934
0.452114 2.702669
3.899551 -0.563680
5.143669 -3.479476
1.675385 0.307543
5.528906 -0.429317
5.344481 1.867187
1.359719 -0.930803
8.572751 -4.752683
1.517586 -0.483708
4.101890 -2.806111
8.513048 2.042423
1.498797 -3.076865
14.947270 -1.334998
8.772397 3.826887
6.095673 -2.079368
2.306933 1.492726
11.515182 -3.186027
10.748672 -4.324099
1.590267 -0.096252
9.735084 2.044981
4.160966 5.046573
2.181852 1.740193
13.861383 0.015054
2.034464 2.321834
15.509987 4.361986
16.320923 1.726998
5.691453 -1.955681
1.602799 1.870335
1.056972 4.277086
0.241178 -2.789912
5.275341 -2.514702
1.559670 -1.372824
2.331843 -0.387806
2.269810 4.889454
2.791534 0.520712
4.472352 1.737403
8.903749 -1.678272
5.243530 -4.002954
1.832727 -0.356946
5.700122 -4.814307
7.918372 0.399111
2.989526 -3.512743
4.878552 2.426884
9.538102 0.642648
5.251481 -0.378502
6.345816 -2.805753
12.136586 -2.178868
3.803592 0.213550
5.211363 -2.596011
12.957855 0.499947
4.899918 0.083755
2.526026 0.338377
15.511684 5.077308
4.426078 1.766348
1.096576 1.433514
16.388689 -1.301498
5.432183 -2.828783
11.468988 3.502465
3.031981 -2.130158
6.079559 0.476547
10.486257 0.333563
1.743655 0.560743
4.202584 2.066716
10.709145 -2.487279
3.939955 3.892910
4.331136 -2.591453
10.923534 -3.703456
8.293973 1.153075
3.052754 5.042335
7.161999 -0.972679
8.266414 -1.523160
6.382549 3.434283
3.858748 2.511060
7.938154 -2.288556
3.017315 -3.674977
10.519999 3.988848
10.773924 -1.162781
7.232520 -4.329483
9.075281 -2.676168
12.552411 1.879337
2.325519 -0.600832
7.842475 3.141767
0.113436 -4.522034
8.404499 1.115754
8.697063 3.212669
0.341820 -2.552758
2.370246 -4.027085
10.667748 -0.090887
1.539638 2.863157
14.154446 -3.718385
8.545453 2.671156
2.321869 2.052588
7.926868 0.481257
13.218744 3.490373
3.329461 -0.787577
1.638013 4.396422
11.400753 1.191752
8.066467 2.767074
5.264900 3.789637
12.006856 1.904178
6.519184 -2.515333
1.524023 0.203185
9.148662 -0.109630
6.132230 3.486343
5.795847 2.102224
10.873316 -2.801900
14.937439 1.018392
16.678631 -2.208113
7.582828 1.855866
13.281583 1.171061
0.510573 -0.347661
10.248324 5.895717
12.601630 0.957786
0.975350 -1.050890
7.088039 -1.795812
14.227659 -5.173277
14.825989 0.500617
5.077797 -1.363564
0.681192 -4.448179
13.813188 -1.863931
4.572092 -0.809033
2.289054 -3.626693
9.931389 2.345401
7.301877 -4.959275
7.805328 -0.101153
16.034628 2.124125
11.852192 3.206941
7.451392 -2.834199
14.398104 2.414570
13.103298 -1.357180
4.623116 -4.195849
16.239443 0.677675
7.510197 -0.892657
5.930290 -1.721249
16.004459 3.464557
8.164581 -0.804864
11.548282 3.614827
14.666337 -3.950850
10.094760 2.450601
12.939891 -0.843177
16.481899 -3.261382
9.281683 -3.142172
13.449808 -1.483285
15.381895 -3.147402
7.209363 -0.078047
1.602783 -2.957910
15.995806 0.819390
10.434484 -4.045478
0.882921 1.746386
12.354651 -2.250549
12.484344 -2.675759
8.378735 -2.490948
16.139389 -2.638345
13.631200 -3.693708
3.437569 3.044174
9.816559 1.632145
14.994218 5.299137
5.496360 0.475715
9.263077 -2.147058
11.694647 3.011830
5.720869 0.451878
14.988841 -3.795415
8.837572 2.243752
8.872898 -3.014381
13.434737 -1.404932
12.117528 0.878751
11.259771 5.785229
14.474902 2.299989
8.611548 -1.962229
15.046392 -1.196147
14.191187 2.323147
10.582661 -0.195030
11.339015 4.994550
3.503101 -0.685124
12.286914 1.887777
15.458204 -2.027314
15.033725 5.254771
8.870538 0.427405
0.798501 -2.045685
9.119922 -0.796356
13.992248 -0.180298
2.283041 -0.121267
8.329524 0.440290
15.168603 0.669190
7.124005 4.818621
6.718172 -0.805657
12.770082 -1.902785
6.191573 -1.152867
9.432552 4.639878
12.911403 1.352446
9.090090 2.725837
10.668861 0.882797
12.710509 1.567004
14.322664 -1.202335
11.750682 3.736161
11.439941 -2.441831
10.776193 2.132982
14.967072 0.842992
11.811048 -0.020266
12.139065 0.005316
13.709322 -1.512452
13.528412 1.592072
15.600415 -3.671010
14.429083 3.853526
12.343166 1.689316
16.514559 -2.314436
15.957779 1.367560
16.902849 2.822706
1.369555 -1.169300
12.671587 1.566594
14.864115 -3.588171
16.372463 1.825644
14.630961 -3.427282
16.266832 -1.077855
5.982308 1.145946
14.421532 -0.878281
2.638584 1.123532
5.863968 -1.567310
13.222882 5.014146
0.039214 1.331407
5.232971 1.460640
13.442814 3.503615
14.543205 -1.096831
10.727289 -1.128776
13.019612 3.335552
13.414558 -0.046528
14.004073 -4.336460
10.197090 -4.560024
14.387885 -0.209940
11.642390 -1.695358
13.068862 2.137559
0.840996 -3.483041
16.818995 -3.610231
11.715097 -5.210003
12.885342 -1.504288
2.165409 -1.657161
15.004084 2.913571
3.169687 -0.121471
2.118665 2.877342
15.368920 3.208332
0.595417 2.216288
4.077928 2.640849
16.578804 0.278995
4.707233 -0.066724
16.893379 0.414780
13.434420 -3.076576
1.770339 -0.760323
4.727363 4.084357
12.057244 2.897614
15.441139 -1.206338
10.228672 -0.770962
13.709497 -2.691732
16.345331 4.570940
10.449259 -0.315900
12.671874 -0.461796
16.883665 -5.313217
11.691181 -2.146483
15.856174 -1.762578
15.817363 -0.594455
14.029883 4.852235
16.528502 -4.451412
0.318695 -1.186245
16.702408 -0.439297
16.547180 2.335823
15.997667 -2.166536
15.600245 3.523837
2.057238 -3.683578
0.823273 -3.980478
1.678661 0.731308
4.589286 3.481626
15.171965 0.254589
2.082005 -3.735121
3.451505 -0.914611
14.995148 -4.803814
5.143208 2.070349
4.380817 -0.584683
17.032558 -2.392599
9.338183 3.656551
5.253705 0.982798
1.077716 -4.545041
10.521317 2.754694
4.858090 3.183052
15.160484 -1.326045
10.074475 -4.357487
7.202573 -3.258623
16.694723 2.834546
10.922545 2.754073
2.922653 0.709774
16.027170 2.434169
12.257896 -3.356310
4.694615 1.497294
16.521124 3.597252
12.692862 -3.255514
5.814788 3.572788
5.137654 -1.787442
0.121663 -0.491499
11.994856 -4.747189
1.945780 2.546822
0.500569 -1.540892
8.664061 -0.683970
1.732792 -3.454965
16.938360 -1.022834
0.147883 -1.337051
0.898773 4.474296
1.239956 0.901457
8.072716 -2.667604
2.274421 1.065651
6.325361 1.436870
9.518911 -0.461978
3.360520 3.004952
11.068865 1.950923
8.416397 1.217373
2.386449 1.507582
12.282422 -2.993436
7.629397 1.738799
2.730392 4.000083
10.802936 1.591461
8.778379 0.707891
4.741838 -4.182683
14.655058 -2.067522
9.088533 -2.062363
1.182538 4.175934
13.418033 1.953789
10.337803 -2.780232
3.333037 -0.840605
0.631719 1.095608
9.160781 3.614869
10.353765 1.545459
2.554604 1.463057
10.855591 -3.754148
5.036954 3.652108
0.560679 -0.050438
5.440274 0.113402
9.550966 0.650266
3.860131 1.390471
5.348440 0.486727
6.918024 0.504639
10.347654 -3.346980
7.049602 4.242895
8.684886 -1.967825
8.824955 -0.834212
10.743388 -2.738845
8.790523 -2.105615
8.614280 1.174535
4.556760 0.311075
4.489093 -1.793283
9.877182 4.900559
5.832680 -3.361594
2.541750 -2.901994
14.273230 2.428696
7.606329 1.503698
4.363843 5.378232
0.525499 -1.255909
9.894918 -1.769260
2.690632 -3.075556
16.251949 2.729482
10.128678 -2.115375
8.323812 2.249156
2.798848 4.051599
8.697866 -2.513128
8.866353 -2.371125
3.941329 -2.070941
7.592181 2.715132
5.924765 -1.387449
7.115930 2.485590
5.111538 1.928035
4.606226 2.709803
6.967314 1.132134
6.555560 2.728706
6.930027 -4.149511
8.986003 3.035022
5.708076 -4.183529
5.316722 -0.683816
8.713892 -2.984648
7.308638 1.078469
5.991970 -1.228207
11.694045 -4.270166
9.966363 0.160173
3.553925 0.417177
14.872525 2.465367
4.393738 0.481803
6.304444 1.544848
0.566873 -5.307239
7.409914 -2.739993
7.628156 5.055487
1.474087 3.266279
6.565915 1.624043
13.628611 -0.927114
2.047183 -1.965662
4.916477 2.815331
12.891284 -2.007160
2.479115 2.793061
7.824897 1.240120
10.274170 2.527199
1.554472 4.098088
4.298712 -0.424762
6.879019 3.692131
7.118493 2.657183
4.326643 -1.569790
5.441642 -0.587903
5.625158 5.334474
4.929258 3.406140
7.723739 2.496487
8.761276 3.055875
9.228577 -5.017071
9.667124 0.216121
11.909004 1.953856
4.400131 -2.141110
9.932003 1.607269
11.710489 2.456950
6.342067 -3.471586
8.973751 -1.451058
0.881998 3.491374
0.557166 -2.527029
6.102827 1.026773
12.658159 4.662084
5.972070 -4.807878
11.079279 0.702493
16.655436 -0.930645
16.470793 1.179052
8.895809 -2.718129
4.361989 3.512414
14.551985 -2.924412
10.246544 2.254538
1.968274 1.344243
1.018525 1.218973
11.267199 3.321864
11.165390 1.907988
1.779315 4.648955
9.571106 3.551379
7.711963 -1.066542
16.775316 3.056934
9.640719 3.151988
10.178327 -0.659053
16.449175 0.521945
11.419472 2.026856
11.097232 -5.289794
0.106984 -1.603331
8.596566 0.602223
15.002222 -0.291466
16.507238 3.207193
5.688060 4.536042
14.264949 -1.110896
0.433969 3.694260
10.366355 -2.023280
14.844769 0.362134
0.307490 3.479420
13.403624 0.740808
2.408506 2.928677
12.257380 2.764185
7.310985 3.011543
1.973568 -1.911488
4.307976 0.007028
14.009536 -1.730554
3.780507 -3.917537
7.686111 -0.533058
11.181311 -0.591191
7.366873 -0.313846
10.064549 -2.135886
14.444976 3.532962
7.340920 3.533382
15.852311 -0.886747
9.297238 2.091340
7.307457 4.446649
1.024162 3.068116
10.149082 -3.574745
9.148059 -2.300754
2.150420 -2.802532
12.063158 0.962129
12.194885 2.321695
15.938388 0.089289
11.066629 3.597586
13.463295 3.770081
0.094234 -5.185143
13.300943 0.661849
5.690197 -1.743806
14.562651 0.212431
14.236157 -0.340800
2.496603 -5.376794
10.365986 0.733528
11.814088 4.958786
2.511255 -0.885760
7.486866 -1.670886
12.328860 -2.016574
4.669995 -3.698638
16.616756 -2.052423
17.033960 -2.293639
6.823868 -3.644417
11.008245 -1.290086
11.984014 -2.446607
9.542346 4.114069
9.894440 -0.598004
15.630338 0.681039
13.009375 -0.322132
12.456128 -1.946684
13.255619 -1.485574
12.025064 -4.971323
15.786331 2.213279
9.867009 -5.204600
14.812410 -0.022044
1.681403 1.039379
11.405850 -5.097459
15.767244 -1.812768
13.570179 2.240610
13.030886 4.111387
1.420116 2.789040
3.526721 -0.904394
15.017619 1.940542
0.636680 5.452037
13.995577 1.528469
14.719979 -5.047199
4.565778 -1.802306
14.857556 -0.804599
13.049640 3.858331
7.283677 -2.895032
11.327220 -1.065990
13.527204 2.435047
6.643514 -4.919048
11.625587 -1.848532
13.784479 -4.013786
10.689754 -0.162567
14.062820 3.141886
15.706235 -3.693534
7.569287 0.418671
16.091076 4.655199
14.452368 0.768606
9.663690 0.297646
16.174927 -2.535004
12.915321 -3.403143
12.897030 -1.264693
15.763101 -4.192904
13.323127 -0.003934
1.233358 1.792119
3.025835 0.046598
12.192794 -5.251314
1.853236 -2.220860
4.067746 3.796148
16.572557 -4.234536
0.144177 -1.619004
0.667494 -4.575481
1.393085 1.697856
6.916156 0.816500
16.407120 -0.558594
16.695848 3.122808
5.064699 3.899203
13.963700 3.550646
3.483490 -4.664884
4.265420 0.807114
16.488359 -0.108587
1.516127 -3.735643
5.257986 -0.981096
14.328802 0.634038
15.243446 2.456256
9.547027 4.085972
2.890619 -0.714174
0.701496 -2.607028
9.055994 -4.458676
16.284708 4.176680
4.269242 -0.472553
15.247720 -1.339181
3.024891 -4.812533
15.495997 -1.750453
14.937056 -0.296781
2.505689 -5.853445
11.032716 -0.564220
3.547246 -0.272144
8.375079 -0.666662
3.612130 -4.849025
16.165432 -1.291859
3.845024 4.858173
1.095462 -1.018494
1.058837 -1.495981
2.264487 -0.793892
0.225966 5.378891
3.461597 -0.470436
9.712703 -0.631822
0.698542 -5.159239
7.983847 -0.654363
6.702533 1.392244
16.708754 -1.778824
5.763466 -0.038406
9.378116 4.363260
15.947132 0.573648
8.417951 -0.771461
5.640754 2.173167
16.488926 1.275251
11.053061 4.413865
5.362884 4.379064
14.776003 1.965466
13.753983 1.452647
8.586008 3.857441
1.939214 -1.536796
15.046513 -3.503553
6.345750 -4.684261
0.920312 0.151983
12.403630 -3.285998
12.553704 2.762555
5.633673 2.362897
1.269910 3.733163
10.279519 -0.296220
2.176015 -3.073032
1.965123 3.516938
9.581819 -0.591199
17.012360 1.903894
2.773094 -5.304714
14.194579 -0.373580
3.931909 3.510182
7.076498 -1.946018
7.596936 5.616971
5.327984 -0.225793
9.047350 -0.067264
12.222232 -0.468719
1.910674 2.431244
10.558485 2.410550
13.296655 -4.340743
5.948521 -2.739042
8.785423 2.459727
10.139997 -4.895326
5.007178 -1.022555
10.330362 0.527322
9.684102 0.869176
0.139276 -1.655680
12.089415 3.996567
13.289697 2.178108
1.514389 -2.346581
1.586716 3.264388
12.506113 2.671864
6.265173 0.803728
15.034276 4.811717
12.222502 3.907652
5.996079 0.466283
3.408358 -3.939418
5.729191 -1.746741
3.523417 3.477923
1.145796 -4.426218
11.690724 -2.460349
4.380660 2.246745
6.954140 -4.140996
12.137491 1.037773
7.189059 0.261599
8.482471 -4.176065
9.945827 2.802076
3.425641 0.963739
9.310357 1.466435
16.279869 2.037753
2.231437 -2.088226
8.317060 0.174793
11.615520 0.963486
7.684918 -2.269894
15.227005 -3.855053
11.959193 -1.188011
8.757907 -4.442252
16.354925 2.577052
11.714618 4.497749
5.680247 2.906005
16.341362 0.157994
9.089837 3.968094
5.651747 -2.839200
2.293548 -1.273615
9.742214 -1.930301
4.600502 -1.379760
16.422251 -4.551027
9.560785 -2.910478
7.153376 -2.763149
3.954584 -1.344100
13.052824 0.320860
7.067445 0.149720
4.949536 5.391899
5.374351 -0.795718
9.582921 2.932304
8.823402 -0.540696
13.900840 1.351928
5.773426 4.275930
10.991677 0.020225
6.049193 -0.181926
9.956019 -4.770680
11.818675 1.646051
8.499381 -1.653095
5.687017 4.620468
13.167977 -2.925877
9.486127 -1.457307
7.372772 0.146424
1.026710 5.631948
7.977825 3.988289
6.671871 3.156706
16.864849 1.906574
6.895918 1.622747
15.818218 -0.698486
15.421864 3.401574
11.885939 -0.447610
12.423774 -2.503013
15.880213 2.800200
14.623136 -1.023818
8.010841 -2.641955
4.293975 1.998289
7.218347 5.548089
12.011606 -0.825832
2.043156 0.996794
6.071288 0.505513
11.225766 5.599790
8.978528 0.666299
4.760273 -3.265185
11.100735 0.002046
10.298161 -4.732266
12.442293 1.771343
5.673664 5.221907
11.728339 0.019999
6.974417 4.441140
2.854012 -2.095601
12.817116 3.305147
10.202427 -4.974721
7.924256 0.862309
14.639624 -3.605753
7.924476 -4.479459
6.999800 2.261026
3.320266 -1.094569
1.561806 -1.098836
5.524117 5.094647
0.620601 -1.064411
3.592230 3.492012
5.310684 0.335525
2.348057 -2.062794
1.135996 0.194082
6.542278 -4.523102
4.293675 0.124992
6.984580 2.350821
7.242248 5.684153
6.160568 -0.871340
16.101109 -2.121184
10.425584 0.603137
8.852454 -0.641532
4.196014 1.057102
6.140675 2.919284
9.369558 -1.560653
1.179142 -4.136843
7.842667 3.663742
12.664478 -1.069873
5.786089 -1.285703
9.423141 4.338395
16.051107 3.626209
15.817177 1.713145
8.873213 -4.017141
16.359015 -2.374317
5.538750 4.634409
4.993625 2.978912
14.700381 -2.097010
11.158422 -4.910252
10.302094 1.304371
1.760641 -2.502676
16.184389 2.804638
9.926134 -2.491326
2.975802 0.971711
0.474582 -2.799206
8.306837 3.436974
3.212869 -1.100565
14.588873 -0.718606
14.364440 -5.679313
6.383427 -1.778121
12.806236 3.446126
12.912389 -0.537635
10.028521 -4.934751
0.076098 -2.429548
11.764089 1.064412
9.479568 2.789988
14.534975 -4.930778
8.774557 2.142345
10.640674 -1.184668
2.559890 -2.480634
7.605520 -3.223773
14.051269 3.627590
2.593137 1.118747
12.992437 -2.197958
0.179216 -1.920102
4.265119 0.932432
11.006639 2.905472
1.890865 -2.922136
16.478849 -5.170030
0.749432 -0.659067
2.817974 -2.743620
13.074928 -2.980501
12.751014 -2.379739
3.397291 3.766301
11.522681 0.379034
14.563280 -2.466464
5.093004 0.757612
14.910533 -3.954850
14.344869 -3.033111
8.246979 -2.198609
13.145345 -0.159319
13.888385 0.359790
7.506816 5.310766
12.768025 1.519746
14.998372 -1.486153
12.669796 5.450937
17.001783 3.340755
13.423428 -3.214385
11.095211 2.173911
15.779830 -0.447064
12.810686 4.052934
8.895221 0.989061
14.644740 2.303878
14.965803 -2.227568
15.341929 3.897180
4.267874 2.748287
12.286857 -2.574745
0.447159 -4.185612
1.085729 -3.350223
0.763970 -4.133126
5.436960 -0.229517
12.182688 -1.302745
14.157683 3.027723
3.504147 3.135314
12.586749 2.895397
12.192063 3.572925
5.078623 0.516822
16.976141 -1.761524
0.462438 0.834647
8.519246 4.239146
11.591777 -0.762547
15.282266 -0.249034
6.960958 1.133017
14.344804 2.049834
13.399076 -3.138062
9.490432 -2.908077
14.517756 2.797883
0.178536 -2.697465
12.633749 2.732707
15.890040 -4.665213
13.866656 -1.077523
14.816193 -0.253550
1.053760 -4.427227
1.509703 0.574936
15.453179 -2.958787
3.522757 -3.519427
1.089655 -3.096152
2.931403 2.660185
0.859982 0.174869
3.277526 -1.125447
2.459857 6.140343
16.408178 4.225414
3.983111 -2.085329
3.073959 3.176232
0.694195 2.234386
16.514511 -5.012476
3.859295 0.434985
0.774164 -5.436823
1.243189 0.534425
3.530844 0.822865
1.654534 1.507448
1.743402 -0.321199
10.466576 0.796395
12.756552 4.018878
14.476137 2.274848
8.887243 -1.082159
3.212827 2.642933
1.216897 -3.293457
10.805136 -0.942493
1.102963 2.132214
16.712046 3.057462
15.671958 2.696591
0.751127 -1.173328
15.668236 -1.566448
14.363027 -4.430055
2.403927 1.914253
3.978974 0.875692
13.832280 -3.716749
10.065398 -2.964051
16.576836 3.883188
16.434139 -3.384977
4.701875 -0.652716
16.672499 -4.173728
3.157015 -1.089144
3.937172 4.985923
4.560095 1.161989
0.755917 0.219060
8.616858 3.368239
12.871597 2.241093
7.434431 2.003386
8.676405 -2.231673
2.074334 4.919304
7.955406 1.328288
5.537557 -1.810014
2.868522 3.770605
10.039094 -2.829173
8.919557 -5.236849
2.126050 -0.181049
9.725243 -0.794541
12.248956 -4.181679
1.159165 3.307558
14.507227 1.642544
4.658191 -1.603880
1.284814 3.809394
12.180105 -0.471977
11.466630 -2.244047
1.851273 -2.091694
16.077835 -2.364086
8.847814 1.989780
16.692051 -4.131146
1.104674 0.390313
13.192335 1.010132
2.683257 1.498773
2.927873 -1.108089
9.310079 4.460674
3.372062 -1.293276
6.534028 1.372418
12.537427 1.356554
16.171597 -0.199594
8.620346 -2.792029
8.007291 1.304732
3.983985 -2.039821
7.386055 4.550838
13.511831 3.380257
1.435964 -3.302354
6.819602 -2.759301
8.225569 -0.453659
0.390285 0.448288
9.047982 -1.478881
9.948250 -4.394994
1.949168 -0.669943
11.701756 1.422926
2.611441 -0.977498
4.708394 -2.144743
15.351729 3.832903
13.378755 -1.004575
16.257929 -3.877795
16.821217 0.484029
13.020404 0.719302
7.304014 0.700630
16.277037 0.726375
10.212704 3.350463
4.066731 -3.242132
2.294660 -0.662989
6.755869 2.728088
4.408952 1.112281
6.209727 2.608478
11.740254 -0.931089
3.034788 -3.086508
8.837148 1.367385
8.171101 1.212014
3.778831 5.005536
9.375581 -1.043029
15.636795 2.844016
4.503395 3.102809
7.898595 -1.674011
12.397216 -3.576075
4.630684 4.058011
10.259981 1.068670
6.115850 -3.982660
5.456382 -1.953301
10.542800 -3.394138
10.280920 1.740905
5.973585 -3.522272
15.019528 3.173985
13.532907 3.791557
5.664596 -2.650526
16.758467 -1.973973
11.388558 -3.043383
6.911653 1.458891
0.495401 -3.031116
9.016488 1.989173
5.530444 0.511185
0.557729 -2.168636
5.979844 -3.264886
5.902756 -0.240890
5.792524 2.278199
15.317557 -2.670330
6.068988 2.506173
8.361894 -4.285556
7.548172 -0.750179
7.591844 -1.687352
10.383106 -5.456745
9.746167 -4.607460
5.078680 0.471878
11.984950 2.752339
9.956985 3.494027
8.910867 3.464932
10.154923 -1.848771
12.563272 -3.469982
4.203702 -0.848116
13.058895 3.869859
11.199714 -1.594530
5.426293 0.869733
13.080020 -3.659679
13.984360 1.651597
6.605675 3.389927
0.998410 1.703804
10.781635 2.410299
9.878494 3.235194
3.490539 -0.106501
10.834046 0.487004
12.643551 -1.000561
5.259740 0.189155
12.102554 -0.526306
11.976696 4.458542
6.857657 -1.382800
7.481408 -0.418153
5.972031 0.337160
4.972254 5.466229
5.962845 -1.001048
6.585756 -4.267383
7.438153 -0.279659
8.223184 2.336831
7.832023 -4.354477
12.049591 1.259515
8.391258 1.006157
4.045298 -5.764618
12.134054 -2.344138
6.992684 -2.698042
8.139839 -0.836558
16.459988 4.191622
6.986337 4.786839
5.427925 -0.271656
15.722122 3.275538
8.834613 -0.985867
8.012574 2.301908
15.912031 3.141549
10.120513 4.378646
11.876317 -1.102037
16.628841 -0.282264
7.219930 -3.267604
10.817945 2.292336
3.321720 -3.836133
6.386675 -2.724794
7.890771 -2.808995
4.348454 -1.728346
5.304718 -4.933064
7.415495 -1.253568
5.773477 1.267938
1.337309 -0.248305
7.393840 1.755293
8.510686 -5.130095
4.636457 2.648549
13.146643 3.414065
9.792269 -3.156312
3.340807 0.260940
7.498103 4.395761
9.929343 0.359058
7.898486 -1.182699
9.470996 -0.553425
15.576617 -2.448445
9.161892 -1.822111
10.469036 -1.877996
16.600561 4.626515
8.486180 1.452101
8.613585 2.063781
2.226392 -4.349384
2.718718 -2.531872
6.688430 -2.672641
1.373200 0.377008
1.632191 -2.250854
11.974910 1.303274
4.682212 -3.926332
1.681895 -1.005648
9.970331 0.045044
4.731285 -5.326776
1.597786 1.926989
10.777317 -1.437314
6.336408 -4.925464
0.891637 2.728843
7.963394 -0.020841
9.976875 -2.610857
2.297390 -4.888151
9.061616 0.551673
9.765352 1.504495
1.088977 -4.096098
9.206092 -0.479439
11.211083 -2.382797
7.443278 -3.048480
10.140663 -0.094350
17.009792 -3.112592
5.927518 1.755843
7.576937 1.738212
14.913558 -4.180563
6.372880 -1.346063
13.119358 6.104081
0.100543 -0.662409
15.776083 2.056090
15.434914 4.921503
0.033396 -1.549268
0.070117 -2.685591
12.260598 3.614841
4.053943 0.026800
12.869459 -4.175450
15.379978 -0.552443
6.000167 -1.191424
16.589407 -1.702842
13.982547 5.116690
7.652691 0.714382
3.357362 1.484224
12.283319 -3.402604
8.980443 2.938178
14.664001 0.274800
10.478542 0.807969
8.000213 -4.528815
0.426718 -3.783971
11.941896 -0.128519
12.740026 0.799756
13.575490 2.048687
11.560358 0.564502
13.074352 -2.495866
4.888237 0.827293
6.593593 -1.728625
13.780056 1.701676
3.246504 0.602680
13.676924 -1.372338
14.478483 3.025598
1.915481 -0.371125
14.759814 0.291752
1.037247 -4.188370
0.762746 2.026147
15.147015 -1.254150
5.738286 4.141141
15.931674 -1.300503
15.489691 3.610893
6.819386 3.732430
1.221379 -1.517315
16.536045 1.354662
6.889307 4.218877
11.117352 -0.234298
13.724502 -0.217390
9.029839 -0.476988
2.970147 -3.542962
16.019291 2.434218
9.035840 -2.129826
2.068717 -1.750244
16.886356 -3.880326
10.439548 -2.288299
2.022337 1.614244
16.992226 -1.667434
13.970323 -2.725789
0.472727 4.671684
13.625648 0.624519
0.511850 -0.713130
2.854538 0.798149
14.014643 3.019576
16.084192 1.561675
7.182095 2.280292
16.459898 -0.541379
0.543909 -4.087862
1.285167 1.211109
14.897071 3.146216
2.581350 -3.323722
1.024278 4.302543
13.687324 1.617748
4.130436 2.245837
5.000717 -2.406311
15.467160 -2.195409
8.360044 4.240155
6.289792 -3.119371
16.699867 0.791870
9.204562 -2.988531
3.189940 4.219036
15.364111 -1.230721
10.598581 -0.422360
4.840243 4.348443
15.027606 3.734577
11.849397 -1.068015
1.680417 -2.140931
13.839915 -4.335911
12.237802 1.440803
2.286130 -1.035907
16.552450 -0.813681
0.611719 -4.308874
4.383903 -0.391240
4.522047 -2.827380
16.123384 2.418070
10.173484 1.022876
1.054828 -0.362447
0.316188 4.342073
12.822693 5.514712
15.047613 0.777827
1.014550 -0.049001
10.755673 4.635974
2.642524 0.667683
3.465047 -2.461935
8.529744 -3.405862
4.597534 2.917568
5.439882 -1.555161
12.194101 5.054827
1.316056 0.713075
8.361872 2.744362
11.051617 2.584207
15.408905 -0.181076
8.613094 -3.483045
10.921116 3.135994
17.029278 2.837944
8.893244 1.533494
11.191213 -1.775016
15.547849 -4.455935
15.371003 2.032248
14.352983 -1.272554
1.905578 2.227962
12.734054 -4.382492
11.785625 -4.320636
16.815689 -1.607444
0.070238 2.387064
11.176239 -2.263005
5.305615 -1.947486
2.324073 -3.736725
14.688791 -0.105521
16.895868 5.067459
2.567650 -2.522543
1.472443 1.744564
4.785134 2.651742
6.250916 3.560537
11.097129 -3.448546
16.985395 -2.749892
7.240794 3.546251
14.058932 3.251997
4.087223 3.333835
11.079083 2.098561
0.353577 2.737499
3.055856 -0.656069
10.926810 2.048467
15.623738 0.124528
6.337874 -5.634054
11.806992 -0.247277
10.973246 1.985607
0.828461 3.581602
13.255831 -0.462046
13.931336 1.764182
3.903408 3.276388
16.632856 4.344833
14.735496 -0.764514
2.878191 4.577888
15.506169 1.510391
0.102525 -1.415528
2.923700 0.910427
16.494707 -0.030436
11.738653 -1.751518
1.282471 -3.455761
6.552410 -4.204433
14.880547 1.513276
6.349658 -2.550393
4.427545 2.568571
13.929641 -1.272887
5.803802 -4.176076
7.261950 2.443519
0.529526 -0.169114
5.164724 -0.400562
3.187284 0.292041
14.423679 -0.699989
6.981529 0.016915
6.013387 4.178906
14.335152 2.360703
5.270231 1.923539
12.680575 3.571329
12.941623 3.730499
2.542436 -3.144886
13.433120 -1.048306
13.041458 -4.226744
4.648905 1.370374
15.357428 0.565500
17.011072 0.941235
6.461411 2.008499
15.775583 -0.773143
12.856090 3.173304
11.513695 0.132943
1.591771 1.060952
15.808501 -2.594606
3.256549 -2.514040
4.785311 -3.213224
13.078310 0.980456
3.906859 -0.536995
5.617802 -4.850453
16.796432 -2.221087
6.703911 3.726995
2.715246 3.297701
12.813387 -0.313321
7.499687 -3.444721
6.654900 2.555404
10.860913 -2.063759
6.541814 -3.278169
11.572920 -0.650390
9.887961 2.360581
6.741630 -3.391456
12.965326 -1.383944
11.542229 -0.614013
7.158386 3.375474
13.408353 2.499977
15.270664 -0.839730
5.871276 -2.978382
16.025387 -2.328320
16.137856 1.679522
4.032181 3.359321
1.399300 -2.478299
14.288097 4.766938
10.514399 0.582102
14.515736 -0.579918
14.511805 0.548949
9.712452 -0.356980
3.533492 3.957438
13.129821 0.974600
7.631408 -2.773831
3.376674 -4.799879
13.547631 5.692588
3.318412 -0.443121
9.558140 -0.366396
6.502036 0.587384
4.125014 -3.032713
9.652334 -3.129734
10.130925 4.442261
8.132152 1.029168
11.903302 2.559729
12.463573 0.583851
10.674169 -3.768967
12.103089 -0.502200
9.043549 -0.205495
6.387081 3.485163
11.177402 0.929421
14.100163 -4.395495
6.889748 -3.532367
14.914724 -0.189232
11.394946 -2.359743
8.627090 1.175926
0.985485 3.203106
12.194654 -0.696791
10.040859 2.751405
0.376392 -3.735799
9.721686 -2.957798
11.052814 -2.987230
1.023634 -1.701706
10.431538 -2.859520
13.355640 -1.740141
3.621691 2.181786
10.180936 4.068433
9.282180 -1.932561
5.003555 1.271780
7.942652 3.739678
8.116518 -0.642514
5.245598 -4.066053
5.958225 1.280307
8.252270 -1.208619
7.403295 5.014925
9.564262 -4.537420
10.682326 2.214509
9.028104 2.905916
9.674231 1.316118
11.563639 -0.610282
14.944671 4.356204
10.909885 -1.366189
12.051743 3.705962
12.129522 -2.267039
8.420869 -1.743813
13.277416 -3.762532
14.585056 -0.642162
3.066999 0.462160
9.380485 -4.092091
3.831209 -3.077154
4.738152 5.182022
10.555854 -2.733049
5.750250 1.113443
7.298014 -0.446869
9.437424 -0.814365
7.386929 -0.721325
2.445153 -3.186368
8.168166 -0.441137
4.962632 0.881719
3.369268 2.026366
8.887622 1.740178
8.399088 4.566721
4.111515 -4.660730
9.270749 -0.817174
10.075973 -1.238235
2.896401 4.762340
8.774095 0.588734
11.328332 -0.626976
8.763862 1.599088
15.204454 1.069764
14.752759 4.844537
4.861096 -2.553026
9.871017 4.781410
0.557741 -0.197554
7.601745 -0.326587
11.913176 -2.981509
0.273883 -4.120180
7.715594 -3.336064
14.109281 3.475606
0.915960 1.097810
1.501748 4.377545
12.649238 0.128096
1.499956 3.441146
3.433007 -5.331620
16.602318 0.624606
1.994309 -0.844987
3.204275 3.339136
9.885663 -2.400943
5.467514 -1.835559
5.809183 1.461713
10.591630 3.422647
7.264457 1.974828
5.788598 -0.754041
16.305246 1.899124
7.141840 -2.567005
4.848279 -0.823363
13.062382 1.839398
14.077603 4.103724
1.719909 -2.178461
10.871400 -3.186547
13.663919 2.499266
4.239224 4.285823
8.018760 -2.785470
14.727696 3.000534
4.431273 2.962260
13.789820 4.752132
16.588278 1.166126
5.849503 1.137209
16.921156 -4.023930
16.819138 0.103341
5.085572 2.359693
13.868873 4.070970
1.020912 1.258389
5.184794 2.232831
16.968884 -4.531624
5.233518 2.884458
3.084277 -2.264724
4.145166 1.122685
5.397636 2.620686
3.997151 -1.772650
16.863108 2.301523
11.148638 4.942635
4.870798 0.730823
13.184269 0.981917
12.150891 2.264970
0.208854 -2.437565
0.063594 -0.174438
13.264062 4.238160
3.429725 -3.096862
13.902734 -2.679529
11.138413 -0.879331
2.788824 -1.826195
0.077657 0.472011
15.947459 0.157711
6.621413 1.704899
0.877035 0.331136
15.362931 -5.592815
8.827344 -4.833185
1.203393 0.284179
1.660874 0.519347
5.130633 3.417970
1.558908 1.685825
2.616850 0.957009
7.943763 -0.347873
2.725413 1.769882
4.609395 0.566109
7.495644 -2.597788
1.318090 2.065720
3.249649 0.401507
3.569870 2.946450
2.413580 -0.372215
5.627595 -1.175273
6.758491 0.576887
13.065794 -5.009233
7.880458 1.368940
6.023942 4.978780
13.908552 -2.037798
10.980970 -0.239267
12.115677 -0.323297
0.238862 0.327220
10.061678 -3.912543
9.722429 -0.935830
12.871609 1.580764
12.874119 0.318103
7.325986 -0.061626
2.652625 2.596105
0.285437 4.396719
16.222906 3.050999
16.062283 3.814933
3.149692 -0.378660
7.138969 2.860135
2.642757 0.113569
2.124851 -4.978896
6.236944 -0.371122
2.449378 2.406268
3.657640 3.719796
6.287028 0.550787
2.209211 -0.655035
7.118634 1.012075
9.779180 0.517244
1.495491 3.842845
6.414848 3.102774
16.210850 -0.420325
3.006334 2.829301
12.417442 1.394171
10.082297 0.731011
4.033886 0.958404
13.296022 2.996354
14.046374 1.407292
15.980445 -4.781517
13.595276 0.154256
12.979697 2.777794
2.645286 0.175970
15.705780 -1.026681
10.338879 -0.159215
16.353214 -5.796978
0.921204 -2.425259
14.888598 0.243539
1.038715 -1.978429
16.025249 4.232760
11.337384 4.494217
0.529178 -3.039330
1.550384 0.223907
9.121900 2.937695
1.881529 3.218354
3.353694 -4.271228
15.324092 1.478485
0.747373 -5.065961
7.455533 0.942422
15.806726 4.099374
5.996405 3.242774
6.541862 -0.250133
15.421294 -2.631656
16.634241 3.066255
10.175525 3.114047
11.277617 -3.162217
2.582843 -0.560699
12.555948 3.298568
11.222703 2.256358
0.670648 3.616550
11.417067 -1.341841
11.749537 -0.026128
2.893066 0.920007
14.421118 -4.917870
16.689497 1.123045
2.520094 5.082500
1.589797 -0.165012
2.236878 1.191848
5.204507 5.385237
3.777211 -0.905921
12.293772 -1.629559
4.055039 -2.239251
0.234954 3.507538
13.465031 1.382763
5.302574 -2.726814
4.431652 -4.384829
10.327435 -3.969756
1.476614 -1.454797
4.705501 -2.038956
15.562307 -0.120620
12.007891 -0.611393
4.035093 0.431444
12.545748 -1.203420
9.144934 2.978144
8.590486 -4.402304
13.051008 2.197207
8.147114 -4.088420
9.797195 -0.021040
11.179353 -0.928507
3.274826 -0.322592
10.475060 -5.556040
13.916699 -4.483070
3.752421 2.218459
14.150301 -2.101434
14.174574 0.686792
2.114206 2.172173
0.000628 -3.939897
16.291224 3.875158
6.335530 -0.566817
0.423870 -0.052598
15.486584 3.340618
10.377204 -1.298860
4.723880 -1.630265
14.144536 -0.739368
6.504233 3.687120
2.741027 4.706306
16.046669 -4.551679
4.274900 -1.649182
6.175053 0.675788
10.914532 2.973863
6.155947 -2.018046
4.738970 1.096197
8.177907 -3.579801
4.923295 1.459140
10.591089 2.190536
6.565999 2.994125
5.419872 -0.126289
13.209900 -3.339269
15.000689 -2.916974
8.420790 2.150620
13.116220 -3.928503
11.267929 3.365770
4.292921 2.654381
11.756448 2.409750
10.475035 -3.524473
6.807351 0.266668
2.256990 -4.169167
13.889293 -3.224395
11.243515 -1.782714
4.575832 3.108065
11.675344 -0.408201
4.579847 -3.859222
5.051131 -2.928488
8.352338 -3.747228
7.648224 3.502241
7.218476 0.715260
8.247625 3.903723
6.910073 -0.373993
8.605081 -1.615032
9.315194 -1.693819
5.479558 1.370093
8.989143 -1.809294
10.534928 -0.462400
12.468310 3.906543
7.767996 -3.277315
12.831062 -2.666785
9.446562 -4.141420
10.874443 -1.635695
10.924928 -3.899085
10.625168 -1.728507
13.092567 -2.709623
10.223783 3.186440
8.660174 3.164120
16.860071 -1.981636
7.039724 -0.009618
7.029021 -0.345796
13.439267 -1.116439
8.895686 -0.307908
13.274981 4.651546
17.073606 -0.294693
7.073041 -3.136209
9.501862 -4.459770
4.462815 0.405147
10.299099 4.804466
11.002676 1.207730
4.586523 1.291763
6.220442 -0.781042
9.225932 2.012418
5.888465 3.514591
1.898980 3.189680
11.754775 -0.054562
9.722946 3.677426
2.854910 3.528480
10.477551 4.598349
8.984721 -1.915560
8.710602 3.233576
7.755542 1.996296
13.714183 2.081635
7.563499 -2.455608
7.885486 5.105133
14.838680 -2.420643
6.415404 0.346934
9.362833 0.499918
14.481632 -2.226518
12.777094 3.869513
10.704401 3.245853
3.179718 2.956449
5.645371 4.719281
11.811723 -2.076064
1.128847 0.962509
5.262145 4.423130
12.746052 1.222836
4.789228 -0.196654
3.231158 2.526035
11.561440 3.541142
5.489871 1.019055
2.505460 -3.143758
14.522997 1.894181
6.411920 -3.182729
4.674869 -4.078784
9.411953 -0.661877
7.070951 4.551006
3.123437 -0.126743
14.261640 -1.937759
9.279757 -4.396434
4.763678 -0.538767
11.109842 -0.241315
12.872497 5.907045
4.645638 -3.027589
9.652081 3.181540
14.451497 1.244708
7.636421 3.306856
11.088937 2.106347
14.593907 3.355280
7.842293 -2.995637
14.423549 5.384299
11.342637 -1.837269
5.168326 2.272406
0.024914 1.258332
1.356635 3.823240
16.450666 -0.361123
14.896219 -0.583076
1.829798 0.998036
3.669495 -2.215773
12.403987 -2.394091
7.199109 -0.587459
2.124396 -0.312257
13.220598 3.270728
8.135763 3.045272
7.452940 3.321201
10.988665 1.849771
11.033447 -4.613658
0.495224 -3.037677
13.475377 2.847805
8.988614 0.683437
16.551737 -2.441952
15.502176 0.608912
10.884616 -2.314178
5.082085 -2.666126
12.314770 1.091943
15.922391 -4.317094
6.925442 -0.319375
12.474143 4.467381
15.565442 2.082748
8.537905 -1.347600
12.066022 2.998798
15.863252 4.045673
7.156024 -2.886319
2.577551 -0.305054
15.380788 2.921478
1.258040 2.881137
16.482479 1.491889
2.119476 4.171190
5.233819 -5.129766
0.702170 0.945738
6.948170 0.665749
3.043479 -1.977683
15.169408 -5.156210
3.230082 -2.210758
2.205545 2.499786
16.264206 -2.817737
5.432458 -2.539514
7.136145 -2.066882
15.036706 0.889334
8.349208 3.982205
3.466449 1.021134
14.454538 -3.570712
12.947833 0.806422
1.138041 2.956087
16.000706 -2.284558
12.265901 -3.302945
2.003266 -2.050767
15.011162 2.528505
13.524927 1.072605
3.538242 1.884151
11.173938 2.789295
14.092765 -1.364929
6.129854 -4.060793
15.332957 -3.036123
1.272691 0.091633
10.819545 -5.010755
15.606474 -2.557047
3.770746 -2.158618
8.022629 2.194292
16.697639 -0.377589
2.558070 4.276214
7.638213 1.294195
11.808739 -2.817889
8.860625 4.317497
6.814032 1.628691
4.138976 0.950905
4.146897 0.468353
8.170288 4.632849
1.179899 1.590588
11.009562 -0.603981
6.481818 1.137971
15.445868 -1.221586
12.199963 -5.074673
6.471636 -4.743140
13.699323 -0.608916
12.752890 1.619992
8.490535 4.337512
3.334409 3.492867
13.782284 -1.169819
8.378112 0.321010
0.235531 -3.541246
15.919992 -2.668349
14.925102 2.979440
1.320998 -2.362742
2.091612 3.255356
13.140783 -2.448412
17.001942 1.175231
1.842988 -0.529938
8.639186 -0.983394
1.087156 5.722291
5.003495 2.124110
9.651442 0.547839
3.255928 -3.256522
4.759730 3.646135
15.126308 -2.334724
1.526357 -4.913798
9.355545 0.190432
14.528549 3.587637
15.679453 -1.772017
11.781693 3.895826
0.994898 0.739095
1.445076 3.263531
13.588371 4.660813
15.796668 2.506600
2.895654 3.481336
14.112947 -3.599080
15.711631 0.326572
13.552973 1.208557
16.603640 -5.615788
14.962285 -1.946410
16.518787 -2.539495
16.019304 4.816949
15.494490 -4.772830
3.240500 -1.235823
0.000256 -1.092155
15.178344 5.181745
4.813811 0.933899
3.822246 -0.831907
16.950476 -2.385503
4.161433 -4.551789
9.458145 0.027837
3.122169 -3.777228
3.654220 -1.466902
7.321259 -4.675542
0.952094 -3.906296
2.514535 0.933685
9.274390 -1.149981
0.594994 -2.819226
3.475622 4.407876
12.975487 2.773071
14.620619 0.711783
3.580175 -0.958799
12.493196 -0.590885
16.039564 3.284576
4.649869 -4.209686
12.936052 -1.053535
14.025238 -2.985111
1.486763 3.432773
14.530891 -0.477073
3.323277 -4.671826
3.010769 -3.674186
15.699908 1.376738
2.113563 -2.228847
4.342915 -0.520309
1.915816 -0.553114
3.032490 -3.969852
6.747945 -0.655837
3.662417 -1.149037
15.715382 2.606616
5.501087 -3.676060
2.308656 2.126972
2.474665 3.463765
6.094372 -4.098320
5.353792 1.036550
14.121664 3.160360
2.395682 -1.580456
8.055909 3.435976
0.629760 1.365068
5.649576 3.367438
10.290483 -3.546044
14.323442 0.084848
4.815103 1.833647
9.375372 5.004849
15.257556 0.510051
6.482956 -2.654165
13.609919 4.049969
16.067358 -2.667771
1.337740 -1.655680
13.015248 -3.995892
0.332638 0.251256
4.749277 0.754652
11.686685 -1.370519
3.101241 0.653659
9.020048 0.810468
1.927396 -5.051842
0.489801 -5.025796
10.412896 -0.897700
1.552863 1.751683
16.899073 -1.736902
9.632548 0.546977
5.960338 2.101189
0.399264 1.910293
8.149375 -3.398276
7.039135 -2.146918
15.624098 -0.467146
7.570661 0.403625
7.573684 5.197075
14.006289 -3.903288
7.535112 -1.204621
8.455647 2.800291
13.349134 -4.591588
9.183061 0.615446
12.538445 -4.058084
12.463869 -2.987979
6.563399 1.091268
10.202147 -0.122316
12.634449 -2.495260
3.201001 -4.662258
11.659480 -0.337113
2.024675 1.878015
8.105126 1.626860
15.549992 -2.998588
14.970328 2.089113
10.638426 1.101150
16.351530 3.071829
0.162974 2.867420
10.501600 2.461347
4.298503 -4.846307
1.468795 0.093278
9.586446 -2.197379
16.628662 3.519058
11.785796 -1.003625
8.591309 1.345199
5.325094 -3.594318
14.004839 0.808212
8.936891 0.850941
7.298302 2.791298
11.510087 -0.034442
9.798131 -3.187643
9.787937 -4.578868
13.080773 -1.224237
10.790934 1.345269
7.729553 3.839007
12.885419 1.400206
8.712781 5.629660
14.547326 1.717209
13.818192 -0.127936
10.417296 -2.605289
0.547722 0.781414
13.866372 -0.773345
9.161331 -2.313352
16.465986 0.238610
8.670116 -0.669387
10.596146 -1.725382
4.437996 3.712336
11.628038 -4.970234
11.835951 1.278420
3.638445 0.785595
9.070220 -0.229962
6.345835 2.984712
5.532258 0.442042
8.318116 3.105041
9.647959 -3.451009
5.928832 -2.431330
6.659298 -5.196913
9.938100 -1.909909
10.091163 -1.819683
8.311565 4.357321
9.114928 -0.392426
10.432064 3.785742
5.668848 1.986054
8.348853 -3.621593
13.190713 2.274458
9.952230 -5.101637
9.137862 -0.876170
13.519587 1.110776
10.158582 1.448126
14.307656 3.382920
14.383964 -0.636070
10.324667 -4.603250
13.317623 0.398336
15.919397 1.855626
8.781940 -0.461617
12.451790 -5.177699
1.482926 0.509868
5.829677 -1.372562
14.672498 -2.580340
3.213548 -3.079105
6.752555 -4.084239
15.574183 0.838373
4.313919 -3.772471
8.907800 0.879151
8.780642 -3.694187
8.448077 2.620585
8.854723 -3.017781
11.599066 -0.850277
10.104881 -0.836542
7.880788 0.935220
10.203964 -2.073571
8.923059 -2.475235
6.341655 0.676971
10.591842 -1.417504
13.253894 -2.695824
8.284749 -0.293922
9.486120 2.329408
13.782735 5.599818
3.131212 -1.432761
12.253227 -2.340145
10.878756 2.395840
8.713840 1.397889
14.337224 4.738174
13.137497 0.521814
10.520273 -2.085981
13.359910 -4.353327
0.644601 1.494921
9.220564 -3.416053
14.967192 1.808684
0.766250 -1.989755
9.146665 1.066931
13.233493 1.391345
4.678513 -1.606677
3.915137 0.270857
13.404848 -4.003107
5.719308 4.320997
5.477543 2.868379
13.994274 -2.001307
7.204741 2.303931
9.962664 3.674097
12.826204 -2.115183
10.775334 1.002811
6.329065 -1.259320
12.022103 0.475038
12.130755 -0.463163
1.537870 -1.943680
13.397476 4.140768
10.438450 -1.677177
7.122983 5.439242
14.489984 -1.583774
14.064461 0.093554
9.727333 -1.861732
14.810356 2.074680
16.295015 -0.692239
7.677698 3.842464
14.989652 -3.701172
2.635733 -0.077781
8.766185 -2.946580
14.926743 2.391675
3.931841 1.459717
8.154053 -0.978801
15.758229 -2.853992
5.547769 2.420249
6.964009 -0.187050
0.965002 3.243824
7.856812 -3.263293
7.611801 4.103546
16.547852 3.673751
7.694037 1.281500
4.585564 0.389933
2.790893 -1.181576
6.812920 0.100175
7.985289 -0.741792
12.556880 -6.268338
12.844858 1.363125
9.936200 4.024539
16.650944 -2.277020
14.618497 -1.620738
6.450576 4.995664
12.237399 1.397710
13.968534 -1.248785
6.473505 2.856150
16.419474 -3.801629
13.939781 -0.652313
7.191533 -0.136242
0.939725 2.010842
0.155637 4.863990
9.566386 0.959333
16.750355 0.932723
4.643264 -0.221180
9.800610 -2.607869
15.516794 -1.168776
2.497494 -4.210360
7.874868 3.689019
16.998100 -0.061006
4.284556 -3.812668
7.262798 -0.708332
2.491887 5.298956
8.658416 -0.121064
9.650941 1.414971
0.303703 -0.292275
10.265960 4.231127
6.881036 -0.907835
1.255790 -2.834239
9.779474 4.135703
15.660323 3.813340
14.419102 -1.052361
11.824999 -0.997411
7.940965 -1.760632
17.045551 -2.363337
12.550108 0.363258
6.982348 -0.328306
4.057125 -0.357056
14.457060 0.609402
14.443179 0.234872
15.897858 -2.119920
1.103433 -3.354736
14.805872 -4.320508
0.879018 -2.613250
5.768283 1.689826
14.557573 -0.906721
5.096050 4.813114
5.704795 -0.025011
15.743614 1.133107
15.819821 4.271444
8.654324 1.755654
15.739264 3.818654
4.508517 -0.204338
11.201646 -4.063201
15.397858 2.784552
12.810624 1.317298
10.845461 0.098612
16.899683 1.641292
15.042215 -1.063670
12.821239 -0.018063
14.253754 -3.331873
13.581340 -2.002150
11.874040 -0.944511
0.199010 4.578279
14.548162 1.343955
16.249161 -0.743722
16.936037 -1.142498
0.413926 -0.924265
14.850394 4.172299
0.008440 2.224002
14.904236 0.976125
4.064364 -2.920882
8.731968 -1.154249
3.424594 -1.961339
3.047605 -2.879681
2.423672 -1.199636
3.589147 -0.052317
3.899109 5.048591
1.839755 3.971832
2.224265 1.530423
4.670041 1.163574
0.561666 5.596868
6.257082 -1.446422
6.148249 -1.179162
3.839765 0.027163
1.431226 2.639327
7.770978 -4.656134
2.777992 -0.063380
2.982679 -2.903260
10.734541 -4.154489
0.313352 3.973057
2.779012 0.208935
14.502955 1.899348
15.828440 -3.595060
1.480425 2.448112
0.534184 4.167947
7.387654 -2.122762
5.850188 1.336847
1.518935 2.244365
3.901567 -0.682044
2.799946 3.352828
3.506658 -2.479097
5.590687 3.885922
5.920914 -0.915949
1.978804 1.640392
6.780656 2.206480
4.337635 -2.656713
2.211416 -2.940414
0.983618 -0.963886
4.230477 -5.697875
4.607355 2.042769
3.028709 -1.117752
3.148888 1.225994
9.077770 -4.526257
1.572395 -5.282053
2.341611 0.155859
12.112160 1.077267
2.020219 4.890240
4.026005 2.657414
12.252539 0.951224
2.110134 4.500355
6.202754 -2.808532
15.074314 2.343242
6.049031 -1.867457
3.689266 -4.204885
16.214066 0.874165
16.674629 -1.879485
8.587212 -2.034873
1.402105 -1.563365
4.040317 -1.143239
8.241663 3.898012
3.607151 -1.282685
1.512631 -3.762556
6.641112 0.948677
2.623658 0.703208
1.292073 -2.510301
9.811432 -3.014883
2.965783 -2.900773
4.034450 1.224280
5.128417 -5.405194
8.128963 -1.341992
16.928310 2.541332
8.621345 0.434748
8.663546 2.632662
2.095660 -2.446908
6.261779 -3.886263
9.580243 2.334682
3.185914 -3.485039
6.817323 -1.591452
12.632903 -3.288198
3.656736 0.708216
7.338791 -5.416967
16.214491 0.426674
0.643486 -1.522317
3.840465 4.584504
0.637834 -0.748828
1.426930 -1.014912
6.752905 -3.587233
16.475220 -3.457047
2.982438 -0.987208
10.870856 -0.708099
16.980753 4.537760
14.353500 0.633724
11.616995 0.256831
2.947990 -4.197751
15.643295 -0.739324
12.437462 2.141514
5.774382 -1.155610
0.118437 -0.011493
11.526819 2.835266
5.700256 2.511340
13.868016 2.325400
11.998158 0.458628
6.252721 -3.086228
13.054048 0.206445
13.579826 -5.104439
5.907538 -0.928357
2.002989 0.287574
7.291682 4.865580
11.247105 0.435387
14.876837 -1.182801
7.445118 4.415852
16.704607 2.227706
13.272277 -1.420553
8.131280 3.873792
0.695038 -2.339868
16.751921 0.855351
10.433167 -4.330138
16.447578 -3.852481
12.347651 -0.486153
10.396500 2.296459
4.978706 3.129676
8.870134 4.794970
11.821792 -1.779459
3.256592 1.902930
11.369256 -4.491561
7.600386 2.456634
3.909534 1.460978
9.372681 -0.027667
11.081614 2.713021
7.369270 -3.700384
11.381588 2.147404
4.790735 -0.226509
8.729440 2.680832
12.775807 2.957174
5.698722 -2.918649
6.086828 1.301017
9.166544 -3.518797
11.536745 1.209622
11.761142 -1.515176
9.429756 -2.426709
7.274318 3.288409
9.825256 -2.650193
11.344089 1.890673
9.478116 -1.146811
14.800615 3.902933
9.992747 0.419445
6.615371 -3.486002
16.558125 3.997445
11.297572 3.590175
11.726974 -0.250782
0.830179 -4.298141
3.285698 3.353405
13.918165 -3.347967
2.099497 -1.082770
6.602451 0.341680
13.928185 0.985234
4.762114 -2.749655
6.897436 -1.934773
11.017193 0.750206
5.920053 0.091688
10.345292 2.339980
9.474669 5.095491
6.975026 0.840723
5.086356 2.375658
12.706948 -1.786285
8.218078 2.582670
9.458694 -1.443911
11.067724 -2.461493
13.500960 -4.260855
9.508650 3.255701
9.830814 4.330474
15.127625 -2.181611
7.832831 0.411108
13.989146 -1.457659
15.919465 5.466253
12.950600 3.411353
11.645354 -1.861402
16.911934 0.231522
6.915702 3.976228
0.588284 2.348548
1.840231 3.753720
6.247635 -4.928176
16.370359 0.983899
2.704976 -0.529284
2.473768 3.770292
13.592453 2.078630
4.810112 -2.267105
3.819637 -4.341702
14.272441 -3.759785
7.546517 -0.331085
5.914274 -0.869129
14.049523 1.010000
9.097216 -0.160553
7.989891 0.086212
12.715726 -4.349434
10.980137 -0.226309
6.248780 1.059264
12.396287 -1.173231
10.324769 -5.205671
7.854296 1.821264
10.760087 -3.939874
12.611911 -0.373851
6.596519 -1.488459
14.698406 1.678962
16.823530 4.901605
5.026622 0.726095
15.325948 -2.860240
16.912374 -2.083896
6.030035 -1.182216
14.013999 4.141569
15.350968 0.163812
6.911709 2.250610
1.186899 0.749711
5.215965 -4.713553
8.116001 -3.224590
13.986346 4.926021
5.872911 0.674316
4.717802 -1.712784
15.356174 -2.710993
6.282935 -1.489338
8.133678 -5.542599
0.427392 -1.050367
6.558146 1.143945
10.265007 -0.098686
15.803408 2.252429
10.211046 -4.637733
8.274192 4.236169
15.782821 -0.900519
9.779561 -1.031293
5.285168 0.990013
16.441809 5.406588
15.246294 -1.506578
5.276991 3.023230
0.861236 0.163747
14.115959 -3.564188
8.222528 0.465566
16.922228 3.120479
14.320222 2.291692
10.049516 -5.385958
1.000161 -1.544510
15.650091 0.425089
12.088237 -0.601552
4.042815 0.751410
3.252333 -4.795564
10.673655 -1.918933
1.026053 3.001768
3.143148 3.750806
10.856649 0.872521
3.075365 5.191702
6.047037 -0.097714
10.542552 4.631020
2.351576 1.884502
7.736445 -1.735163
11.189678 -3.697720
16.048948 2.101584
11.863963 -4.345899
14.110153 2.427109
2.247049 -1.552983
11.044383 -3.378848
12.559673 4.187547
1.427339 -1.507756
12.190830 0.180271
10.289965 1.851634
2.067632 1.825253
14.394129 5.036242
7.220853 -0.972126
1.433285 2.850706
13.780392 -2.398030
1.255232 -0.219210
0.538526 -3.086320
16.985756 0.655844
16.207626 1.663893
1.842912 2.335785
15.561384 -2.844472
0.388153 1.003928
3.105592 3.444306
5.710809 -2.184860
1.955886 4.156288
1.811400 2.658253
8.130877 0.985068
0.199639 2.743117
15.660840 1.161269
7.830736 5.306381
4.038973 0.651865
2.097208 4.611110
9.676876 -0.033572
0.226281 3.682664
16.048830 -0.900659
9.546540 -3.689193
2.426415 2.866788
2.310901 -1.407303
13.977688 -1.946942
1.682721 -4.428984
3.147602 2.234769
15.541146 0.630652
2.084002 -2.428406
12.866791 -3.126607
3.109280 -2.742487
2.584375 0.450412
2.666677 1.158058
1.201207 -5.706914
1.124823 -1.065696
2.136764 -3.983875
0.424405 0.615107
4.893291 0.295382
6.635957 4.059945
4.051977 -2.978473
1.509194 -2.418654
16.977407 2.597265
8.524541 2.579945
1.981739 -4.018950
2.529396 3.220346
6.456046 -2.442104
3.091400 0.017533
1.960398 4.213503
12.177876 3.464967
3.316937 -1.300898
1.366333 -2.214741
15.026866 1.968661
4.151240 5.566766
4.050890 0.953924
14.478472 -0.021818
3.856677 0.244567
5.828063 -1.331420
14.898733 2.109247
0.455328 -1.974874
16.009491 2.140662
0.547186 -1.805302
6.324407 -0.079002
6.710236 -0.977562
0.290286 0.502156
3.793017 -0.878937
7.177207 2.035046
5.377203 -0.961915
10.243840 -3.226857
4.716595 -2.034680
3.894458 -0.647544
4.796252 -3.301266
3.216862 0.566168
8.484411 2.413493
0.152530 2.700323
4.773149 1.962488
7.509488 3.951450
1.503446 -2.288415
4.269591 -3.414479
10.273012 2.064561
15.845737 -3.048443
5.679931 0.357537
9.933505 -0.725045
0.765355 -2.439915
4.570890 -0.597331
14.417628 -4.066239
3.752156 -2.738155
3.452399 -1.544184
12.796282 -3.487203
15.688094 1.912217
8.141260 -2.290329
2.852379 -3.338666
3.003096 1.398800
5.795389 1.403780
16.772299 3.562620
4.964682 3.177289
3.605371 -2.513079
4.804142 -2.668713
0.587913 4.563742
7.016775 -3.197277
1.206106 1.417759
4.214024 -0.965400
5.072342 4.763433
3.982431 2.708632
16.497366 -3.299648
7.005790 0.422343
4.423625 3.594937
15.210955 3.972669
8.818491 0.281276
5.813517 -1.992713
2.173081 4.748421
5.681062 -1.770483
11.595445 0.632671
3.585050 0.200329
8.914608 -0.245865
13.216195 -1.554481
1.018665 3.364975
5.015129 2.338677
16.088095 1.661898
3.445281 2.002051
9.062107 2.180738
16.608265 0.374348
4.296961 -3.269121
10.688683 2.080181
15.952964 4.092804
4.217079 4.657100
7.004209 0.660223
2.329645 -2.145007
2.142812 0.072976
8.120518 -1.834372
3.235558 4.726691
0.149706 -0.061259
10.526934 4.648984
7.509837 -3.246668
2.040988 0.962093
7.412988 -5.668785
6.693358 -0.419674
16.186581 0.646568
7.610254 -4.830817
9.876238 -0.958287
1.476097 0.281948
9.096272 0.362234
13.861025 5.820443
0.110835 4.008107
7.016865 -3.071314
11.272731 -0.806978
14.768103 3.353100
5.103102 -2.877267
14.673550 1.796618
0.524049 -3.757548
11.764961 0.573148
0.297013 -2.478663
11.712140 -2.593519
8.777128 -2.485194
2.736822 1.598695
14.776095 0.120647
11.834663 -4.337639
1.079849 3.270317
13.862806 2.381571
10.263309 -0.240756
5.977802 -2.691482
11.398274 -2.456854
8.242624 -3.437299
7.163889 1.289417
9.577125 1.169810
8.196074 -4.236547
6.187042 -1.251209
12.888304 -2.527420
4.452478 -1.487222
8.007507 -2.174345
11.360084 -2.154249
7.971107 0.373846
10.053702 5.517188
13.474363 -5.771854
7.433668 1.278951
13.392735 -0.192268
15.830626 -0.908141
7.473137 -1.477453
14.936281 -0.650127
12.937726 4.403802
9.491162 -0.444066
1.873425 3.446223
12.587419 -0.096075
15.670394 2.175906
4.345037 3.670952
12.767812 -2.402166
15.334097 -5.312121
14.679082 -0.881093
10.807963 2.540792
7.183525 -1.458569
5.980949 -4.512313
10.803373 4.101273
10.843327 1.028430
6.251414 -1.572570
10.185819 -2.626518
10.554854 4.545329
10.691862 2.280709
11.450538 4.409340
6.090437 0.910094
7.234460 2.434969
11.630870 2.879637
8.769255 2.112368
13.099502 -2.908480
12.620143 -2.683646
10.366555 3.235222
13.807508 -2.988529
10.918144 -3.940302
10.401814 -3.061761
16.507635 1.768829
14.559651 -4.149441
12.806168 -2.882569
13.676399 -1.416948
12.141158 2.933902
1.526000 4.100442
2.651647 1.451585
5.049934 4.490434
15.444799 -0.327074
4.475526 1.624715
6.288242 3.725258
12.875768 3.847283
3.524557 -0.226740
6.602696 -4.087643
14.815411 2.636105
6.299380 -0.521748
7.484630 -4.304911
13.683480 1.791338
9.702930 -2.419558
8.755681 -2.189210
14.324007 -3.077899
8.430276 2.530015
11.303391 5.249889
13.998599 1.708311
13.148052 1.067064
11.224525 -0.336317
9.507371 3.965097
11.608365 2.251126
9.755503 1.790117
9.333617 -3.533619
1.319556 -3.741630
11.291521 -3.116975
11.164295 0.187558
14.676587 3.573660
8.272152 -0.271264
15.637446 -4.355394
16.507996 -0.087741
11.962349 -1.005058
0.959322 -0.636513
4.665452 -0.613817
12.774376 0.718482
16.906935 0.115197
7.064972 0.274571
11.950402 -1.174643
2.727488 -1.074964
4.700549 3.774651
12.395924 0.373425
2.853975 -1.834754
7.039437 4.435874
9.476987 1.200501
16.352747 -4.654521
6.629904 2.449458
9.268514 -2.309009
14.280597 -2.426813
10.159237 3.866700
8.903921 1.697917
15.645576 -1.199260
11.504783 -0.881312
11.842674 5.659803
17.055758 0.621678
15.490347 -0.630813
12.210957 -0.147347
13.479986 -1.995446
0.278449 -4.927579
14.430042 0.931098
0.409452 -0.614323
0.599137 0.580097
11.981465 1.358349
16.902763 3.228906
3.430319 -2.310581
11.749338 -0.801228
3.318680 1.412329
1.784273 -4.272777
10.279943 0.258404
5.108451 -0.678376
5.987639 1.654903
16.150850 2.860246
16.622282 3.777279
12.257582 -3.344928
13.396691 3.007704
1.155787 -3.274332
9.580301 2.376184
15.658443 -5.237283
1.148012 -0.394129
11.035738 1.602672
12.747067 -4.312246
0.120041 0.726162
13.325779 0.187502
11.355883 -1.193623
3.634223 4.328988
15.993237 -0.706186
11.396606 0.964375
4.741099 2.890088
14.600115 2.839849
1.427773 1.460824
13.439822 1.811962
15.515808 -4.681915
6.377048 2.545281
2.832523 -5.262124
5.663833 1.355711
0.555031 -3.132525
3.016098 -3.483792
7.500646 -2.944339
1.061865 -0.397353
14.075004 -1.230697
7.036098 -1.429197
2.796807 3.020708
15.868594 -0.669471
7.425965 2.932782
3.735400 -0.206535
16.788464 -1.446666
6.192588 -4.430777
3.412423 -2.256962
0.640811 4.386183
13.156203 0.751623
1.816615 -0.530673
0.569974 0.638193
12.159392 4.992156
4.450428 -2.558869
14.724575 -0.353018
15.163965 -0.520616
1.878207 0.597159
15.189938 1.219352
4.338395 4.914082
8.729032 -3.987202
3.043633 -1.540726
1.236737 -0.718700
4.130769 2.921577
2.702290 -2.749346
1.551133 3.160963
4.278260 4.852082
1.018697 -1.317868
4.321815 -0.383312
2.560201 1.076292
0.770465 1.141980
6.910452 -0.659313
3.629019 -4.534865
16.397959 -0.527360
4.386914 3.071568
4.398399 -3.071289
2.933908 -3.422401
11.234519 2.035131
6.690847 -0.864887
4.270795 -2.090656
11.764213 -2.531441
3.895303 -1.113195
16.781446 -0.527381
14.441934 5.143257
5.006836 -1.439449
4.658449 -2.441938
11.556202 -5.022358
4.500017 1.113859
2.961319 -3.943632
0.045820 1.219585
5.348846 0.145938
7.830090 3.094071
1.197106 -4.417093
2.829850 -0.781241
0.825016 1.990698
5.150656 3.858712
4.929252 -5.166463
3.948112 1.222932
2.631647 -1.539292
9.303429 -1.488272
5.845566 1.442920
7.176622 3.973815
3.116775 -4.098816
5.560575 0.290634
6.893220 2.029350
5.629171 1.984700
8.598173 -0.875435
10.279404 3.879981
3.824698 0.558242
6.283484 -1.388011
11.108536 -4.495204
6.474049 -4.319286
7.751622 1.675741
11.776002 3.370407
5.530204 4.158258
3.675749 0.894388
12.973832 3.987528
8.415522 2.365654
5.012754 -4.038223
3.696648 -1.274337
8.640183 3.039880
6.426899 1.774084
14.875512 -1.967242
6.653273 -2.542959
9.001800 -3.517527
2.672407 3.321017
6.520528 3.178507
5.759665 1.306911
3.551471 1.065455
3.159775 -1.230084
8.628899 -2.127853
6.703887 2.895953
17.021299 -1.894131
6.346828 4.267957
8.469818 2.799488
3.371681 -2.714710
4.485686 2.062972
11.253257 -3.191278
3.056531 -4.201940
10.408064 -2.114025
12.476343 0.007452
5.223583 0.925263
6.278782 1.027124
15.921607 0.350486
1.374450 3.304695
8.738275 4.318665
1.199564 1.975783
6.020498 -1.741887
7.416653 1.575363
2.760811 -3.996248
4.870578 -1.783326
9.129766 -4.830285
2.265997 -2.643976
5.991067 0.473323
11.118114 1.869778
4.653970 1.991216
3.741392 -2.948744
12.399431 -0.891765
3.720207 -3.884926
0.709689 0.283733
8.073590 3.913832
5.049831 0.947630
3.126034 2.338154
10.670049 -2.272548
7.101263 1.382075
4.485904 2.340451
7.991165 3.480677
11.674453 -2.751054
3.438774 1.069495
12.645435 3.309351
13.033976 0.589451
1.991118 -3.079341
5.648303 -4.348949
13.500623 0.433103
0.202765 -3.385467
8.130462 3.920390
16.864338 0.172911
5.158475 -3.603538
8.015197 0.614927
16.634983 -0.334352
3.864112 3.229436
7.976151 -0.608141
0.876163 -2.732993
0.566803 -0.043992
12.450075 -4.415112
7.234691 -0.076723
16.162773 -3.805977
11.851749 1.350875
2.320747 1.980934
13.534540 -3.855206
8.680830 -1.031278
5.600820 -1.918914
14.518657 1.976520
6.966255 3.956456
10.082942 -1.879848
13.881738 -0.814176
7.560768 4.349075
11.614272 -0.188292
10.844956 0.678931
6.291767 -3.111956
9.339107 -3.626307
13.009232 -1.342791
5.715627 2.498171
13.447761 0.945809
12.700718 -3.250418
10.265405 0.210543
15.654752 2.742209
2.845950 -0.535047
9.729779 -0.551506
14.956748 4.253920
0.037331 -4.262309
12.571438 -0.810349
15.998126 0.769728
2.061705 3.636173
12.681824 0.053074
6.365819 1.693257
11.176970 2.403853
10.624223 2.414850
8.204282 3.707346
15.576204 -2.083952
10.774370 3.568120
6.309642 -3.921491
12.928274 -5.606802
11.180218 0.180522
9.462317 -1.363779
14.005938 0.331559
12.098816 -2.706906
8.425696 1.780405
14.883941 -2.238717
11.332698 0.581411
9.900434 -6.082192
15.926218 0.569404
9.806631 0.726995
11.772246 -4.949859
12.008527 3.349044
12.220251 -3.370714
13.507654 0.198516
0.183342 4.055484
12.147078 1.167218
14.426717 3.459363
12.164806 1.438963
9.760273 2.491317
6.715260 5.280253
0.973521 -0.984891
11.525345 4.551976
2.713608 -0.222709
10.876909 -3.810139
14.352939 -1.753022
2.100617 -3.902178
12.972050 -1.441454
9.147659 -1.391828
3.882578 -3.032564
13.899232 4.660975
9.828837 1.426023
9.478292 -0.656589
6.653095 2.426262
15.323958 4.593174
10.185012 1.383586
12.183228 -1.452123
7.736755 -4.905903
11.740012 -0.108289
11.401963 2.690561
16.151278 -1.388194
13.750164 4.867461
15.240522 4.556396
12.071414 1.813433
15.113528 1.728774
11.155107 -1.379497
15.084763 -3.844443
0.074976 -3.758176
11.614532 -1.751691
15.919998 5.247142
2.217800 0.242636
13.337741 0.233839
15.432907 1.231584
2.785844 -1.949575
14.635849 0.398581
16.265839 -4.615891
4.351982 -2.603720
9.984478 -2.453093
4.287036 -2.701505
7.855030 -2.641713
11.253538 3.651319
16.632057 5.004242
5.414482 0.052879
14.054687 -2.682964
0.667407 1.731345
11.157555 1.498304
14.452084 -0.579111
14.489148 0.418107
13.428425 -4.862545
0.595683 2.196295
13.991020 -3.966285
13.935761 -3.619352
11.781152 1.996534
13.916182 -0.703240
15.223233 0.885975
13.262975 -0.708158
11.723160 2.986731
14.995223 0.534078
14.274423 0.812395
14.381207 1.622537
0.053870 2.401905
15.952603 -2.231352
14.391335 -2.722351
5.168462 2.408905
13.510034 -3.295675
0.582546 3.821918
3.555521 -2.156381
13.586921 -0.704855
3.160501 -5.666601
1.063021 -0.296594
14.138429 -1.555035
17.036108 -1.048254
8.616477 3.631342
15.159883 -0.831566
3.460791 -0.277040
9.238240 -1.458114
0.270492 3.055221
16.975351 2.504701
11.010118 0.525332
1.677321 0.753808
12.822979 -4.883959
13.754867 4.052278
15.321288 2.715368
0.476110 -4.231395
14.229240 -2.482492
13.536785 -2.329894
17.074146 -2.427378
15.192346 3.768641
