1.573313 -1.093382
0.999824 -4.343641
4.464602 -1.167686
6.106917 3.867165
1.707812 3.252821
1.569394 1.088039
5.162212 0.299894
19.884644 -0.963418
4.960212 -0.273478
2.978587 0.292400
17.836922 3.486821
10.607120 -1.857278
6.687899 1.808784
19.200674 4.058867
12.172801 -1.163849
18.596594 -0.258341
7.450235 0.105705
9.873745 1.505466
19.788866 1.273930
2.218557 4.085227
10.830713 -3.213886
18.596424 0.573822
19.416176 -3.209647
16.231649 0.296082
18.355381 1.234001
1.366119 1.439927
2.475005 0.946604
6.520571 -3.811182
19.913811 -0.533807
16.695251 1.598316
4.987910 -2.425102
2.303458 -1.284349
3.035496 2.077172
9.009441 -0.626412
0.929599 2.822987
1.863346 3.482416
5.266118 0.324392
1.746433 2.615814
5.408092 1.223050
5.046513 -4.556106
17.087761 1.175807
10.427667 -2.484403
7.088563 2.310709
17.688580 2.865482
10.186029 -2.222846
4.049506 1.266723
2.160825 -1.806875
12.166963 5.182039
3.501150 2.610953
19.155518 2.469404
15.006873 1.900131
7.846997 -3.030446
19.433479 2.131446
13.649349 1.013199
7.796076 4.096292
0.080238 0.027521
17.666096 -2.814667
7.636744 -0.003282
18.903790 0.061342
18.959824 4.584331
6.231688 0.319576
3.646533 -4.384606
4.491646 2.333718
4.002244 -0.838866
7.989716 -0.983048
4.721035 -3.575282
2.856711 -2.389338
0.727742 3.897176
7.886535 -0.165115
7.460649 3.729887
0.524262 -1.967371
3.077083 -1.514918
17.836655 2.458224
10.874981 -1.927030
7.003444 1.611565
19.985815 3.526606
7.675579 3.813534
13.280633 2.058494
2.466989 2.631742
8.580723 0.988876
11.606423 0.551227
0.084482 -3.172893
5.426085 0.630080
16.432459 -3.195101
6.628374 3.573736
8.714738 2.933468
0.723620 -2.329699
4.997642 0.187760
4.017193 1.872461
1.234564 -4.612017
7.292683 -1.712401
12.641914 0.913705
2.870346 4.543941
18.013796 -2.512029
8.583372 4.378085
1.919288 -0.756593
0.896266 3.559983
9.758108 0.792154
8.923167 -1.913255
7.786277 -2.812723
8.650845 4.333066
12.770596 -1.381718
18.428854 3.647675
5.798869 -2.118973
10.683963 1.181385
4.339979 -1.707113
11.642558 0.573035
11.629350 -4.387264
19.183374 0.499520
6.139370 -3.711992
13.205196 -0.035446
6.923843 4.300390
11.606715 -3.892526
12.499372 -0.438791
8.161692 -3.201725
9.559103 1.913107
18.579456 -2.279105
4.871552 -3.161440
8.671171 0.057466
1.011279 3.102675
3.387034 0.324644
11.024074 4.359667
2.713881 -0.111511
1.126474 -1.195519
6.030717 -3.629350
2.385458 3.727704
6.260819 -1.942106
9.911662 -2.121095
11.800812 4.325227
5.611113 -1.776527
8.373351 3.913558
12.761319 -1.873480
18.577333 -0.889980
7.447094 -3.586045
14.447855 0.287522
16.874462 1.067604
10.261237 4.272971
14.222070 -0.660534
17.834793 4.438612
7.169651 -1.193573
16.148211 1.574156
18.456446 -1.786320
9.822261 -3.088547
13.374469 -3.376429
7.982749 -1.499293
15.902721 -5.352708
17.052336 1.997794
4.819887 -0.008941
13.658778 0.254612
0.261374 -0.478076
17.983940 1.413260
8.395214 2.820691
17.650537 0.110051
15.348478 -0.771375
9.937831 -1.661841
4.877662 0.830337
16.190948 -0.965645
11.336830 -0.570081
5.808392 -5.058698
5.185558 -3.912974
8.708398 -0.809371
8.012098 2.242778
14.416303 -2.432344
13.773030 1.403701
11.484650 -1.998146
18.949741 2.901106
10.242187 -3.220207
8.544980 -1.143538
17.808989 -1.985473
8.244709 0.289348
13.194230 3.528219
18.661045 -3.807929
10.336838 -2.105379
0.843809 -1.737810
18.221718 -3.424154
10.240387 0.794528
17.029514 0.329355
1.820092 2.994143
9.861680 -2.694350
1.238128 -2.998003
18.281923 1.022680
10.477869 1.712659
2.652163 3.687595
13.105556 4.894551
12.147562 -0.453778
4.075007 -0.066194
16.998142 -0.643220
10.226259 2.470024
1.382045 3.714812
18.136251 3.526416
9.351383 -1.040864
10.073275 3.421147
11.926078 -2.451311
11.020764 3.624346
5.097859 -1.152288
14.152751 -2.636046
1.774607 1.984431
14.457436 -2.813060
16.792978 1.957168
9.502134 3.853605
16.018997 -1.923829
16.454571 -0.242391
12.791307 0.869055
19.032690 -4.034406
16.561058 -3.379941
9.557887 0.930264
18.019844 0.689022
0.178085 2.996074
11.419273 -2.451121
1.847927 -0.317631
15.299236 -2.227864
10.956972 -2.604987
2.591741 3.967757
1.567262 -4.623678
0.574553 -1.699736
2.027157 1.664577
16.218716 -0.028144
15.186214 -2.558422
5.423501 -4.009723
16.557623 1.517197
17.955082 3.106556
11.685484 2.617631
12.090312 -0.309019
10.345588 0.728496
8.747262 -0.842526
18.199911 4.920671
1.341473 -1.674662
12.106979 -0.909292
16.425703 -3.156478
17.247503 -2.378182
15.108934 -2.400825
17.484997 -0.231815
19.488651 2.728813
17.828520 1.891023
16.397463 4.181427
16.256657 0.855668
12.625688 1.851458
11.927680 0.631070
13.144315 1.133433
13.584960 -5.316638
16.539978 1.069790
19.176765 -0.701819
3.701454 -3.384810
17.408510 3.989501
19.212460 1.306744
5.259375 -0.303196
19.013594 2.735271
19.013388 -1.563170
7.390243 -2.467523
15.322327 1.393070
19.311768 5.535472
2.394421 0.239743
14.433989 1.756561
19.304327 -4.217263
7.037739 2.157760
17.877207 -1.316866
0.781439 0.495234
15.179379 -1.513167
14.242407 3.837430
15.932169 2.987144
12.048743 -0.075581
17.956261 1.513523
19.229807 -1.171007
14.194988 -3.958603
17.044460 -0.015769
0.217981 -3.393627
1.813854 -2.415656
12.319928 -0.517548
1.201437 -2.088865
2.195849 4.326804
14.748299 -3.602904
0.486431 -0.485028
3.922579 2.020777
17.153793 0.232422
18.132040 -1.018870
6.889598 5.379108
16.071465 -0.001894
8.852586 -1.305135
12.689758 4.694621
19.554895 1.105006
0.399716 2.633100
10.718580 3.701087
15.988415 1.114126
18.270947 -1.810785
13.696146 1.787036
14.466947 -2.904562
2.469226 -0.877189
12.191300 3.644913
17.605183 -3.193162
5.223492 3.024917
12.518473 2.039637
16.734293 0.398263
4.205879 -0.105635
14.786198 -4.121181
17.041618 -0.387097
19.903980 -0.362268
0.068855 3.934684
18.733442 2.746657
3.379110 0.082880
2.261286 3.269512
9.697940 3.287610
14.872530 0.656505
5.446779 -4.295987
18.774790 -4.585646
3.514095 0.998190
6.038653 -1.400645
6.691035 1.967294
16.092878 -3.983581
7.623129 3.100929
7.191199 -1.689835
17.477291 -0.445573
11.877045 2.976996
7.435410 1.195477
0.768681 2.418763
12.561384 -1.445519
9.306771 3.509437
2.068579 1.605751
11.709557 -0.700412
3.830930 -1.380639
16.165434 -3.033668
12.707417 2.809328
19.424677 3.352762
1.812892 -2.342929
16.384195 4.451571
10.960042 -4.312692
0.045670 4.044164
2.272800 -1.512520
5.616643 -1.196622
16.726536 -0.146976
14.414414 -5.185844
5.682072 -0.395306
19.911032 -0.964155
2.954697 0.417272
10.735092 -1.079802
2.151620 3.445628
1.653950 1.430925
6.103185 -0.040879
5.560113 -2.572151
2.668175 -3.361415
6.816602 -0.771913
13.888569 -3.572344
8.030120 -0.815733
6.856095 1.618049
6.305664 -2.618009
9.533107 -4.954473
9.137107 -0.229428
16.429167 -3.418858
13.775578 -1.341859
4.576283 2.322135
19.947155 -0.550147
13.386334 -1.487591
7.344990 -0.497249
17.108011 -1.192610
13.714484 -4.223637
10.568377 1.057192
10.011769 -0.582986
15.679362 -2.001697
6.361480 -1.064610
18.583042 2.810644
0.344606 -1.449628
8.888951 -2.161508
8.249951 -4.167039
3.993982 1.090822
7.385917 -0.246356
7.427208 -4.020196
5.383940 -0.098329
9.179313 0.709243
8.875743 -0.739339
8.507449 4.159734
8.238249 3.283671
7.539466 1.330229
9.208224 0.894796
9.501689 2.563943
5.808619 2.504915
13.427537 3.416048
0.358744 -4.135618
9.113614 1.618301
10.395173 1.346403
6.396648 -4.215368
8.640257 -0.784753
10.413503 0.778594
7.370092 -3.403297
6.298710 -1.642286
13.792631 -1.241540
8.719171 -1.742761
6.577108 2.834560
2.552657 2.606408
9.988454 0.184998
9.016144 -4.103066
17.217726 1.208485
6.988422 3.613152
12.005194 2.790227
19.724720 0.973659
5.840105 -3.126339
14.872226 -3.475092
2.469423 -0.321959
2.964875 2.978368
9.862381 1.167367
9.610066 -4.443034
6.793577 -0.997128
2.635488 2.447433
8.127131 4.063232
3.888483 -2.702137
3.430479 -4.431266
10.588763 -1.623299
8.738602 -3.058407
9.899114 2.903663
9.931134 2.897854
7.545734 1.936174
13.510285 -0.396197
15.607895 5.098466
9.993709 2.666259
9.927932 -1.919240
19.617905 2.620507
8.768145 -2.871010
9.952544 -1.695580
16.042002 -4.221429
5.899305 -0.045995
11.437308 1.099094
16.261053 0.324962
3.267415 2.527100
12.806314 -2.530642
3.546799 3.469195
16.903078 0.018962
9.340147 1.190691
19.699064 5.497210
4.046546 -0.453445
11.374491 2.758140
4.863420 -3.126158
8.207063 2.609714
13.695126 1.191966
5.026247 2.865163
4.071928 -1.491314
9.252660 3.862234
11.046540 -3.339561
6.302024 -0.423771
7.096822 -1.127435
15.764335 0.345237
18.826927 0.178643
4.083378 -3.707628
13.075588 1.019012
8.928397 1.024571
9.228307 -2.052655
14.410811 3.643313
8.050606 1.758569
9.743574 0.781327
0.541102 -3.479333
4.057107 1.672846
8.394241 0.438562
2.607134 4.404117
14.641368 4.025054
7.131977 1.295952
1.651884 2.329603
0.015587 3.295065
9.489590 -1.526141
1.970852 -1.938858
16.641157 -2.002662
10.184192 -3.612782
8.822725 1.406302
15.211642 -2.043473
11.823153 3.585865
8.447102 0.180141
17.050764 -1.361718
9.106017 -1.474172
6.945708 -3.778642
16.561237 -2.357403
8.260773 0.997880
14.495033 3.349740
17.919056 -3.070054
12.649525 -1.905339
16.457653 -1.226559
18.045326 -0.975562
10.005187 0.662325
5.464028 -0.317459
19.834692 -3.558919
17.446859 2.742305
19.660488 1.855353
19.723097 2.081676
16.145002 -5.248385
1.757006 -0.099834
16.205561 1.120081
9.510421 0.135582
3.199654 1.499665
17.442673 -2.044092
15.550552 -2.387709
2.425046 2.881274
16.772766 2.333311
10.979924 3.896981
4.204816 1.460967
12.370771 -2.022138
16.785856 -1.433068
5.070965 0.698444
17.270788 1.865511
9.907654 2.441105
11.831403 -1.124422
18.342398 -3.177480
16.609409 1.087350
11.200125 4.447787
16.036839 -0.221824
12.771908 3.781253
17.123262 -3.360404
16.534065 0.516081
13.829005 2.709852
0.653406 -4.365346
18.316734 1.194275
12.310852 -4.303587
0.603874 0.291317
8.577174 -4.691466
11.053587 1.010154
19.659998 0.058067
16.766470 0.189718
18.287718 -1.936422
1.797276 4.510346
16.529753 -1.876858
13.895809 0.620837
3.472772 -3.949855
18.769312 3.938059
19.760958 2.058437
1.000664 -1.399352
18.694822 -3.866884
18.989374 2.664870
4.152925 3.438200
19.509716 -0.810973
18.104706 -3.259871
13.052578 2.130162
15.971997 -1.437099
16.214540 -4.437671
10.438314 -2.409342
19.524885 2.489294
16.195807 -1.628540
13.254498 -3.418164
16.877716 4.262478
11.126314 -0.872242
17.553446 -2.892252
17.691992 -3.843873
17.460913 -0.295667
16.416660 -1.909896
6.741059 -2.385828
17.978716 0.409088
7.096351 -3.041463
17.982460 4.088912
3.076760 0.637841
4.258219 -2.480201
19.748169 3.422146
19.888901 -1.259801
2.655508 3.114793
17.455891 0.261330
3.676499 1.326129
9.210161 -4.224741
15.871849 -1.267321
17.447906 -4.188813
4.642446 -0.053492
0.496647 -0.626320
3.404271 4.882584
12.310061 1.501011
12.470370 0.692659
2.358316 5.188300
13.033649 0.931708
19.447844 0.084370
18.514578 1.112419
11.034587 4.478867
17.730185 3.145884
17.633318 -0.167494
13.147861 0.124584
18.145683 2.694057
19.232473 1.944605
2.541365 -0.441729
18.152922 3.471965
13.846251 -0.237305
14.252542 2.879075
1.468318 -2.249435
0.007896 3.616952
0.238568 -1.906682
15.111324 -2.003385
4.512657 -4.077386
2.937473 -0.202881
15.544766 -2.215856
2.872026 -0.367947
6.079017 -4.049387
16.846689 -3.752868
19.480190 -0.344384
7.986291 0.033021
15.552318 0.369302
1.640569 4.017768
7.222821 -2.857131
18.211195 -2.201492
16.811344 3.266121
7.576088 2.232827
18.214792 1.373239
5.229335 -2.278385
15.600595 -3.843327
18.787712 -3.490210
17.534067 -1.862008
14.526074 0.857846
18.473785 -3.498634
1.515365 2.192512
0.074566 -0.010248
15.260005 0.635306
1.118101 0.878232
1.598094 -0.351549
7.198625 0.541989
0.120398 1.291777
1.312469 -4.789185
7.329462 3.979953
18.835882 -0.410239
2.353410 2.402567
8.254053 1.576412
2.322489 3.015559
1.035451 -2.214897
9.311882 -5.495606
19.563498 1.062942
8.995595 0.981480
9.420607 2.217521
1.367333 -1.457520
9.973720 3.419578
7.565700 0.273400
15.506396 -3.823272
12.779834 -2.502686
10.173445 1.661772
18.788820 -0.688635
12.074825 2.124088
9.495637 -2.599817
3.363728 -4.436119
16.712086 -0.766294
8.083794 2.348874
19.828325 -3.560133
15.526676 -1.015241
8.043526 -3.149609
14.232275 3.284487
17.488796 2.040096
8.737967 2.054391
0.329937 2.102924
19.704079 3.020656
13.045926 0.268367
3.176680 4.636497
2.299940 -1.285982
9.527195 2.749864
1.391437 -2.713906
3.899708 -0.063924
12.220911 -1.126710
0.842076 3.866047
10.775608 -2.960529
14.141335 -3.078231
3.044755 -0.573722
7.304059 -1.261181
11.328685 3.453128
0.707954 0.007308
12.523042 -0.916456
4.946102 4.692168
18.635033 -2.119341
12.079101 1.600753
7.960385 -1.785161
4.214289 -0.210969
16.740265 -4.059198
9.375830 -2.291440
0.420147 2.732805
14.523844 1.105375
10.205658 -1.341291
2.925229 -1.486378
3.797759 -3.813573
6.810124 -2.481770
2.280368 0.417272
3.333218 -2.881945
11.432685 2.211858
3.691894 -3.681861
5.344475 -2.968026
15.888680 -0.670168
14.064723 1.674670
7.960657 -0.032986
8.423469 0.859893
10.615503 3.226148
13.051554 3.167600
8.593137 -3.468277
3.837138 -2.812197
13.546891 -1.627310
10.091814 -3.074140
0.004800 0.423276
10.885545 2.076003
9.003223 1.556719
7.023330 -0.562593
12.218801 -1.558041
8.359627 2.945711
11.869069 -2.771547
16.340223 1.697536
12.264184 3.543304
1.400869 -3.412274
0.342353 -0.621807
6.905449 4.267852
3.987761 -1.360368
1.557032 1.251653
10.074919 -5.595208
5.686132 -0.955294
1.553255 -1.860855
8.490083 0.251212
11.282059 2.341208
2.883781 -2.284176
6.145610 0.810204
12.346843 5.152802
4.793466 2.078352
9.809962 1.770648
15.922490 1.875625
7.483251 3.269816
10.205442 2.191766
10.627325 -2.749199
8.797728 -1.218192
10.912310 4.175086
9.444306 -2.209765
13.981062 -2.631460
6.365375 0.329193
10.007573 0.831021
13.523993 1.108402
7.476045 -0.809003
11.011938 4.728928
14.835898 1.502411
7.185193 -0.070452
6.847877 -2.568051
1.047890 2.913105
14.967481 4.711360
9.491847 2.437287
15.144213 -2.308552
6.874544 3.463345
10.995110 -0.201988
1.743024 -0.239229
6.529396 -2.993112
10.508699 3.698949
3.659758 2.207127
5.381709 -3.912123
15.645664 -1.649707
4.254023 -2.114655
8.183059 4.878211
12.420523 -0.771982
6.718996 -1.145104
8.780592 2.789034
9.937743 3.087021
3.949742 -0.019578
6.748654 -3.643400
11.920840 -1.817071
8.133594 -2.185079
16.201345 -0.118639
7.974962 -1.821791
16.989429 -0.693375
9.453070 -2.361298
18.337809 -3.488956
13.603405 2.359086
7.324174 -0.498789
13.799656 -3.451562
19.579359 -2.928064
11.458366 -4.135824
10.450810 0.029089
0.953196 1.517231
14.971201 2.914772
8.198014 1.420920
3.790309 1.407655
1.694194 0.976539
3.052608 0.423435
4.333198 1.155722
18.694365 -3.184271
9.253583 1.953396
3.921549 2.663908
0.634335 -4.134206
12.997180 -0.245554
8.268158 0.213478
5.375177 3.262876
5.747741 2.425350
13.617889 0.937427
18.902254 -1.246409
8.130886 -3.697469
11.764187 -2.012674
1.187072 0.261512
14.956633 3.406053
11.107970 1.656006
0.107049 0.353086
7.405970 5.285680
15.923459 0.544855
19.585968 0.145892
11.310479 -4.889829
17.045437 1.226951
19.216572 2.984192
14.146523 3.004611
1.188742 -0.682590
18.626637 4.567185
6.927156 0.096933
3.648237 -0.206578
19.388338 3.518633
10.934639 1.701814
3.915981 2.940068
18.922926 1.492565
12.431163 1.215520
2.366420 -0.332426
16.393379 1.458279
13.183539 3.474050
5.949476 -2.596740
18.192181 2.524731
13.752235 -2.774704
6.231896 3.227324
17.689192 2.772840
12.765611 -3.526664
7.755250 -1.244708
18.306150 4.435739
15.715534 0.095445
14.770926 1.501931
1.621472 2.445915
9.757772 -1.108786
17.086304 -2.706676
0.029403 -1.429655
13.118950 -0.942330
19.882763 3.269663
0.275212 -0.136093
18.081924 -2.086487
4.548591 -1.146122
0.158183 1.314069
10.094218 1.871995
0.044922 4.751611
18.174126 -2.211883
13.603171 1.421309
19.331175 -2.943552
19.235039 -2.976021
14.262820 -0.094153
7.938033 4.239211
2.089973 -3.985329
16.107338 -0.315342
14.293352 1.134780
1.154059 2.747853
17.096445 2.639111
13.060230 1.267293
17.267412 -0.872420
11.203025 4.074397
10.673098 -2.391962
19.275137 3.357200
18.551182 2.368222
17.847820 -2.648984
1.350455 -2.710904
14.658174 -1.859177
18.634338 3.083595
0.789237 -0.604254
13.372384 -2.099313
16.954185 -2.806473
18.589569 -1.770050
17.782049 2.701715
1.283848 4.224709
1.034439 -3.743613
16.493128 1.332309
3.297423 -0.944820
0.199537 2.871251
1.124729 -3.650662
0.932724 -0.616403
19.585941 -1.553057
3.918851 -1.763350
7.408200 -3.280480
19.834507 -2.319356
0.469314 -2.233708
4.340948 1.725381
1.204524 1.082026
3.256356 -2.819041
6.708073 -1.032466
1.384336 2.674416
0.337315 -3.021102
8.728013 -3.310615
4.270973 -0.761720
17.910873 3.317841
13.775029 -1.069492
18.427614 2.930952
16.986593 -2.439475
18.414232 -1.187054
18.957951 -3.948035
0.924928 -0.684755
18.037476 3.309191
0.345494 0.347079
2.080014 0.764115
3.415072 -3.124148
19.956551 -4.764107
4.222711 -0.633435
4.579829 0.485138
2.679824 -1.479181
4.981257 -3.339087
6.638996 4.019926
19.874521 0.986849
2.073488 -4.568009
5.558181 1.179839
17.756710 0.440252
18.605949 3.074187
9.796713 4.155008
1.377602 0.275188
18.985350 2.593668
10.316829 -3.195734
1.303778 -4.058930
4.121390 1.184839
10.786202 -2.620581
0.475754 0.813753
3.451334 0.057899
8.991556 -2.743105
0.397136 2.611678
3.635508 -2.897282
15.202782 1.567163
0.297455 -1.338080
1.468726 -0.124855
19.227146 -0.852609
18.199720 1.297016
3.090829 0.052133
18.873693 -4.045864
8.862913 1.855029
18.677637 -0.584773
17.343754 -4.745948
3.268809 2.094096
1.687458 -0.916459
4.518701 4.126917
7.019866 -0.505740
2.473571 4.568965
6.141383 -1.620954
2.648047 -3.435367
3.514748 0.726058
12.207969 3.029605
11.824738 4.485568
2.285759 -1.987167
7.148599 -0.077054
8.143402 1.956656
18.445160 -0.216699
5.695048 -1.784994
9.630342 -1.466539
0.916057 1.310462
12.865002 -4.513722
9.622356 -1.094734
0.082812 -3.663577
16.565073 -0.059642
11.523273 3.291745
5.196663 3.491831
16.149393 1.073582
11.083135 0.149603
4.131116 -3.488621
17.845587 -1.560764
8.335559 2.753611
2.984112 2.710845
2.972182 -1.180877
15.161495 -3.255050
5.763415 2.059995
19.107634 2.324390
9.771645 0.900162
6.009447 3.639444
8.796993 2.408352
14.916392 -3.124723
4.708484 -2.295697
6.980741 -3.907298
10.781395 -4.089224
7.962655 -2.294956
12.695206 2.217446
11.224971 -1.966717
3.601798 2.535909
13.830890 1.880705
4.144485 -0.051978
4.575260 4.317031
17.195915 -1.146824
6.163533 -0.848671
18.310974 3.817468
13.780125 2.282174
8.372129 4.176221
6.093350 0.124840
15.602774 2.017294
4.770085 -1.318869
8.921014 2.627264
19.210812 -4.614053
1.492130 -3.201771
6.783251 1.627855
19.067219 -1.401768
9.156730 2.344074
4.861798 -4.329443
3.923435 1.007865
8.611110 -3.236816
2.781059 -2.245601
7.572875 -3.330368
16.477749 -0.343005
7.084491 -3.388343
7.225271 3.895367
0.646090 -0.518181
9.040031 1.022567
12.227415 4.129605
15.835052 -4.240577
4.632997 3.082264
11.154996 -1.684925
14.809176 -0.229948
7.692572 4.167372
13.763383 0.280636
19.670040 -0.087416
6.009331 -1.516883
14.817050 1.913022
3.437286 -3.544801
6.897172 -3.509053
19.605621 -1.605479
9.903716 -0.624401
7.579711 1.544102
0.048677 3.697551
7.310032 1.406677
9.030082 3.960721
4.568110 -1.809014
4.135293 5.195331
9.732279 1.607415
5.921798 -1.252800
5.391035 5.344016
8.743907 -0.657921
6.129164 0.124489
12.830103 3.494384
6.765388 -0.037412
8.615888 3.621069
9.677277 4.016406
11.994112 1.562474
12.399662 -0.600666
13.644563 -1.203689
10.774193 3.346386
12.237277 1.612340
3.781427 4.765079
5.305617 -2.461689
14.818714 -0.592958
5.309190 -0.620075
9.248863 -4.046768
16.989094 -1.798686
11.650138 -1.584305
12.308683 4.137205
17.566683 -0.573046
7.872109 -3.796101
9.271189 1.960906
2.457934 -0.527238
10.348691 1.566266
12.531306 4.466893
1.343924 1.513113
1.542922 -2.331722
5.835038 1.604266
9.867764 -1.803978
8.593687 3.009433
5.739709 -1.884103
7.380816 1.803493
11.462192 1.541221
6.409533 -1.468858
7.092643 2.941550
11.094646 -1.407100
7.922309 -1.601503
8.421957 1.842782
9.929413 -1.438422
13.284833 -0.557514
9.407916 -2.817464
19.141651 1.934948
10.228810 1.052608
11.436750 -3.452373
13.422092 1.136930
10.612410 -3.479105
16.747442 0.434827
18.611973 -0.360059
3.168163 -1.888550
15.212399 5.394289
9.499025 0.606721
11.049312 -0.009376
17.805277 -0.242472
6.324278 2.239090
12.919477 -3.950640
6.485881 1.797524
0.926100 -3.047688
9.433537 1.919472
4.198382 -0.579722
3.845682 -3.034197
9.748782 -4.039400
3.984883 0.122103
8.516996 1.719946
11.931635 -3.664868
9.578321 0.507813
3.467669 -0.939619
15.618661 3.515032
10.618843 1.092103
7.862816 1.290285
7.829002 1.435955
14.483978 -1.322185
2.091804 -1.608478
9.073089 -0.326332
13.421842 -1.523843
0.202774 -2.369302
11.465387 -0.845307
12.261630 -3.925910
9.006972 2.140579
14.546854 4.299284
15.696264 -2.767959
5.214622 -0.106091
10.622485 -5.095109
2.556708 1.943287
0.301466 0.805615
12.876310 3.469558
4.276840 -1.760816
18.330610 1.528493
7.622227 -0.362205
6.825021 0.197657
1.720577 -1.128478
13.499331 -1.488975
6.741253 -0.080421
13.880173 5.885280
14.345872 -0.798354
13.508142 0.163140
2.340144 3.064843
17.933062 3.622980
14.574278 -1.232390
19.854677 -0.917972
11.758106 -3.392103
15.161305 1.515222
6.883547 1.151432
12.812863 -1.038520
17.378590 0.255969
19.931324 2.052583
9.653098 -1.461139
18.193649 -3.708529
17.298885 3.403566
17.338676 -1.315626
0.258178 3.221171
7.434006 -5.527760
16.908173 -0.093618
18.445698 -1.655811
11.214219 -0.949671
18.288990 -4.548268
2.386091 0.046941
6.510483 4.290375
18.533394 1.137250
4.147794 2.991533
0.244122 -0.508197
15.432092 -0.321304
7.352166 -5.583899
0.868057 -2.789247
18.106934 -3.284614
7.067570 -0.554954
0.190746 -2.343935
13.767183 -4.393314
10.109674 1.330850
19.938557 3.213754
17.247513 -2.091444
8.481804 -2.774109
0.633999 -3.092999
17.178398 3.645510
14.738256 1.018511
2.598480 3.049457
13.956044 -1.932430
12.096042 -4.142313
16.466640 0.244601
19.105364 -3.566034
16.114037 -3.797419
18.147503 1.093166
11.936832 -1.936920
18.284210 1.520808
13.177375 2.519846
18.098364 4.826828
0.122980 1.692546
1.640031 -2.640287
5.156156 3.224650
4.103180 1.568137
10.866447 3.191417
16.101418 -0.175240
6.183450 -2.946472
17.957155 5.932722
0.881684 1.046839
4.333256 0.523197
0.048094 4.285981
16.924568 -0.948582
11.666188 0.338977
2.208030 1.867766
16.470406 -0.655413
9.417631 3.895025
19.703060 -1.661616
17.806816 3.217877
16.191706 -2.536274
16.996769 0.437390
3.623292 3.369202
16.633024 -3.364505
19.426449 -0.325917
15.499778 0.493130
17.756781 4.423251
0.427270 -3.293927
17.281422 -0.509896
17.885138 -3.736655
3.649095 4.293612
0.162435 2.130162
2.270017 0.336372
8.681751 -1.804731
17.858196 1.871574
0.377430 3.330636
8.417332 0.970156
19.802200 -3.773416
4.628839 -2.572600
3.596388 -0.489363
1.246064 -3.951394
14.479457 -1.046917
9.077898 -2.674527
17.203173 -3.034931
11.952874 3.339170
0.182538 -2.768929
0.990622 -3.138376
14.834960 0.556741
1.831474 -0.606969
0.936559 -4.783029
13.382275 0.585448
1.272845 1.347080
3.308039 -1.419350
16.889524 3.010659
17.577488 -1.583333
1.451034 0.427360
16.905367 -0.021582
9.004843 0.399884
13.285122 2.227561
2.649699 2.095452
8.490745 -3.764416
3.081889 -1.814629
4.867994 -0.125181
11.213470 -2.782581
0.464184 -1.495678
6.664086 2.584528
13.108270 0.191901
2.648959 3.874929
5.779304 -0.982674
14.852313 1.279002
1.143525 4.095283
5.666911 -0.837484
15.916488 -0.748961
4.944593 2.719523
8.587499 3.963471
9.811859 4.400511
4.449622 -1.600408
15.088578 -1.785100
5.996184 4.422771
0.388972 1.178011
14.681038 -2.519532
12.540632 0.229930
0.344373 0.095178
14.227171 -0.359641
9.120777 2.458351
7.765655 1.651885
16.087093 -2.592220
11.513124 -5.228687
4.244799 -0.186361
2.272371 -0.562677
7.805395 -1.562418
2.528780 -0.329618
19.285751 -3.540514
1.502237 -0.123737
4.704263 0.072579
8.079667 2.653669
12.321655 -2.412183
7.246686 1.563706
0.916060 -2.964409
8.878697 4.370881
0.925016 1.145280
6.548234 -3.148293
13.790269 1.396325
18.484976 2.714175
12.536428 2.377568
17.673922 2.077038
3.835621 0.605156
7.337092 -5.161729
1.265226 4.542395
7.624197 1.296847
14.470826 2.623210
1.326089 -5.183875
6.037083 -1.155528
13.303011 0.442804
11.210371 -4.209377
3.344526 1.581977
15.921947 -1.087700
4.224401 0.104716
6.010168 3.863444
1.273038 3.194098
10.228008 -3.020005
9.666795 -3.237755
2.987245 0.530577
8.512959 -1.690238
8.025837 -1.873654
1.329394 3.340889
16.245144 2.273160
3.885280 3.123242
4.501235 1.733459
17.553427 0.656867
8.182859 -3.483302
5.294274 -1.713443
17.652060 4.188871
8.516634 2.024912
8.582400 -2.332352
10.901425 -0.134309
6.190097 -0.360608
11.917886 -4.927525
9.695662 -1.065340
2.353377 -1.216681
14.856631 -3.817486
7.838844 2.817945
7.921753 -1.026635
19.449625 4.717753
7.061769 -1.025270
6.345910 -2.699632
17.505768 4.544619
12.189084 -0.754317
9.047153 -0.973771
1.911040 -4.035650
10.413917 1.604000
9.454137 -4.179531
4.814456 -3.355906
2.482730 0.269863
12.276525 2.268029
5.228994 -4.149034
7.109056 1.342757
8.068652 3.557500
7.117996 0.058369
11.074872 -2.205469
2.231308 0.180972
8.937782 0.160114
9.806816 -0.423145
8.016015 1.225449
10.685288 4.438419
14.764669 -2.288033
6.404650 -4.051076
17.034786 -1.024136
10.187630 0.074253
10.358692 2.759098
12.659611 -4.369978
12.079369 2.148150
7.912512 -0.291159
14.213758 4.612313
11.629762 -3.388287
14.176620 -2.244797
18.402683 -0.980318
16.659992 4.261021
5.558456 -0.265494
16.962442 -2.069492
10.328283 -1.211378
11.517167 1.691678
3.211908 -2.717216
14.616664 -2.935659
7.467040 -1.569597
19.538223 3.305725
2.689527 -3.294859
7.166714 1.431927
10.316484 3.701882
18.961668 1.071799
12.845436 -0.675377
9.264313 0.827929
11.597515 -0.627549
9.353817 -4.442948
11.986837 -1.217030
17.306259 2.715524
5.942390 3.727546
14.174082 -1.852540
1.528948 1.592748
5.959156 2.431423
15.365812 2.563300
12.600735 2.470097
13.751947 0.461784
16.200447 -4.209303
1.532313 -0.532959
6.777865 1.164261
17.021238 0.677904
14.619740 4.581967
8.892173 -1.889973
17.358421 0.614644
4.483148 1.188623
14.066797 4.971678
3.980231 1.876823
5.301668 -0.642719
12.727487 -3.160002
3.083895 -4.178609
8.007738 4.899276
11.778803 -0.418042
4.671243 0.796805
9.970055 -0.783261
5.734315 -0.326703
5.838293 0.159329
13.354677 0.169016
17.373487 -2.185944
7.096860 4.292064
12.573386 -4.224004
14.347310 -0.038433
11.868036 -0.431471
11.613173 -3.384711
11.259379 1.998394
11.169319 0.463718
11.841364 -4.118863
10.969803 -0.614451
14.913069 0.271503
8.383866 2.928559
11.861477 -0.227958
1.247456 -3.239550
9.455369 -3.666118
10.395153 2.044430
1.457070 2.515393
11.573770 -2.008739
12.942323 -0.159358
2.995830 -3.291343
19.257990 -4.047292
14.537160 -0.837328
3.116432 -1.836377
15.835487 -1.975758
15.617518 -5.185503
3.811744 -1.396853
11.442909 0.731698
12.163490 -2.604680
9.077541 -1.598996
11.247275 -2.765796
16.949070 -0.718784
10.514816 -2.790676
10.887995 -4.234161
13.550606 2.660351
11.957181 -2.534972
9.873190 -1.539244
15.295733 -0.936183
9.646792 4.336748
10.462873 1.911499
14.856668 0.608035
0.353627 3.172415
10.672054 4.782749
18.312551 -0.446414
17.161400 2.916911
16.596682 1.464173
17.725420 -0.043846
18.080988 -4.287637
13.887332 -1.712158
18.287775 4.554423
2.255505 -0.717987
10.214411 -2.369003
14.470324 4.527545
3.426658 0.100063
12.603949 3.743647
19.521048 -0.285412
7.172295 -1.093724
10.109645 1.081090
17.125084 -3.844528
9.155269 0.173290
12.075292 -0.300471
17.249380 0.335148
8.823344 -0.418260
12.585258 4.090029
16.008230 2.791517
12.937551 0.748675
10.385186 1.036775
18.598976 -1.837802
19.612535 2.582274
10.122650 2.411666
15.715023 1.810414
11.653121 4.099439
7.703990 -1.162596
15.720928 -1.402728
15.106688 -5.083481
12.137769 0.029540
18.148575 -3.554841
15.600301 2.798828
19.892797 -0.388223
17.866573 2.464891
2.714233 3.110958
11.031874 -4.846682
17.414858 1.471729
3.997229 1.486916
8.284949 2.702380
18.019754 0.297098
3.732545 0.048194
10.531656 2.204323
9.057750 -0.536403
7.133877 -4.018021
8.562425 -0.235842
15.759210 -0.763323
8.645447 4.026554
8.328906 -3.178442
16.022203 -3.845708
10.903986 -1.400523
2.244366 2.450281
16.370296 0.459879
11.828613 2.926068
9.954964 0.315176
18.514330 4.306567
15.289511 -1.923303
8.696415 0.581272
1.500798 -3.754134
17.567453 2.788428
13.138984 -1.207595
1.542376 -4.962473
4.498251 0.263004
8.530135 -3.047154
15.331387 -0.414693
19.159904 1.689891
11.383524 -2.548795
1.012773 3.126925
3.740048 -3.360201
7.516644 1.231402
5.130635 -1.852606
6.196656 -4.865745
8.112619 0.576492
19.401485 1.607167
7.230682 -4.888412
5.282811 -3.286819
18.389214 2.894757
8.659887 -2.816074
9.401575 -3.180722
18.322441 1.364761
10.282328 2.591852
13.626375 2.348111
18.818420 0.182416
14.533850 0.834046
10.350551 2.277498
1.759073 -3.185380
16.821089 -1.989226
6.505183 4.840461
15.067274 -2.887170
17.940504 1.178526
10.585436 -0.029675
0.479114 1.604693
0.160534 3.206166
9.331722 -0.068905
18.135412 -0.436078
2.234908 0.648904
6.715443 -3.099486
1.778225 -3.358935
17.938314 -1.924295
12.625600 -0.623657
4.707316 -0.683686
3.758910 -4.955975
8.105553 3.892613
5.242957 0.213790
1.100378 -3.310875
11.517924 -3.729084
5.465346 3.456527
13.709034 1.111397
13.480188 -0.861458
4.549262 -4.178428
8.380309 0.628487
11.272124 2.727132
19.555595 3.590703
8.414770 1.219705
13.036809 1.559857
0.858863 -3.740706
15.970585 -3.510668
6.454145 3.295236
18.414774 2.063219
17.465752 -2.934495
11.612680 0.252458
19.151550 -0.717986
4.038150 4.805621
16.344372 4.170841
4.376497 -2.076836
18.291775 0.759609
12.578828 -0.745162
4.171935 -2.703346
6.675575 0.512876
13.789307 -4.121950
6.027979 2.290066
6.934312 0.654491
10.435455 -1.275675
6.297534 1.852784
15.230953 -1.325475
9.636722 1.551209
7.614354 -1.223954
14.001117 -4.383956
14.931469 4.076545
3.277192 -0.447327
9.091372 0.608864
13.398340 -0.101587
4.348676 2.452333
14.405942 3.810043
2.848119 3.662723
5.561550 1.758390
12.075671 2.181090
8.129203 2.060640
2.249759 4.098770
16.040438 -3.024457
13.153276 -2.448059
8.118532 -3.547881
18.963676 3.448092
11.574430 -0.705606
6.307065 4.302873
2.380237 0.186818
10.247133 -3.506916
7.026665 -3.153404
3.662330 -1.645242
9.122566 -4.439512
4.280111 -0.707126
6.173257 1.412917
11.055674 -4.489043
6.655815 -2.262270
10.156980 -2.434681
9.882372 3.906845
1.113927 -1.792705
7.972620 -1.526870
19.994093 4.456205
5.086843 1.909568
9.498975 -1.519497
12.586014 -1.974115
6.331767 -0.146041
15.118326 1.644258
7.489785 -2.993747
8.506684 -1.740099
16.739317 2.039670
10.978167 0.501965
6.915691 -2.364921
17.436077 4.215098
9.347636 2.744184
3.699031 -4.598830
19.250092 -0.306883
10.396630 2.547295
7.431689 1.849783
5.859230 1.319286
6.478240 -0.008353
6.127334 5.760976
7.445716 -1.363176
9.428024 2.801313
7.290372 -1.508643
7.435502 2.744259
11.375378 -0.339157
1.790775 3.458910
5.294115 -2.058742
10.661199 -1.656586
4.068232 -0.964333
7.048828 0.241010
11.105009 -3.671058
8.081190 1.466613
15.671175 -0.104322
12.913584 -2.126215
7.655459 -0.112655
12.527718 4.472590
13.382016 2.050319
9.553821 1.138252
13.659035 -3.842005
9.901311 3.538308
5.564898 1.272108
19.110813 3.285575
12.950479 3.544617
4.121392 1.654411
19.189526 0.329905
9.671496 3.951508
13.176797 3.003726
6.525905 -1.109809
5.639066 -2.005201
10.567341 3.599350
5.495903 1.164362
8.149052 0.686110
14.648243 -3.892334
6.732637 -2.074775
11.548140 1.330013
14.699760 -1.535504
10.351630 4.546466
0.325722 2.216677
7.248073 -4.930169
10.281885 1.019426
10.638589 0.850025
9.738719 1.033302
10.412271 -1.844408
14.447674 -0.156926
7.668172 1.020954
15.721931 -4.261751
12.095510 -3.495057
8.803513 -2.064601
17.659475 -2.716687
7.338494 -2.426574
7.565044 1.676086
3.215397 -3.435661
12.205619 -2.823489
10.919543 -1.874901
2.871666 -0.152387
9.318124 4.173206
13.413594 -1.491830
0.046468 0.445664
6.394549 0.148859
10.273669 -1.778015
7.516710 1.095314
2.473401 -2.633260
9.025689 0.021557
5.295735 2.822062
5.272176 -1.882806
15.215139 0.062685
10.076545 -3.932167
12.589728 -1.149491
5.767897 3.279172
5.464744 -3.678026
11.453114 3.487336
15.260529 -2.927517
8.674585 1.595438
9.337057 0.983428
11.035723 -3.847558
14.604042 -1.814821
3.858250 -0.906114
12.112857 3.155991
16.596977 3.141526
11.585981 -0.481476
10.589663 0.531594
16.876333 -1.230852
11.202644 -2.341182
15.031549 3.199904
13.593386 -2.033823
13.572461 -3.987587
9.617364 2.553283
4.436713 -2.560576
4.955628 3.680257
14.992887 -1.926048
8.244780 -1.279841
11.864344 0.096191
8.475470 2.319890
5.700931 2.862301
12.479962 1.262751
15.368325 0.155550
6.548414 -4.507268
16.545099 -3.890679
8.224634 -2.972882
10.460890 -0.486898
11.264806 -5.123736
16.709833 -1.234351
14.580441 0.361679
19.844877 2.154463
15.967377 4.336538
15.938457 -1.704171
16.389622 3.830018
14.531832 -0.781591
15.896488 -3.281754
11.674882 -0.251421
19.611128 0.341354
16.746635 0.828897
9.794246 -1.411490
15.082261 -3.871681
17.623386 1.730060
14.816928 -1.829604
18.073149 1.990188
15.779476 -3.713176
12.104805 -1.316842
10.147439 1.069166
6.760279 2.023962
11.272576 2.778013
13.385392 3.016302
5.316504 -2.420907
6.442542 -3.176815
13.982436 -4.487270
4.000642 0.869123
14.556561 -2.334700
15.091301 -5.697817
10.056217 1.263234
5.450543 0.065970
16.755224 0.910758
12.083200 4.021258
14.602092 0.404331
13.566241 -4.056331
16.281706 -0.735162
18.131855 0.986330
15.242350 4.924168
12.682549 -0.554140
5.834737 -1.567710
14.823194 3.741611
15.164209 3.154011
12.056920 -4.234094
18.947687 -0.685534
18.906366 -2.446211
18.150608 -0.390892
15.662099 -5.269689
0.412341 1.646972
14.671199 -4.735074
18.185333 -3.255283
19.094982 0.490875
13.872770 -4.150769
17.860958 -0.552122
5.289084 2.732164
6.974943 -1.105671
0.420027 -3.891460
5.948451 -1.948692
12.944670 -0.413299
16.044361 3.672070
10.353688 2.764888
10.383167 -0.302669
12.714119 -2.008004
14.637834 -4.700883
2.481151 -0.208335
17.210989 0.421494
16.682489 -4.166010
5.139214 -0.123482
18.082146 -2.089491
15.506001 -2.147941
3.896849 -4.097132
14.890235 0.609919
18.408813 1.291888
6.793927 0.400926
17.079924 5.113699
1.648437 -0.069559
12.170554 3.669097
2.376831 1.742775
17.414583 -2.323286
8.814388 2.262362
17.606920 1.958464
7.871749 0.194203
9.987738 -2.682690
17.637014 2.076207
5.342148 0.145370
7.995183 2.105961
15.277274 -2.736200
3.946281 -3.182481
8.582223 0.725654
19.570290 -2.053352
11.799542 3.997562
2.651325 -1.073076
13.910830 -2.658517
10.200446 3.533652
9.727319 3.242358
3.934978 -1.100409
8.925587 -1.923156
11.688040 0.530224
1.983486 -1.162440
14.674241 -0.581973
8.348168 -0.558014
17.852816 4.171736
14.848273 -2.437833
9.674146 -0.029144
5.417638 -1.371468
17.086515 4.280638
10.994363 -1.008170
5.265142 -0.734205
4.445355 5.022512
14.395945 3.422094
4.288863 -1.270246
5.308650 -2.142674
2.676698 2.386151
17.512735 1.231998
4.987060 3.166243
1.216396 -4.400268
1.998230 1.940993
8.033865 -1.351053
19.590883 0.555850
16.101585 3.028101
4.162621 3.083189
19.678577 -4.804849
0.207399 -1.731772
8.822093 -0.369465
16.244617 1.258305
6.644252 3.365823
15.613284 -4.287362
10.295408 2.381284
1.963165 -5.168421
18.805090 1.041089
15.443135 0.871202
19.622522 -1.391460
18.337971 -2.617483
19.550058 2.627825
19.788225 -2.124421
19.361917 1.992435
17.950754 2.296376
5.461610 -2.221388
7.414830 -2.917362
0.682535 -1.011251
4.905537 2.349317
6.175349 0.487310
16.270382 -1.712030
1.026664 -2.534556
3.220251 -3.580235
2.141978 1.447354
19.400902 1.540633
6.936393 -4.262392
2.810478 -2.128140
0.319878 2.144954
9.894116 2.314405
2.127212 0.233909
4.448885 1.875984
14.546115 1.033042
13.610576 1.677205
5.744304 3.109249
11.530609 3.349329
18.198566 4.306248
18.671101 -0.048696
19.390995 -2.215287
14.640924 1.300412
16.924200 2.233759
17.393181 1.734598
11.302607 -4.963834
3.338758 1.101760
0.009344 -0.810673
6.084664 -1.846617
5.299342 0.148857
0.122535 -5.089056
2.955287 -2.322417
0.930865 -1.000047
0.002692 4.673858
10.367246 2.083335
8.135709 -3.764668
1.976085 -4.242879
4.754728 1.580537
3.349460 -0.191631
8.457400 -2.866391
2.488347 -4.506917
3.787419 -1.324500
9.213525 1.033654
11.892365 -3.076936
18.976606 -0.135972
12.009850 -2.469297
1.482826 -3.560983
8.338703 -0.961046
18.153797 1.209375
2.985213 -0.454098
7.122859 2.772341
15.269356 3.593948
2.360039 -1.488057
4.974059 3.006313
16.399599 -3.001100
1.407390 -0.733023
0.497970 1.670209
18.318190 2.594055
0.694434 1.005456
8.491762 0.989371
19.762236 -0.129857
1.232734 -1.437504
14.847265 1.828337
5.810462 -3.922733
11.649376 -2.720705
6.753373 3.047878
19.272173 2.696095
1.409714 -3.699729
7.602812 1.624125
8.660381 3.495217
0.818393 -0.158486
11.801813 3.599401
6.718040 -0.307658
1.530441 -1.319752
10.540484 4.242846
11.041491 -1.302154
19.669031 2.972294
7.734275 -2.567823
17.794851 3.628372
1.975068 -3.960665
8.336095 0.922986
16.069530 -2.799424
12.958838 1.389770
7.524172 1.572668
16.621233 -1.120750
4.557350 1.937299
6.285799 3.020413
16.416981 1.554494
11.259719 2.525935
11.865451 1.666609
6.771528 -2.692895
19.906683 0.510232
13.401723 -3.291775
6.267742 1.324691
7.430242 1.262684
10.780110 -4.821343
5.976575 1.759463
8.335361 1.145429
5.612412 5.853598
10.943130 0.842937
1.283970 1.930594
12.421762 1.734558
9.791723 3.094629
14.188465 3.215903
11.647433 -0.057971
10.467508 3.353551
2.357170 5.221054
8.621428 -0.975848
7.319747 -0.641094
3.443910 -2.683721
15.711531 -1.260323
0.416598 4.452579
12.313952 -2.874802
17.267038 -1.461966
17.418106 2.552692
19.908844 -2.370132
9.345693 4.311035
16.437454 0.669701
13.625888 -0.782504
11.058384 -0.544524
1.554979 4.019691
14.538974 -1.821720
14.033557 -0.192355
3.082737 -4.264677
12.949791 0.509504
7.917136 2.519138
7.215699 2.244848
7.203237 -4.867391
13.173084 1.836669
9.809796 0.379458
16.859903 3.972982
12.730876 -1.464850
9.386153 0.356401
16.220795 -2.714090
14.578639 0.684412
9.685362 2.849135
14.101620 5.382477
11.896195 0.658267
15.560719 -0.253168
15.458268 -1.250948
10.641661 -2.391829
16.455139 -0.198135
9.473484 3.761413
13.062340 -0.672946
17.177601 0.185989
17.100719 -5.009345
7.783651 0.621022
0.217150 -0.071775
16.410801 0.198843
11.878659 -4.827860
1.143937 -1.839285
3.373037 0.803558
12.141211 2.929922
1.120266 -3.933758
9.688205 1.350173
12.787916 -2.486988
4.444831 3.800543
17.189966 3.233542
15.385619 -2.189106
7.379082 0.401182
18.928038 -2.166902
15.318226 -2.081075
9.783281 -0.461169
15.652822 0.173416
0.812755 -4.618943
9.380867 -2.251304
8.183093 0.186469
12.550434 -4.915730
13.721114 -1.138332
1.110713 -2.521888
18.730135 -1.268001
18.637733 -0.633081
19.460775 -3.215452
13.156365 2.013659
18.056717 0.184769
1.799006 4.071362
18.718805 0.004309
1.917983 3.919502
13.527073 4.165640
12.819696 1.381822
18.102089 2.651729
17.674549 -3.447280
13.958976 -2.792644
1.959653 -2.752071
19.903915 4.555494
16.716217 1.495702
5.924152 -0.008240
18.684616 2.334819
0.596811 2.885714
5.938859 -3.075266
12.931480 -4.980288
13.240996 0.293463
10.077060 -1.348521
1.572329 -0.959004
12.651185 0.563228
18.830343 4.395082
15.936771 -0.561038
14.532102 -2.560002
13.021966 2.779179
7.915273 2.383713
17.493227 -2.754146
16.384291 1.000204
9.325776 -1.232627
14.456069 5.049646
13.497783 -0.716614
18.075731 -1.205895
14.773720 4.531166
4.688844 -1.423901
0.274149 1.571493
18.554724 -1.705119
0.867914 2.316267
14.217412 -0.055512
16.638470 1.024853
3.811108 -2.480531
17.254381 -1.121128
2.220974 -2.644781
8.077567 1.028491
13.995963 -2.309021
1.549710 -1.020389
10.470754 -4.617119
11.628370 -0.433334
18.931463 2.190179
10.275595 -5.121543
12.447760 -3.002473
17.367765 0.913119
11.707733 3.030389
10.875219 0.892604
14.341360 3.889491
16.166975 0.292408
3.688156 3.716815
18.475962 -0.644131
16.897146 -2.098939
6.294395 3.399044
16.425074 -1.205990
16.077837 2.761994
12.163675 -0.961748
19.688770 2.967056
0.624319 3.968877
9.653268 0.858486
3.969677 -4.482629
1.874422 1.734501
9.244999 -4.047849
16.426500 3.759408
2.892375 -2.285655
8.284795 -1.077185
16.520767 -1.831243
6.574277 -1.438936
11.890538 -3.067539
18.333628 2.623889
5.838797 1.942426
7.616623 -2.260406
0.008451 -3.954012
9.891974 2.553891
10.033974 3.221017
2.350649 1.096040
6.385958 1.689490
3.862156 -3.598608
15.610092 -2.394002
16.342722 -3.151549
13.960118 2.651058
15.542140 2.050597
16.295284 3.032089
11.191033 1.002215
16.753050 1.343261
19.090031 3.258282
13.266227 0.330863
5.947375 5.759186
18.309122 0.234211
1.479262 -0.394648
19.266582 2.974599
3.734678 1.987936
17.591209 0.918194
2.052973 3.696683
6.351795 -0.906585
18.290432 1.382572
0.856328 -1.961572
7.840714 4.824446
3.051692 -3.532218
13.826635 1.310920
1.803254 -0.703813
0.392474 1.508890
16.391520 0.985804
9.972196 -0.287045
19.238302 1.219164
2.287432 -4.134662
9.057096 0.612639
19.839584 -3.065712
19.079935 2.896024
14.803890 -0.724226
18.766506 -3.560376
3.953683 -2.864831
16.973665 3.338322
3.340133 -0.112171
17.103079 0.230935
18.358345 -4.048999
1.872581 -3.325375
17.807533 2.449610
0.313628 -1.570508
19.698210 -0.230247
2.669792 4.447688
17.884577 -0.360935
2.690390 -1.722454
3.596488 -3.819247
17.789228 1.024089
19.325180 0.695261
2.191180 -1.353036
7.194403 3.322839
5.416185 -1.935500
4.018015 -4.380696
14.354952 -0.166340
1.183084 -3.443513
1.685181 1.541992
9.809572 -1.406722
2.820778 2.590085
18.056854 1.069497
12.554293 0.259225
2.306793 1.926203
2.698189 -1.194252
13.990313 -3.769865
2.509605 2.762419
8.664547 -0.619439
0.240437 -3.518778
3.696339 -0.730998
4.856294 -4.392072
19.353369 -1.603903
3.138971 -3.493347
1.466304 1.287978
17.897789 0.957727
19.261379 1.090469
5.916344 -3.633591
6.021578 -2.386601
19.241545 1.849971
12.052238 -2.746612
7.613378 -2.491204
0.223717 -0.203577
0.410214 0.628060
7.146388 -0.779512
2.119463 -1.450505
1.547035 2.296525
6.247290 4.886885
2.638265 1.797077
6.167195 -1.022575
8.230597 3.808152
3.965031 -0.275924
7.242950 2.553735
6.548063 -2.377678
0.305243 0.471300
4.612997 -0.240975
13.920612 4.757724
5.847285 -1.165856
7.179015 -0.751819
4.257823 -2.241017
2.555695 2.288866
5.626069 1.685627
18.166180 0.871694
1.159131 0.326039
3.931416 -3.942805
19.557755 3.375016
1.462163 2.960467
10.608851 1.730939
5.683747 0.842134
1.952872 -4.777691
2.215066 -1.162869
0.733603 2.331068
3.354486 -3.712005
8.091805 -0.863541
8.896319 -1.965843
1.868899 -1.372319
11.103666 -1.772608
8.365227 2.577525
0.812149 -2.324043
6.895181 0.147799
11.977214 -3.902127
1.336731 2.831270
10.338903 3.781438
15.242582 -2.207408
6.007673 2.792191
2.924682 -3.087726
9.858350 1.079661
18.337254 2.770925
6.161823 -2.564902
17.495846 1.315508
3.531777 3.287012
7.103590 -1.466657
17.822121 0.074277
0.522022 -0.857701
4.735780 -1.846076
18.029287 -1.914425
1.379009 3.057868
8.006903 3.631973
1.897362 -0.085790
2.488534 0.645624
9.068194 1.467534
2.997619 4.531557
3.727986 -3.377852
12.873307 -3.266453
7.342901 -1.390096
3.047516 -4.209434
11.821054 -2.008350
9.915865 1.966976
19.613853 -1.527177
8.242546 -0.200670
8.091716 -3.633187
18.452639 0.140743
12.050333 -2.009025
11.783316 -3.342291
1.340073 1.396457
11.544099 -1.970990
17.303844 3.801312
3.399384 2.676248
12.855498 0.287349
19.311371 -1.095281
19.500479 0.806109
14.895226 -3.538511
19.492155 0.632492
1.640023 0.353353
10.088539 -2.282281
18.937193 -1.439523
11.919947 0.905863
7.187597 1.149649
4.366671 2.936158
7.749180 0.834817
5.993872 -1.182928
4.065089 4.698687
16.594080 2.366570
4.651324 -0.238951
6.328027 -3.530437
13.778005 -2.033081
9.619106 1.688549
6.217380 2.770944
15.579981 3.257557
10.469333 -1.684883
11.572997 2.834572
12.019487 4.348548
8.448651 -0.191286
10.301966 0.497683
12.609729 3.038617
9.322190 -2.405476
15.562416 3.916096
16.623074 -2.114830
7.142480 -4.080966
18.348328 0.751014
13.389022 -2.892426
9.978548 0.309168
18.726042 -0.833257
10.377698 3.965859
11.993949 -4.011965
19.433617 -1.245349
13.076014 -3.350262
7.221562 0.212150
2.985958 -2.241696
13.540228 2.313764
7.817861 -1.545476
5.296045 2.155090
8.169518 3.854960
10.510486 2.908199
7.911340 -3.449150
11.839227 5.121940
9.398246 0.506534
3.757193 0.182720
13.231423 4.682576
10.312078 -1.403617
10.571936 -0.571797
11.678401 -1.618434
11.525758 -3.798555
13.053134 -0.563260
8.175586 0.209113
11.072915 2.465168
11.245858 -3.122984
14.692946 -0.460497
12.310245 2.776516
19.882334 -3.236742
8.404013 -2.459484
12.614811 -4.336789
18.700388 1.858171
12.208951 3.476110
11.948725 0.874543
0.212805 -3.402667
14.796858 -4.410259
17.379913 0.288553
0.879864 0.666271
18.790298 0.980551
15.316305 4.128987
6.322151 -2.280533
10.303313 2.380031
19.912653 1.110120
5.123838 2.510139
9.447358 -2.396553
11.854252 -0.795404
7.794487 4.074700
13.218449 -1.937037
0.241353 2.436589
12.369293 -3.722897
5.223598 -2.155163
11.613295 -1.516611
6.840751 0.914299
12.115663 4.189690
18.018686 0.352354
13.578135 2.044720
10.541107 4.478024
0.173448 1.510054
18.261982 -1.497594
5.936228 0.637456
0.036725 1.945894
18.412008 2.458493
14.178961 3.144136
1.056871 3.472587
17.729977 -0.736349
17.898693 -1.575938
4.940808 -3.348543
5.261902 -3.911699
12.938100 0.525155
17.796900 -0.597219
3.618849 -3.023414
3.183367 0.864623
18.612219 -2.807355
8.920444 3.981636
13.629366 -4.320886
1.013255 -0.833424
6.893942 -0.470593
10.679258 0.204022
16.848486 -4.141664
12.833500 1.744057
13.484028 -2.577003
15.808574 2.737402
8.332643 0.313313
11.028845 -2.070123
0.603170 2.667455
15.377620 1.820392
6.811965 -2.702204
18.487835 1.571062
15.435771 -2.161523
13.785607 2.750297
19.800320 -1.960219
19.412003 -0.242312
13.094055 1.875227
19.894030 -1.677693
3.096577 1.681044
14.083064 -1.892838
6.083527 0.664906
4.216921 -4.710834
9.439710 0.146331
19.639860 -0.641541
3.258764 4.748884
9.977675 0.510390
19.034155 3.968723
6.735289 0.576275
11.615170 3.374461
5.075233 -0.851854
8.479909 -2.127131
12.839891 1.004241
3.416841 2.361501
10.586391 -3.045701
10.885608 0.816793
17.644560 0.002770
7.552716 0.336349
12.631732 -3.957913
4.173022 -1.164715
12.187245 1.576073
10.824573 1.585265
3.899684 -3.969201
10.612103 -1.404129
13.284007 0.609960
4.788377 -2.205527
16.684330 -2.580364
12.304985 1.910251
0.687887 3.756670
17.986998 3.477369
4.555981 4.063336
1.199497 -1.777037
19.182774 1.375771
1.079517 3.620164
14.755936 -2.163182
8.757426 -1.032796
4.749401 0.871317
19.990902 4.167325
9.201270 -1.520486
6.284293 -2.549309
1.107120 1.971193
9.202637 4.195755
5.431376 -4.508629
19.972263 1.015599
10.941278 0.645004
17.041876 5.470472
7.137025 1.188279
12.107422 -0.520070
19.938530 -3.682375
5.129109 0.911923
11.830443 3.246129
0.149125 1.152698
0.152361 4.870618
16.590481 0.387760
5.536701 -0.865770
1.639111 1.201878
16.605389 0.125681
3.129122 1.434092
19.052523 -4.097466
0.607922 -2.606166
1.796580 3.166909
2.292284 -1.986054
18.684933 -2.658900
3.560181 -0.187526
2.900620 0.975732
19.505928 -1.459616
5.832122 2.922471
19.826181 -0.668966
7.403528 -3.939076
4.608084 2.898946
1.617311 -3.353472
7.769004 -0.957909
5.140176 4.078186
7.107467 -1.438337
11.333086 -0.556213
5.038066 -1.866058
9.829442 2.966947
9.456195 -1.198494
6.533643 -1.943797
4.413820 -3.862988
8.305440 -0.261769
1.725335 -0.910077
2.174083 -4.950602
15.597606 -0.127220
1.984022 3.160508
0.172877 1.148133
14.880607 4.256648
5.580052 -4.888862
4.068408 -1.373848
18.621506 1.247170
3.495288 -0.989178
3.439217 1.438359
3.371964 -4.967076
3.703287 -2.686446
0.264907 1.428339
6.298127 -3.212430
3.871867 -2.738649
2.449643 4.503691
6.375772 -0.221162
19.234875 0.189125
6.331439 0.361179
8.315155 -0.301746
17.255068 2.418239
6.239705 1.538769
9.123573 -1.385547
2.898419 2.220582
3.113509 0.811374
7.743513 -0.144307
6.747566 0.159256
9.098571 -1.798034
15.149646 2.090377
3.397994 -4.953662
3.273045 -0.553370
15.564058 -2.111075
6.384329 2.065706
3.569317 2.090266
17.038177 -2.334598
3.114900 -2.338520
19.542015 1.182471
18.555014 -0.335776
4.317910 3.758962
10.692164 -0.696324
19.503439 -1.045737
0.902531 -1.717671
7.560950 1.468906
3.913049 5.084208
4.259189 -2.665450
4.918177 -0.264939
7.961695 -0.993038
6.242102 -4.719130
12.024527 -2.428930
10.675471 0.877124
0.682944 2.350283
13.108167 -2.681005
11.676144 0.011259
14.420665 1.812322
6.008789 -4.348023
9.395685 1.347958
17.428078 -0.994375
2.438167 -1.587228
13.620467 0.999855
7.110276 0.291266
10.264914 0.713862
16.713736 2.799872
2.910890 -0.942146
11.287462 -2.487805
18.271288 -3.164388
3.473981 -2.221903
9.146434 -3.959776
18.254648 -2.213671
5.395626 1.414119
15.825089 -0.235237
19.109961 -4.313743
19.571012 0.004102
8.109782 4.784842
5.416194 2.049969
3.698536 3.134374
9.742484 -1.699395
7.750984 2.137853
19.862883 1.683258
11.115121 4.058150
10.150476 2.861521
2.410066 1.350253
13.156583 -2.003535
8.508385 -3.252120
12.557126 -2.237960
5.289519 -3.169306
10.029264 -1.651111
3.281235 -3.317933
10.155695 4.858634
16.451780 0.345673
4.299822 -0.993376
11.244895 -0.193184
8.394568 -1.707529
3.875021 1.113671
10.111880 -3.059741
1.305713 1.959080
5.202386 1.222949
11.855769 -1.048801
1.002042 2.306547
18.698423 2.490487
8.647633 -0.170821
19.730219 2.848109
9.556290 1.202879
10.990513 -4.271054
5.674730 0.718786
4.654779 4.798230
12.808064 0.010091
9.468084 2.421685
17.405365 -0.603019
16.513836 2.941795
9.280385 3.530258
15.594565 -0.985757
5.982119 2.929040
13.141013 -2.569487
14.799209 0.104017
12.028186 4.323604
12.698895 1.137968
16.030760 -0.146143
8.660220 4.663709
1.506097 -2.716795
18.285807 2.610782
10.336996 -3.411439
18.963802 -1.000136
11.390232 0.698845
15.488601 -4.469010
4.415122 -1.749657
19.820761 1.563639
11.478437 -2.400487
18.886341 1.244074
11.571830 -1.877991
8.774196 3.580290
0.000762 2.844397
15.293266 3.269154
12.862418 2.422554
1.962792 3.043243
19.576693 2.623771
9.807483 4.184142
6.790791 -0.216618
14.115351 -1.570274
11.420146 -0.176422
5.372798 4.250733
13.666008 -5.803235
7.445590 0.323263
10.710712 -0.883880
9.070187 2.246125
9.421651 0.607788
11.653883 3.410079
15.079766 -2.509881
10.513783 0.773612
13.494226 0.840872
18.046770 -2.709445
11.744959 -2.319750
14.281138 2.913489
12.898366 2.266799
12.585357 3.742107
11.956814 0.197328
11.636237 0.395755
10.449849 -3.922324
18.744766 -1.010394
15.554013 -1.509340
17.276709 3.096790
2.715559 -1.666889
12.816458 -3.827148
16.693647 3.667111
2.090069 -0.612251
17.238400 0.174034
12.063400 0.149798
2.681622 -4.385407
13.869148 4.112350
19.873371 -2.121800
1.312374 0.766808
15.406999 -2.746026
19.787346 -2.520795
11.649677 1.892019
10.255633 2.409394
11.857900 1.856625
16.247810 -0.534043
13.450334 -1.510657
11.233227 -2.003722
14.117275 4.147115
8.228495 1.196908
13.608412 -1.244166
11.793427 -4.802432
18.263170 2.694171
14.347049 1.249925
16.486149 -3.721440
15.409886 -2.222242
19.171953 -0.739572
0.557709 -2.779529
15.196238 3.185121
1.018188 -1.253969
19.688602 0.245466
14.523578 0.220446
18.749529 3.751664
3.857795 -4.368678
14.385782 5.316463
16.098156 0.548414
5.580458 -0.976366
16.549255 0.136360
1.859953 0.237741
4.800956 0.915790
14.552711 -1.892655
2.955127 -3.857743
4.043722 -0.305610
7.144602 -1.831358
15.218618 -1.702925
9.547569 -4.778059
10.878995 1.260481
19.512255 -1.952346
13.816615 1.810642
13.004360 1.339137
2.836370 -4.738202
15.884737 1.880879
14.198638 -1.131108
3.003300 4.492451
17.707291 1.468610
9.573338 -2.834482
16.920475 -1.196927
17.894642 -2.442036
13.311906 0.253700
5.288345 -1.414127
1.975011 -4.068933
16.790689 1.258399
1.879661 3.771987
0.704802 0.542998
13.359049 3.181231
19.635347 -3.507485
5.276291 2.671139
13.152203 -2.240693
1.541228 2.364525
8.597012 -0.703608
15.598370 -2.471824
19.194572 -0.868385
5.385303 3.608446
14.352648 -3.053122
17.101122 -2.904969
13.392930 -1.733388
14.528275 3.568227
4.382510 1.499279
12.475209 3.297291
14.808937 -3.917853
3.608568 3.354391
16.030638 -1.184545
11.941598 1.840932
2.714884 4.536055
3.507766 -1.841239
4.967846 -0.229150
18.592958 5.291508
18.699417 0.035096
6.818920 -3.164902
16.786591 -2.350279
3.558105 0.734365
6.791846 1.353242
16.538109 3.148967
5.431913 3.143759
3.033765 0.723493
17.631073 0.832922
7.032105 0.184593
4.399611 4.088693
1.399204 -2.321927
10.367797 -0.836022
2.776110 0.944513
0.118841 -3.634116
11.814307 2.555565
1.860641 2.944162
19.076517 3.204910
16.533163 -3.149425
4.847292 4.435211
19.658852 1.144482
15.967442 0.299976
2.164095 -1.492688
0.760972 -3.958090
16.568199 -0.108232
4.342078 1.703423
0.348276 -4.287502
17.560448 -0.714982
3.150624 -0.375263
19.783937 -1.972387
4.167879 3.934513
5.164214 -2.335212
0.168093 -2.647187
0.772383 0.670180
3.921285 -4.676756
3.890652 2.841952
5.183679 -0.054229
1.133550 2.096781
6.544194 -4.912091
6.732680 -0.543726
7.282169 -3.016804
0.970655 1.091665
7.843005 1.619459
7.898247 2.248129
1.868753 5.160145
9.383778 0.473775
3.641474 -2.057798
1.542745 1.677369
16.161459 -2.577957
1.243055 3.555820
18.969246 1.511087
13.101295 1.315927
6.156208 0.643778
3.063253 -0.833392
19.998947 -4.197265
4.554308 0.742836
2.681905 1.124069
18.016844 -1.612642
5.640523 4.586666
7.285975 1.574623
1.995111 1.181637
6.635108 -3.492459
1.118055 -1.867942
19.640388 3.169561
5.502349 -2.411249
3.515932 -5.090945
6.797129 -1.048779
6.136786 -0.614530
8.887690 4.644094
2.476073 -1.739510
4.769437 -0.293421
6.884406 -3.198031
8.216754 2.247876
5.363618 2.551005
4.841320 0.911678
9.598386 -4.178086
7.724969 1.252666
7.623187 2.074152
11.125520 2.571755
3.310876 -1.684563
1.969057 -0.996300
9.051150 -3.813490
3.871107 0.516714
8.215865 3.564266
16.575541 3.960332
5.535832 1.641108
7.172906 -2.656387
0.168753 -1.669852
6.239710 -5.137300
8.516778 -0.505136
18.094538 1.099008
5.720602 2.261554
10.286349 4.190974
0.453148 0.242876
6.132057 -1.883353
13.248146 1.858498
1.348132 -4.592578
5.534127 -2.467764
9.071125 0.228971
4.202542 3.891958
6.853433 1.357951
8.950584 3.267427
8.626567 1.278110
3.061088 -2.816959
11.112492 3.573554
6.631005 -2.678146
3.334567 -2.470700
5.161089 -2.312389
10.010186 -3.898352
4.187037 -2.731118
9.214970 2.345310
15.017200 -4.364299
9.765731 0.977932
16.693981 -1.190732
15.752503 4.249853
4.626508 -2.022383
10.844527 1.711288
17.733418 1.699692
6.058193 0.961530
10.308695 -0.151731
18.721458 -3.304820
5.315064 -3.025002
12.183270 0.795975
18.921848 -2.761432
1.688623 -4.596348
11.239844 -0.293836
3.748485 0.547398
8.634423 0.448921
13.651493 -0.343879
8.200383 -1.346358
6.944119 -2.011745
10.493724 4.351083
9.909328 -0.684660
2.302335 -4.568427
12.225334 0.363883
11.507565 -0.146289
0.004562 0.044132
9.143540 -0.856259
14.367762 2.077795
2.768804 -1.108254
7.258257 -0.599439
13.278998 4.604934
5.272150 -0.733510
14.161678 -4.272709
16.830027 -0.617625
7.478561 1.281679
11.341930 5.229351
18.110952 -0.379827
1.295722 -4.141419
11.749137 0.959248
0.339937 -0.097002
15.323202 -3.995862
10.353620 -3.126026
0.551772 -0.781989
18.743650 0.648475
11.709180 0.199345
5.640221 4.023825
4.642564 -4.832680
13.346298 -1.868917
5.604218 -2.450227
6.228806 1.369234
14.724544 1.222168
5.922608 -1.883354
10.425800 -0.560638
14.280911 -3.660838
7.663135 -1.744354
18.460989 1.451834
13.687531 -4.486305
10.790532 -0.788788
18.314207 1.901615
8.980149 -1.117717
15.394752 -4.678324
2.765354 3.783101
10.835192 1.427420
0.072335 -1.579503
16.833818 1.578527
11.614217 3.106894
12.735488 -1.969332
16.882252 2.945138
11.174605 2.173025
19.649893 1.317544
13.902905 -3.424655
9.089978 1.972815
2.585794 0.308392
15.251841 2.297119
12.470551 -1.645359
3.953976 -4.833536
1.780123 3.634902
14.203086 -1.587526
3.017179 2.415798
16.902748 -3.476756
8.026719 -2.936272
3.407776 2.782074
14.320020 -2.521677
9.024754 -0.756706
11.470323 -3.015559
17.097095 0.360968
15.114845 0.104472
11.230977 -3.757931
15.249087 0.351655
11.377191 1.176196
18.302065 0.383546
2.864951 -1.827440
13.371566 3.380805
17.585083 0.137890
17.479078 -1.948337
13.387969 2.674873
12.382151 2.317111
6.205849 -3.370611
12.425690 -0.301020
14.646236 3.228882
17.702969 -1.151643
12.806960 -3.512498
4.412775 0.352378
17.867214 -0.906150
17.380369 -0.101023
2.970222 4.365565
14.738988 -3.275696
13.277092 1.041515
9.517250 -1.829058
17.782770 -0.288456
14.338032 -1.319304
8.841106 -1.672821
1.876097 4.507488
16.294830 2.344337
7.397258 -1.508602
16.166014 -1.741506
13.339180 1.714473
11.232696 -5.622161
13.695830 -3.682814
18.728319 -0.299137
17.337683 2.746621
15.864651 -1.671004
1.228905 3.653883
16.449774 -3.569394
13.698709 -1.168150
9.010638 1.687033
0.526934 -0.126233
17.813755 -0.548494
17.161280 -5.387436
4.727762 -0.079262
14.011015 -1.762816
1.570169 -3.615910
2.838166 1.906611
16.779886 1.987678
0.356725 1.357492
6.233583 4.303707
17.453421 -2.291269
15.100577 -1.640745
18.471670 -4.382237
17.798077 -0.646040
1.430815 3.937838
9.952439 0.673127
19.654388 -3.532804
14.382199 -3.055765
12.414458 0.324854
13.136271 2.375157
16.376516 -0.783470
14.849845 -0.759637
11.237796 0.176833
2.363913 -2.052770
11.504924 -3.779024
19.756180 2.574309
0.188674 -0.021467
13.098025 4.017208
16.481018 -0.842927
2.308485 -0.209065
15.224840 3.832485
13.573287 -2.837702
2.017584 -1.351468
19.398554 -2.961573
0.821531 -3.896076
19.562611 -0.350687
5.718217 1.254572
3.745456 3.836020
1.854671 0.462791
1.576998 2.224776
14.454265 4.173995
2.754796 0.825383
0.926919 -3.169947
4.513462 -0.305795
18.621216 3.464359
6.064553 3.386884
1.426159 5.029325
18.294121 0.966575
8.720284 -0.731174
15.159179 1.753352
3.241902 -2.173120
13.949254 -2.142638
19.345802 1.675866
2.193602 -0.868807
13.617581 -5.045426
16.586596 -3.453716
1.521505 1.396650
18.532370 3.174405
14.684676 -0.197974
0.125921 -0.886352
15.373969 5.338843
5.059747 -1.272160
16.966318 1.464362
17.298532 2.941887
