16.740221 1.751248
3.570229 2.620350
1.917389 -1.815617
12.490872 4.307615
0.657455 1.500853
3.137483 0.590068
7.073237 -2.072213
18.719070 1.074560
1.845651 4.418625
10.248225 -3.270256
21.061415 0.988663
3.444002 -1.546142
8.164078 3.746901
16.229647 -0.437667
6.823987 -3.346263
17.123075 2.691540
16.055031 -3.491127
10.217147 -2.843451
19.390715 -3.586634
20.463730 1.129735
10.997554 0.239790
15.730557 3.768640
1.908515 2.340835
12.391860 -2.724137
9.146933 4.596924
0.900704 -0.552688
13.870540 3.065108
17.555283 -3.696065
16.424297 -0.987511
15.047471 -0.455651
18.516232 0.053848
0.394765 2.144880
3.525783 -4.080392
15.824887 1.142148
20.654448 -3.044131
18.917164 -2.708555
18.420013 4.312221
1.542248 -0.680095
1.646564 1.848774
16.206057 -1.242713
4.357654 -0.294617
9.048015 1.500331
7.565679 0.026418
18.439907 0.427034
4.198174 4.174859
18.593050 1.239423
0.775448 0.354438
10.359810 -0.722077
13.024337 -2.207822
18.584599 -0.371560
10.429126 4.442489
14.889080 -1.554028
0.607865 2.099111
13.489238 -4.345345
11.553493 0.179051
20.269566 0.277784
13.464115 -4.515018
9.425853 2.759719
20.061136 0.062457
13.039727 1.145802
21.009659 0.044193
3.021912 -2.965774
19.163532 0.146720
19.648869 2.659154
1.441069 2.179068
19.624489 1.180928
19.267799 -1.720834
3.466710 -0.852811
20.132326 2.633833
15.053030 -1.093999
20.576183 2.393527
3.751470 -2.363676
9.504313 0.252893
6.049175 4.000810
1.213020 -2.221051
16.883646 1.115391
0.354514 -1.481504
9.298330 3.844722
18.325878 -0.584015
3.386621 -4.176796
10.701552 2.933237
5.531978 -2.941077
6.863392 2.982913
10.557564 -2.441959
10.145080 -3.276888
19.053375 3.272286
16.532953 -0.952912
19.578024 0.962107
1.373713 -2.276028
13.999893 2.519051
18.485521 -3.545118
4.301766 2.947551
3.701809 2.080502
20.578434 -0.203104
2.435731 -0.096091
20.698828 4.315679
6.271730 0.288801
19.228010 -3.715434
5.337592 0.512133
17.782419 -1.972482
2.419898 -0.331892
20.393030 3.058227
19.160431 1.404201
2.806026 0.461527
9.178066 3.700298
14.329459 3.119693
4.505622 -2.420094
3.343347 2.507750
19.515133 1.408414
2.684259 -1.013602
12.170827 -2.468618
16.974298 1.190557
0.300097 -3.850441
12.732771 -1.318764
1.545904 -2.376339
20.589195 0.834107
14.372894 -2.697149
7.236184 -5.012466
6.942862 -1.741042
9.907334 -1.140884
14.257671 -1.950905
8.416327 -0.108597
19.204647 3.385164
18.313896 0.261418
3.784448 4.057519
0.784020 -2.191191
20.428034 -0.690445
6.203303 -1.784929
1.833412 -0.038003
2.082724 -0.708434
4.036924 2.768798
21.385195 4.271860
15.561228 -2.545364
9.990048 1.759957
8.786231 -2.063025
15.787983 -2.583071
8.486544 1.336948
10.073879 -2.027846
20.644712 -2.188352
5.404463 -2.837446
9.381286 -1.682090
17.856138 2.980868
1.825314 -1.777585
13.229334 1.546533
18.234747 1.068041
4.012743 4.571200
12.552006 0.944800
11.134367 1.238412
6.123165 -2.213990
20.078081 2.567669
19.050581 -3.483659
9.037645 2.144025
20.906828 -0.832173
14.018879 -0.845050
10.499318 1.924903
19.799711 -5.248909
15.516488 0.683957
13.245749 -4.453331
19.593645 -2.004828
0.544267 0.800838
12.672817 3.410487
3.032717 3.464822
14.919629 0.953184
4.653761 -4.049083
5.933080 -1.750829
16.553532 -0.304453
13.028133 2.127075
15.243385 2.332492
13.830796 -0.986956
13.315265 -0.680842
10.115289 -4.411771
17.167732 -3.205510
7.465442 -1.376372
11.254337 3.621516
15.359633 2.697193
8.949121 -0.974118
14.576126 -4.019435
17.258556 1.485668
14.102296 1.459053
17.874361 2.641665
15.556503 2.869531
11.296008 -0.150338
18.774462 -1.175661
3.579976 0.678770
14.617834 -1.959295
18.951632 -4.341657
2.333739 -0.813789
6.799611 3.673991
1.565495 2.015363
12.958791 -1.702623
13.957180 3.008981
7.499843 2.600825
13.847212 3.031358
15.674776 3.109559
8.559311 1.871289
3.371488 3.172575
9.083065 -3.456440
10.889009 0.391773
20.816914 -0.857094
13.224101 -2.651302
10.728488 -3.702447
0.852969 -1.785955
13.696881 0.296932
16.298332 -4.616555
18.021008 0.192675
4.980955 3.779429
19.619701 -0.265513
16.029411 2.732202
10.337999 -3.565555
13.328135 1.788831
15.007946 -1.935180
13.952027 1.086897
21.507954 2.978008
19.439146 3.516765
16.147186 0.832083
20.229036 3.589429
17.602852 1.407676
13.674767 -2.832627
19.659996 2.507491
1.793038 1.548058
11.539895 -0.213479
7.239056 4.109249
16.830738 4.869594
16.571331 -1.235008
20.536158 -0.413320
16.974499 -1.133067
8.750026 1.065307
8.457448 -5.449252
0.534737 -1.039048
15.641828 3.949911
12.652650 2.621815
15.632670 3.612983
10.078006 -0.795466
11.383957 0.246771
19.225853 -2.064085
13.278062 -4.045034
12.025023 1.107431
1.464922 2.526395
15.617697 2.269826
17.992228 -1.461573
18.870163 0.974615
14.383209 -0.502364
20.819921 -2.492995
3.363091 0.563227
16.354658 3.176214
17.610342 0.797992
20.906582 1.678156
20.564400 0.107063
1.786850 -2.121361
14.058082 -3.986182
20.119638 -1.747250
6.387286 -0.845265
1.655994 -5.512408
13.503069 -0.850505
5.552967 0.184516
16.042801 -0.421256
18.996681 -1.799661
2.663005 -4.420394
17.584648 0.990297
12.400065 3.288678
11.038841 -3.126944
20.280073 -0.397438
2.229506 2.107193
10.495314 1.633400
20.907417 -3.884234
15.498296 -2.736784
15.318173 -0.629574
17.564301 -1.492222
0.040009 2.320775
14.497766 -2.597676
17.001137 0.797099
13.667359 -2.905596
4.552315 2.657993
20.794350 -2.525766
15.025946 -3.283908
20.939585 -0.225183
0.490204 -2.924369
17.541862 3.519465
3.799713 -0.926036
19.939472 -1.679260
17.087069 -3.182754
3.198211 2.936079
0.645678 -2.364391
15.500799 3.403257
4.696081 1.509110
13.187907 2.230778
12.191902 -0.017442
6.599322 1.881324
16.096649 4.197514
0.488398 0.116646
11.035469 0.472867
13.832946 -2.291113
15.053351 4.503976
15.621424 -0.517337
2.208819 -0.938086
14.550766 -4.148720
9.625581 -2.226335
14.301989 1.843409
15.890455 -3.670343
13.099458 3.618778
11.980973 0.924666
20.147001 4.525764
19.924892 2.024447
9.969664 3.430373
19.162458 -3.843511
20.016680 -0.895901
5.399818 2.699906
17.893188 -2.440659
2.393751 -2.180120
9.301519 -1.334070
17.816732 -1.293765
5.098484 -0.624532
19.268126 0.505227
14.542781 -0.830617
9.102191 -0.957347
9.211680 -2.408621
15.433829 1.734447
13.254801 0.480022
5.690927 0.018349
19.311972 -4.763692
12.531546 2.506020
5.243532 -3.299542
2.366643 0.931079
10.451230 3.666317
10.621372 1.362398
16.950766 3.103445
17.129515 0.670635
9.394649 1.344729
17.864265 0.485315
18.225288 3.568589
8.438107 0.535245
19.061520 -2.531981
21.158430 4.156325
6.129334 -0.537086
7.872774 -4.759947
17.707193 1.247719
7.273480 0.372254
17.684837 -3.063445
0.283954 0.782790
10.364698 -0.991875
19.247343 2.488759
4.464118 -0.895999
12.098175 -0.959599
19.482212 -0.135100
3.296283 -0.095860
12.696584 0.968458
1.090615 3.165651
7.569421 3.289255
5.055494 -0.263091
16.656059 0.391646
10.081340 3.450114
9.369042 -4.713311
17.502846 -1.106579
15.982948 -0.526931
5.917372 3.300811
17.546564 -4.261228
14.989889 0.457752
11.272758 -3.728418
7.318276 -1.260887
18.442234 0.123635
9.971483 -2.173753
8.156542 -3.436337
20.855967 -0.877337
10.890659 0.277325
3.020457 0.263514
19.348103 3.288910
2.543135 0.873040
18.554815 0.812396
1.654529 0.298915
4.198020 -1.004443
20.410173 1.438383
4.070620 -4.941882
9.079362 -0.027879
7.233310 -0.882981
5.061566 -1.990468
7.167853 0.910908
4.261308 3.858430
7.038895 0.219609
12.474394 -4.680334
21.141125 -1.255283
5.993005 0.021255
7.831169 1.896674
6.081493 0.234760
15.722497 1.633066
10.984550 -1.170068
2.838525 4.465377
11.968004 2.876707
7.976930 -1.275966
5.799098 4.015355
20.173141 0.892933
8.290190 -1.021407
8.613432 -2.933160
20.425083 -3.618177
4.325158 -3.687417
13.503208 0.033534
20.242451 3.191387
8.730691 0.143420
4.977203 -2.699282
6.380120 -4.659477
4.174039 0.656885
8.329137 2.342463
8.704288 -3.632559
6.655317 -2.304729
8.457189 -2.515227
4.186277 3.150006
7.703974 -3.388073
7.857977 1.260852
8.431881 -1.834209
7.687553 3.098355
7.476942 -0.511605
16.582033 -0.928443
6.318434 0.068034
8.326788 -2.808856
11.627738 3.241903
6.034206 -3.911138
6.420059 -1.484662
16.440527 1.240319
5.023736 2.823227
6.521059 -2.464689
14.581284 -2.510326
20.015621 -3.068782
3.948957 -2.955525
0.060742 0.847676
5.750036 0.519079
5.964345 0.140961
1.003062 -0.298535
19.090117 -2.208414
3.053499 -2.380461
2.543190 -3.781903
5.872643 3.711103
0.210844 0.610219
5.009830 -0.439140
9.457521 2.476066
6.871909 -2.370604
6.746665 -0.179883
7.369975 1.691898
7.483867 2.699909
12.901024 1.251836
15.798407 -0.587731
13.022087 -0.056266
7.354601 4.651597
8.581208 1.933319
5.734726 2.100296
11.815740 -3.255857
6.666606 0.016835
4.784559 2.417780
15.189347 -2.762306
1.302468 4.083706
2.842686 0.521668
13.233088 1.818039
0.688313 3.408773
3.479312 -3.045671
20.592651 2.429825
20.423363 -4.911809
6.543649 -1.294744
19.937258 -0.506771
18.806282 3.257334
5.387386 2.254933
21.318415 1.377081
16.956982 -1.699742
12.147006 -3.162560
1.912883 2.604998
18.680780 1.515008
3.580853 2.022610
6.533111 3.807682
21.311985 4.140449
12.280445 0.277904
6.271729 -2.012136
19.312605 1.077564
5.871314 3.961005
10.911547 -0.516729
18.869499 -2.961405
6.371641 2.890677
12.873099 0.026430
3.586564 4.490863
5.670516 0.253858
15.270850 -2.174079
6.789669 1.315722
6.758388 1.793402
18.781013 4.782120
2.152980 -2.703275
7.892919 0.452496
21.303566 -2.708100
0.984995 1.618250
8.097979 -3.833546
2.669358 0.338472
1.040840 2.711471
9.810101 -4.181718
1.990595 -1.997964
2.113677 2.239146
6.086929 -0.063707
3.240937 -4.783298
20.469517 -1.769862
9.903786 1.359243
1.623484 -1.174826
14.246728 4.186660
5.994535 -1.062685
4.867929 -2.713742
19.619678 -0.442691
10.260845 0.144926
10.267181 -0.395358
17.955250 -4.048636
9.418613 -0.004692
10.999243 0.720995
19.880325 3.197959
12.892378 -1.901317
15.908639 0.783540
19.528149 -1.518945
3.376023 -2.796438
14.531701 -3.490515
21.521837 -1.287189
8.682890 -1.268646
20.380360 -2.567680
3.023828 1.686602
0.159669 -3.858974
3.187185 -1.753428
1.079584 2.615817
11.368406 -0.259474
4.982812 0.047602
4.544904 -0.624698
8.170413 2.014951
1.575690 -3.857754
1.912692 0.247802
19.034725 4.243031
6.924809 -0.453221
18.300632 3.071977
10.914358 1.288949
8.704412 -0.530909
3.958130 0.528890
12.939299 2.419815
11.318995 3.906088
4.186027 2.177689
16.255466 2.857421
16.056444 -0.800750
18.111900 -3.419569
4.721241 -3.228118
9.723455 2.064306
1.753374 2.600695
11.951516 0.083897
15.669608 3.497223
0.546659 -0.735684
14.799191 -3.008975
14.309555 0.805311
1.685959 -3.456144
16.328003 -1.770990
2.851560 -1.392808
3.295371 -2.883496
18.801950 -1.529355
4.694919 -3.347233
1.254042 -3.526716
18.997032 2.023409
2.918183 0.068634
0.324912 0.420233
14.243284 4.891146
7.068190 -1.292164
15.254238 2.244705
17.626328 -4.649546
4.145566 1.316761
3.640393 -0.056034
15.263651 0.575946
8.563961 -4.435022
21.048225 -1.916864
14.980711 4.406742
17.206856 0.108839
3.796482 5.453007
14.150096 1.842429
15.275079 1.493000
20.254627 -2.451529
13.820534 1.441590
13.918582 4.270335
21.000786 1.720856
13.423587 3.683111
19.443192 -2.282969
2.773766 -1.978253
16.951864 -0.957675
19.195177 3.431861
14.825686 -3.593153
20.457581 1.901370
20.755367 2.935421
2.150261 -3.468633
20.537577 -0.623951
4.574182 0.347825
2.747587 4.150045
17.599274 3.654594
7.263476 1.287610
21.172125 2.936057
19.466074 0.842605
11.725502 -3.971653
21.126879 -0.344138
4.067273 -1.639903
12.131042 -1.711087
17.996008 -2.241469
14.914717 -2.893745
12.446485 2.358330
1.171650 -2.714645
19.044172 0.751970
16.099495 -0.697051
1.929921 -2.448866
18.490686 1.490319
14.304873 -3.018399
12.689050 0.283879
13.520114 3.969084
3.033113 1.072387
11.259361 2.169154
17.130829 1.077081
0.798179 -3.660795
12.628938 2.140442
13.726573 2.495054
4.847486 1.317703
14.225288 -0.171680
18.141832 -3.414166
2.673721 0.337189
4.293697 2.704056
16.782328 -1.656344
3.463017 2.284301
6.859379 1.824047
15.445108 -1.182496
15.324310 -0.565743
4.501841 2.088644
0.779397 -3.008375
9.080709 1.661206
9.673079 0.022840
17.132645 4.214915
13.773682 -1.514592
8.829758 -1.206809
20.754717 -2.509071
14.722215 -0.112717
11.771262 -2.651407
18.433575 -0.645197
17.520208 -1.110145
14.578607 -4.139849
7.797223 1.160218
0.880823 -1.192818
7.422032 -0.219307
20.946701 0.541560
20.599037 -5.090026
12.448598 -2.067749
15.514094 -2.615642
5.207045 -2.176799
9.579386 1.193318
16.233210 -0.526640
8.782115 -3.197615
9.628675 -2.118537
15.096328 3.625273
6.642814 -0.724050
8.935002 3.208570
18.648653 -1.264380
11.681804 -0.618660
7.954920 -0.936770
16.904982 -0.871439
13.154193 1.047214
7.794870 0.126529
17.031773 -1.388491
15.641782 -3.213601
7.259821 0.487814
3.633298 5.007438
13.975812 -2.028253
11.154197 4.272429
17.755896 1.402510
19.019543 -1.099875
11.061165 -2.347313
21.410944 -2.002034
14.962753 -1.960746
9.337742 -0.399721
8.192316 -2.602180
17.357733 2.989684
9.554315 3.291308
7.493381 -0.495899
2.279922 1.857056
7.435251 2.027218
7.128096 2.718372
5.658549 0.128008
7.653190 -3.180613
21.001989 -3.592985
5.028064 1.266100
10.135768 0.677836
9.117812 -4.336090
11.385201 -1.346677
8.909603 -2.298477
18.670794 -2.805653
14.403193 2.878712
14.048843 -0.945272
4.308108 1.934865
9.773303 2.711652
5.662239 -2.665197
5.033776 2.249709
13.597617 0.839085
9.967243 -2.900605
6.689614 -2.946588
16.075478 -1.261900
9.757503 -2.920503
10.156182 0.658034
20.365488 -3.046961
9.142550 -4.889308
10.971704 1.263136
5.680261 1.107831
10.239458 -0.175816
15.096151 3.321815
3.177214 -3.403763
5.697591 0.211652
6.243614 -2.443205
4.436988 4.238964
8.362525 4.285049
12.553836 -1.100428
4.864573 1.825137
8.356303 -1.725249
8.382517 -2.341120
6.824381 2.830947
5.586638 -0.461353
4.305680 1.553054
10.839534 3.112205
8.871704 -0.767434
5.537454 -1.371243
9.483965 -3.877623
13.123830 3.021628
8.700325 3.377719
15.789683 1.702578
12.593005 0.447073
9.502440 0.913398
19.326294 -2.716712
8.120271 -1.387544
7.479462 2.064275
0.805355 2.659777
13.917165 2.432640
5.529490 -1.315605
0.296225 -2.723620
9.706478 -3.957289
4.616183 2.765157
20.161667 0.366080
5.176000 3.896493
7.732179 1.857104
3.228456 -0.102294
10.176078 -1.497950
8.933175 -3.417590
6.784057 -0.736611
11.087464 3.036178
14.567757 3.020011
7.699568 -2.485918
6.030990 -2.766525
7.893621 -0.777502
6.868744 2.306940
11.580063 0.465418
9.207799 -4.154025
15.239477 -0.169628
6.905108 -2.693284
9.993415 0.839822
11.952718 -0.613009
3.724743 2.798676
4.957062 -0.271009
17.081348 -3.330675
20.659414 1.834846
4.697885 -2.076691
20.148890 3.567838
15.529366 -0.951422
7.248296 -1.431515
18.267391 -0.564140
20.537592 -2.839008
3.186907 2.075005
7.139843 1.133060
11.175107 -1.110130
11.194481 -2.236249
6.368649 -0.087658
0.221802 3.994868
1.106054 1.878058
3.595400 0.968745
14.500554 0.239620
6.408380 -5.149892
7.213285 0.427418
0.383197 2.714757
2.577942 -0.981551
11.528979 1.980605
17.290264 2.925767
5.340883 0.599134
13.070450 -0.530880
19.274971 2.377848
4.960486 3.795972
15.719382 1.113558
15.721821 -4.458757
7.167832 -1.213130
20.909180 -1.427636
19.451878 0.855643
12.577566 -3.548031
20.636152 -3.076375
0.650937 1.248451
9.373700 2.990213
18.745546 -2.276428
1.800757 -0.917498
7.413608 -0.906583
19.507788 0.389599
20.740339 1.907518
3.976990 1.155968
4.773585 0.128955
17.021374 -1.357851
4.664856 -3.686344
6.030918 1.069472
20.754650 1.317100
13.165090 -4.533802
8.632620 0.274480
0.399881 0.292820
8.004371 1.692888
6.916817 -3.442162
0.404438 -2.145413
4.375579 3.538885
14.046043 0.025930
14.997453 -0.359205
8.954003 2.812546
17.569508 -3.952224
3.787968 -3.395098
12.327192 0.293110
14.688779 -2.526880
15.376387 4.156792
12.038273 -1.994009
1.162201 -0.734341
19.546961 -2.020285
11.240313 4.436260
2.756243 -0.154381
0.066905 -3.315895
17.795174 -2.557609
20.958086 -1.205326
2.321335 1.332771
11.634764 -1.241608
9.317060 -5.064590
3.718561 3.666263
12.258146 2.788014
8.168462 -0.657025
19.290564 -1.482871
12.443770 -1.840841
9.815614 3.984927
19.826946 0.391096
4.101586 4.420511
10.811174 -1.862175
2.682707 -1.145292
14.193851 2.745419
11.574908 2.405266
0.592288 -0.938160
12.226124 0.182878
11.898825 3.656682
20.864180 -4.584497
16.751432 0.893687
17.857889 1.024233
16.917330 -1.788005
14.746768 1.337364
21.165565 2.101838
0.817369 -0.410480
15.535248 -0.857617
0.031779 1.317752
5.171744 -1.949535
19.973291 -3.081436
2.017612 2.356815
3.764594 -2.790911
17.076176 -0.563928
1.741292 -2.566650
2.963823 -1.418042
18.471455 -5.004231
9.272286 -1.496219
16.641796 1.532685
15.007683 -3.148266
13.856347 -2.039379
0.306265 -3.559924
14.760555 -0.443605
9.106105 1.721945
0.790820 3.966839
14.616437 0.340376
11.267138 -1.002611
20.600662 1.094006
16.086388 4.009897
13.752816 2.926302
2.129172 -2.247516
16.421730 -0.788535
12.517718 4.987539
19.393410 1.343610
19.463165 0.732836
1.437632 -0.767468
18.330324 0.093045
18.234627 -3.788857
0.158877 1.801521
18.636995 -4.424401
19.624331 -0.914834
3.755961 0.991698
17.550600 2.333724
21.260376 1.875313
1.080739 -1.876149
16.165174 3.075442
15.319970 -1.889146
2.971061 2.989398
18.821932 1.213611
14.709309 -0.794621
10.937035 4.043700
15.891926 -1.794300
16.268917 -4.056565
12.127020 -2.034404
19.099199 -0.277678
17.092382 5.306588
13.099538 -0.342765
16.827394 0.047365
14.466099 2.845127
11.011033 1.171318
0.521492 4.990705
16.563499 0.496349
19.705063 0.246844
13.112373 1.310864
5.203113 4.616329
19.948324 -1.113621
9.904590 2.246197
17.218643 1.099711
6.874106 3.894210
16.413105 -1.099607
18.215559 1.022327
20.956264 4.330457
13.712955 0.352255
18.148899 -1.615370
7.466989 2.604849
7.629667 0.192118
18.047951 0.960463
6.149457 -3.810758
13.940822 -3.668609
16.452150 2.449754
11.390373 -1.644020
11.072102 0.820391
16.595055 -0.857637
12.534216 0.447775
12.447556 -0.248126
16.799414 -4.666026
16.652328 1.782056
11.377850 0.035473
18.195898 0.593872
15.777672 -4.253389
7.566655 3.437595
5.707866 -0.187806
13.601753 -2.859398
15.813109 -0.673349
1.072763 0.666511
19.746355 2.486205
14.460229 2.064997
16.105267 4.439458
3.027556 0.439822
14.397270 3.586597
19.097599 0.044125
19.367254 3.488103
9.380678 0.452059
21.159632 -1.944939
6.994392 -2.340381
8.902094 3.864737
19.469616 2.062185
5.493344 0.416353
7.140115 -2.304844
15.662104 1.579583
11.792834 0.108470
11.481431 -3.193353
18.556477 -0.258736
8.465836 3.062630
7.591737 1.058623
16.798027 -2.364979
17.928326 -2.472822
15.724660 -3.473608
1.315133 -3.053967
15.538356 2.634333
6.941471 -0.001592
0.115530 3.943256
17.098486 2.782043
10.265358 -0.824707
5.731881 -0.212933
5.609033 1.527597
9.430021 -2.109898
18.268383 -2.575504
1.040176 -1.820908
10.336277 3.909231
1.527068 2.919169
16.197935 0.741900
7.877581 3.363272
20.197088 0.291879
6.750336 -2.763291
11.047840 3.324247
7.524736 0.874281
5.353498 2.368959
10.776672 4.586059
0.267433 1.011070
7.891804 1.898101
15.633982 -2.084751
2.761502 2.889386
10.566607 2.326303
10.704795 0.397744
3.477961 4.377374
8.318094 2.754064
14.003730 -2.980549
5.869237 -1.095073
12.346756 -0.799617
12.264884 -2.817114
3.765707 4.109640
18.373936 0.491601
11.349507 4.710710
10.548614 0.842879
2.052110 0.560930
12.387444 1.208689
7.409074 3.410105
1.875853 -0.479155
11.378840 2.979156
9.305435 0.613211
3.575718 0.465187
7.743674 -3.661523
6.755996 1.942570
3.868500 0.969225
13.046021 1.808818
10.024185 -3.065187
4.974294 -2.627702
11.470778 -1.036343
5.450292 0.254830
6.830611 1.890344
8.692647 -1.296954
3.742980 3.404736
8.360903 -0.339599
11.526838 1.351434
7.368859 -1.636665
15.240832 0.801850
12.355934 0.894150
19.697872 -2.431065
11.950352 2.944001
12.942900 -3.736290
11.267281 -1.212546
15.734645 -2.161420
8.309356 3.123374
13.279216 4.657460
12.504764 0.262810
11.511019 -1.409456
9.221115 0.879490
20.986998 3.592372
11.158102 -1.839105
9.631220 -2.197749
5.287749 3.168204
12.324972 -0.807835
8.711038 -1.374329
6.470904 -4.011716
12.389988 0.699586
11.713580 0.886688
5.060421 -3.969598
13.140985 -3.527989
1.949620 0.966246
11.495732 -2.495025
12.115167 0.880724
5.127251 -1.509006
16.261827 -4.947358
11.417500 4.525146
11.153633 -1.283787
13.149572 0.813030
12.752883 4.279060
9.917649 -0.938381
13.879269 1.340848
12.279321 0.536451
5.590580 0.313406
18.073124 -4.123497
20.887266 -3.613214
12.369967 -4.264938
17.829140 0.482241
20.639647 2.447816
8.468773 -0.272086
0.322669 3.174472
2.241780 -1.991693
6.026739 -1.071665
21.278683 -2.171260
1.856549 2.094017
12.021332 3.784281
0.754430 2.692479
20.493376 1.543286
5.446029 1.387240
7.291370 4.671035
0.428313 -2.547432
6.966033 0.229808
8.384956 -2.542385
3.848262 -1.344391
0.864507 -3.221109
11.138907 -0.280752
20.544104 -3.828118
0.899996 -1.435718
9.250065 -0.240088
2.035361 1.887249
5.865994 0.344137
13.608059 3.077696
2.372900 -0.583661
2.176205 -0.405003
11.656021 5.040927
20.802189 -2.998033
8.102249 -0.758883
2.204377 3.648645
2.792428 -1.051621
8.425830 1.061839
1.533543 4.342093
18.979502 3.189691
7.177149 -2.446689
2.840779 2.306517
3.729400 -1.987865
6.659355 -4.615524
0.303008 0.527554
1.978038 1.257511
10.268036 -2.127856
10.462538 -3.204698
0.284470 5.471972
6.082472 0.484506
12.839696 -1.142378
0.880722 -1.115998
13.386504 1.206432
10.076011 0.043193
1.339775 -1.025163
4.128120 -2.122901
11.009175 2.440678
2.612038 -1.095354
9.156263 0.650360
18.635376 -5.589742
4.485489 1.268727
6.565618 0.490073
19.754335 -1.749490
4.690989 -1.421927
8.613374 1.034503
18.232759 -3.058644
3.458702 -3.346178
7.140229 2.368686
18.379131 -0.479583
1.696416 -3.739609
9.797229 0.404192
7.172606 -3.641065
3.402271 1.843002
11.253533 -2.718033
10.759105 0.608324
3.180292 1.277787
11.770536 1.253018
2.202873 0.914398
5.613689 -2.367040
10.946471 -3.400811
10.662453 -1.788927
0.955714 -1.268232
10.438431 -0.427759
8.879083 -1.509840
20.264847 1.924316
14.869414 1.224076
12.305899 1.664029
2.088718 3.043646
14.805305 -0.734073
13.214134 2.961236
1.111016 2.828840
10.868103 1.649673
17.461885 -1.216719
5.949056 2.144219
11.027577 -2.765809
21.228498 3.418794
4.539937 0.086557
19.678328 -0.531572
0.391652 4.399578
19.257298 -1.507536
20.508501 4.589711
21.358440 0.310701
1.105760 2.989792
20.997620 1.093623
2.832974 -3.341216
17.412601 -1.706503
17.983624 -2.481022
4.223143 -2.360235
20.286455 1.001399
18.223898 2.856206
10.887963 -3.208147
19.415781 1.988963
16.432592 2.555496
9.989280 -1.455293
20.990774 2.388573
1.747706 -1.658353
12.899495 -1.927578
3.656689 -0.502486
17.328852 -3.181209
12.037100 2.887413
19.407421 1.374144
17.072060 -0.528519
14.972121 -3.603636
0.910143 -0.596643
14.642529 -3.486887
20.043932 1.562879
1.489844 -0.505682
20.175066 1.970138
1.003883 2.809301
19.222477 1.673355
21.392595 -1.793384
1.608453 0.992184
18.237608 -2.358062
17.797934 0.351061
19.833618 0.436901
3.927060 2.089639
18.578953 1.511831
2.983668 3.638946
21.164835 3.873874
0.564426 -0.007438
11.497463 1.042688
5.058483 -3.202398
4.726252 -0.464559
15.775995 1.691037
18.822506 3.486317
15.352167 2.267421
14.028370 2.608344
20.230995 1.232682
21.113369 1.994168
13.003735 -4.249761
9.361833 3.795266
15.637855 0.991362
15.647367 -3.853166
10.041841 4.285131
15.816626 3.325554
18.604984 -1.100771
10.453051 2.696004
21.158319 0.020249
19.759037 2.695354
14.214627 0.096077
14.276739 2.774173
1.740883 -0.346788
18.675871 3.008920
1.061792 -2.167122
6.523026 -3.293932
14.552055 -2.877521
14.214630 1.880891
3.815932 -1.447616
12.308126 -1.642057
13.578499 2.532135
9.128601 5.046729
11.955694 -1.342735
13.083439 3.537507
12.409153 -0.539140
11.525450 -0.899388
15.128078 3.658955
14.873765 -1.347775
12.972947 -1.109336
19.674566 -4.252216
18.147415 -0.555295
16.449320 2.924026
20.095657 -4.577801
16.817518 0.933490
10.953202 -2.937498
15.008140 1.618513
1.504450 2.103507
19.835592 -0.033422
17.164677 -0.256564
0.744414 -4.097886
16.830452 -2.252673
18.145391 1.668999
1.109939 -3.757828
6.275763 -0.765875
20.904512 1.003417
3.330600 -0.336437
12.146251 -1.752570
16.731981 -1.420775
11.054893 -5.034809
11.745541 -0.660212
21.061167 0.124414
9.560050 4.071215
10.928277 3.011772
18.747389 -3.042217
12.180020 0.180424
8.459825 2.028097
0.855902 0.559612
15.999698 1.105278
5.202439 1.436019
3.789530 3.696561
8.451143 -0.280213
14.179569 0.236135
4.566330 2.848466
18.633707 3.629866
15.773339 -2.100948
2.173954 -1.463955
17.980078 3.369182
8.630895 3.184895
20.322523 -1.668406
19.321367 -0.518355
9.472356 3.648183
21.236282 -2.081465
5.193144 0.182893
10.313430 -4.517114
19.307487 -0.443816
2.471499 -0.930767
15.345616 2.354833
1.389323 -3.643977
5.785839 -2.048268
9.216984 2.165579
1.344822 -3.489914
6.158296 -0.795396
10.574563 0.644748
4.635073 4.340218
10.085431 -1.789336
16.383989 -2.472210
3.041221 4.001367
5.685959 0.496222
10.773319 -2.361665
16.685266 -0.301979
15.107031 0.017487
7.071841 1.203685
2.694003 2.974573
15.653991 0.429775
7.144890 -2.941806
19.938356 3.039169
17.250109 2.174238
15.130777 1.416803
9.608359 2.745945
3.569346 2.163852
13.418010 -2.272045
4.079877 -2.990841
5.197026 -1.706333
12.665489 -1.857179
7.077782 0.477807
6.210808 -3.939043
11.346898 -3.510205
6.951245 -0.821155
3.567130 -0.391483
9.918612 0.134756
2.132371 1.092620
7.485446 -2.914771
10.930229 1.525859
14.721004 1.760565
12.881986 -1.121003
13.990658 4.176864
4.253923 1.366039
13.815769 -2.169600
15.697396 -1.784774
4.137274 0.448616
18.010765 -1.285700
14.948818 -4.300232
6.968140 1.431707
14.586857 2.303400
13.613133 -1.945544
6.673483 2.702614
18.557089 -2.460097
10.557679 -2.062232
10.161727 -2.418624
16.791487 3.055758
13.141223 3.483372
10.254035 -0.389617
3.234795 -2.926311
13.952160 1.390752
11.780319 -0.314859
3.994599 -1.472653
9.989655 1.380669
8.239417 -2.543477
3.992454 2.510283
11.533773 -2.544629
13.222929 -3.938199
6.291586 0.628694
9.585320 1.864947
7.170515 3.321316
8.572302 -3.625963
11.196110 1.877506
6.161619 -0.543715
8.978327 4.780386
13.131560 -1.088415
6.231487 -0.770942
14.692110 -3.077985
14.759746 0.281746
5.910344 -3.962595
17.217590 -1.964158
3.800166 0.098598
5.088676 -4.412004
20.883593 -1.509025
3.036560 -3.708828
2.230785 0.867659
21.270227 -3.382266
0.245804 -0.154376
1.478973 -1.035583
1.965305 -4.592776
3.160136 1.075525
10.177114 3.695648
20.600878 -3.524551
1.724454 2.976187
3.586156 -2.731781
8.379217 1.287996
1.626603 -0.057626
2.820247 -2.869094
10.004762 1.368514
10.504937 2.144988
10.577518 0.232930
14.654584 3.545535
8.836658 1.043943
10.420360 2.155334
15.348781 3.290016
13.191726 -0.420637
8.263566 -3.057445
17.610851 3.048586
14.659947 1.832200
7.679167 -2.560362
16.244974 -0.723668
7.921962 -2.350791
8.732668 0.283979
15.315187 4.791622
3.905758 2.179219
8.701815 -2.013848
21.517412 -2.794611
3.573537 -2.243965
8.065920 -3.100015
19.889593 -1.785464
4.851114 -1.407828
9.699018 3.723573
2.949205 2.462460
0.804438 -1.116103
1.911974 2.990463
8.489052 3.522939
19.535652 2.364356
4.329431 4.459102
8.448093 1.097987
21.045052 0.436711
9.972830 2.914280
7.311793 -4.038576
19.769131 -0.520967
4.703229 0.995914
13.219083 1.568827
3.466832 0.511290
3.142803 -3.423305
9.278186 -2.828913
8.079058 1.112663
7.800273 -3.876072
18.752546 1.270317
8.035054 -1.092491
17.195744 -3.049646
19.823891 -4.131275
4.263517 -0.431682
10.042944 4.806707
1.164386 -0.259449
1.710699 4.284439
9.247593 -3.604503
20.196468 -0.583589
3.108015 3.905978
9.798674 -0.175091
2.466356 0.068336
0.974592 -3.783063
7.330105 -1.259459
4.260343 1.512813
0.266373 -3.695134
11.529132 -3.436144
10.099806 1.390992
2.267030 -1.886341
12.876245 4.511191
12.885225 -0.428533
1.134251 2.510266
12.892898 -2.671002
8.444329 -0.754783
2.837630 -5.724046
10.010433 -1.614947
12.441177 0.617045
7.798755 0.561973
18.590294 3.334159
17.981375 -2.811719
6.105122 1.103290
16.108982 -2.245592
19.134256 -2.450750
6.332343 -2.557600
19.992256 -1.995309
0.332372 3.598387
5.637389 1.654116
18.204521 -2.307400
0.499541 2.341764
3.204831 -1.397537
20.317966 4.010005
1.846715 -1.626531
6.621290 -2.692658
15.377347 0.414153
3.747656 -0.884024
6.193166 3.151255
13.514179 -4.109832
7.639700 -1.220764
18.791107 -1.787122
18.656460 -1.636776
11.901466 -1.802335
0.301672 -1.684467
19.481720 1.050482
13.557982 -3.433761
2.968157 -1.955162
20.817078 0.339526
12.649475 -4.733521
17.329384 3.326156
19.973446 -1.023013
20.980043 -1.010623
8.795000 -0.984140
19.723234 2.207671
3.347366 -4.588593
0.602290 1.718889
0.009739 4.489409
0.398233 -1.318300
9.008589 -0.071545
17.612740 4.359577
3.411728 -1.825978
3.079308 3.217312
0.867809 -3.186666
18.804993 -1.769938
7.012908 -0.959209
17.016243 3.934097
3.211773 2.289551
11.997929 -1.805832
17.390572 -3.058798
6.853496 2.609588
6.803759 -3.308095
0.380936 -1.696873
14.734571 0.520684
7.441451 -4.287032
21.037922 -0.607459
12.973337 -0.404331
13.268126 -4.783016
11.876624 -0.730242
13.806668 0.748844
9.892868 0.884201
14.165534 1.713582
14.328060 0.291886
11.309880 -2.017237
11.046768 3.146380
18.674345 -2.731253
12.601274 -5.678380
10.407103 0.653216
0.593883 -1.845152
12.535448 1.308424
19.147692 2.228486
5.951871 -1.083063
17.785551 -2.598041
19.536041 1.155880
1.654362 4.460558
9.778489 2.283097
1.573928 -1.098477
9.445857 -2.115040
13.512607 2.298685
21.269691 -0.413466
4.556751 2.819304
2.682220 0.465816
1.539490 2.615232
9.471981 -3.382813
12.542705 0.432314
15.013319 1.842502
12.077820 -4.321861
6.958447 -1.590767
11.964558 -3.509019
11.892214 2.058388
7.322265 1.217096
19.037783 2.732503
19.686111 3.241577
12.120522 -3.978454
1.676881 0.537683
17.827965 1.454204
15.182693 0.375849
17.009991 3.826590
1.418876 -1.185169
9.396907 -3.931439
16.041277 -0.849094
4.832629 0.768191
11.616260 2.574951
20.642546 -3.724710
4.465785 -1.253878
10.953660 -0.601278
0.645498 -1.414020
6.177940 0.238818
10.516973 -0.237421
12.303308 0.740033
4.850299 4.668978
12.870452 0.745105
16.986013 2.473685
14.985297 3.125234
13.897896 1.998192
20.161470 1.645380
13.486149 3.155905
11.185283 0.406602
18.017120 -2.701045
13.838702 3.077950
11.077100 -1.601709
3.213260 -1.783425
17.014910 3.521253
6.847033 -1.221475
21.183414 2.849747
18.900526 -1.722030
5.365698 0.982190
21.529089 -3.431606
20.077751 -3.400211
8.417504 -2.952342
2.664520 2.108398
4.413365 0.052181
7.583961 -3.056007
1.490905 -0.514746
5.591430 -0.483654
11.441547 -3.360956
0.532644 0.455655
13.172606 3.506929
8.813960 3.566706
18.504763 -1.114775
7.297868 0.022610
11.326360 -3.237895
16.468700 2.367207
8.412555 -0.569764
14.677184 3.483910
0.927359 -0.451899
18.086952 -2.240035
10.614482 -0.332324
19.726652 -1.305189
10.038080 -3.795878
12.266479 -1.664915
21.429136 -0.679991
18.226383 -2.445057
12.366487 1.794619
7.794593 -4.219490
19.752306 -3.085202
9.157754 4.085358
9.069618 -0.000853
0.766218 2.948713
13.162445 0.250840
12.003631 0.252202
1.652039 -1.722642
12.754054 0.301654
7.980262 1.582005
4.397479 2.414212
17.500139 0.898770
8.468699 -2.871835
2.705000 -1.211426
13.126211 -2.675704
5.337465 3.804646
6.463209 -0.212195
17.439827 0.557576
6.450063 -1.509148
9.521317 -3.810659
12.992921 -5.069915
7.431565 0.516084
7.822275 -0.561110
12.848460 2.723373
7.458344 2.216589
12.649014 1.499804
16.383389 -1.595974
8.737807 -2.786254
12.523132 -1.567087
8.532191 -2.463872
0.029649 0.898604
18.137981 -2.360385
18.005869 0.804021
10.260077 0.187408
1.926134 1.766611
8.387394 0.919609
9.042146 -1.122004
4.247295 -2.172889
6.956590 3.567797
6.483727 -0.769537
2.161325 0.256953
2.619317 2.091238
5.979787 -0.534291
10.123228 4.232211
21.434746 1.449268
3.713629 2.703770
9.712736 -1.649741
15.449152 1.234366
12.074774 -0.387544
14.102959 -0.731335
7.758801 0.097009
10.846502 -2.526560
10.525923 -1.818473
9.079488 1.453869
9.705024 -1.076492
18.464115 4.124500
19.629095 -0.271990
6.744776 -4.370499
17.870779 0.037606
2.941428 4.149357
3.998391 -1.514019
13.234234 -1.955798
5.576931 -1.597004
3.119305 -4.206577
6.501636 0.553169
0.262483 0.047429
6.990977 2.697400
0.976500 -2.269507
6.027551 -4.476231
5.617522 0.993775
6.743284 2.748755
0.287529 -4.016488
2.946102 2.910661
3.037284 -1.396677
1.691800 -2.086891
6.098257 0.771219
7.084110 -3.544378
15.916838 0.603385
5.638414 0.025474
15.861382 5.090523
0.209282 1.555807
5.446496 -2.137297
10.905401 2.845265
5.410752 2.789084
8.672825 1.120307
13.208722 -3.030252
2.772537 -2.400694
0.924894 3.017596
12.923420 2.610534
2.752805 3.140212
14.735332 -1.531395
20.613770 1.625891
6.416435 3.359748
8.301725 1.730695
1.321864 -1.417331
0.372893 -2.996951
6.443221 1.752641
2.835603 -1.598099
3.830038 -0.664384
9.230984 -2.888469
4.438961 -3.336286
1.715102 1.073767
9.888638 1.791243
3.912420 -4.401211
1.463996 2.982336
8.681379 1.736110
11.713089 2.539519
4.236960 0.812290
7.827967 0.501909
11.878837 1.851199
3.232013 -0.946168
8.366288 2.958741
13.212880 0.635904
1.003086 -4.400989
5.388211 -1.299847
20.129051 -0.236772
2.909184 -1.113805
7.248650 -1.104061
14.745821 0.148886
2.381302 -4.127687
7.574319 -0.876253
16.823641 -0.210727
7.141316 3.252118
7.296782 1.523385
20.808542 1.038663
2.811331 -3.013057
15.256713 0.546623
4.937712 -3.287975
19.924732 0.566546
14.960237 -2.670154
1.488304 1.972736
2.226155 1.198521
14.491348 2.874151
7.602748 1.726864
3.620308 2.060869
15.682592 -3.930118
11.128821 0.526616
20.443886 -1.009626
16.592293 0.536429
11.815010 -5.171808
21.511684 -1.639063
12.475482 4.963561
14.747020 0.238313
1.312558 1.550440
11.294877 -0.947362
13.469369 -4.722141
20.573118 -5.169051
18.121840 -0.556794
12.896274 0.364786
3.612870 -0.958458
17.848900 2.203939
14.332764 4.885406
21.471640 1.863892
18.669123 -3.241359
1.145275 1.400766
1.846582 -3.328643
14.351982 2.996382
3.139282 -1.051516
2.936886 -0.114685
20.524441 3.843623
21.463640 1.037306
0.496647 -1.424106
20.776598 0.566708
7.793428 -4.620893
5.503695 -0.382315
14.019674 -0.167286
11.593184 4.743206
0.633961 -2.548373
17.161434 0.918453
15.435213 -2.025531
1.776983 2.178558
15.925525 -4.030445
10.747385 0.654344
6.994756 1.588692
10.418419 3.987918
15.434568 -0.570471
2.284122 -2.247550
16.401514 -1.430898
14.374661 -1.556856
4.896012 1.191674
21.498795 3.293580
18.083925 -0.367584
3.692739 0.134284
18.703266 3.081253
20.016958 -3.946803
2.826806 -1.618892
18.279936 -2.718302
17.386837 -1.693577
5.868107 -2.579130
16.095474 -2.446271
21.103094 -3.400797
12.012235 -2.577639
20.131849 2.896163
7.471125 -3.647418
0.935694 -0.456330
18.453861 0.542688
10.201040 3.985690
1.507302 -0.430244
1.195982 -2.254778
6.272464 0.771196
1.663523 -1.931863
18.368196 -3.273416
12.457545 1.644880
6.731314 4.119730
19.843422 2.504257
15.181365 -1.282143
1.446387 1.472553
19.753353 -1.428140
20.637712 -3.274048
17.553488 3.810695
15.648791 2.626099
19.260635 -0.309284
18.388016 -2.481220
17.300154 -2.957196
1.765723 -0.459956
14.612514 2.296272
16.563175 3.348736
5.596023 -0.877524
13.010500 4.418218
17.393127 0.863134
5.005899 0.036850
12.376777 0.085251
17.359938 -4.154266
2.757005 0.784750
14.721356 -2.215554
18.513075 2.627796
5.912744 3.078840
14.776722 3.202746
14.353569 -1.104026
14.165650 -1.562024
12.685309 0.174222
15.095567 2.320386
10.139764 -2.730775
12.491113 -3.599067
12.851302 -2.276632
16.460896 3.181245
14.558690 0.135772
19.829256 -5.086205
15.334330 -1.237151
17.197306 -1.905313
1.412561 -0.920410
0.392621 -3.731762
13.817064 -3.858814
20.877438 3.228788
19.376570 0.443972
20.592632 -2.439946
19.262007 -2.514445
6.730391 -1.736122
14.899629 -0.349511
16.991842 -2.266952
20.751717 -4.797817
10.966755 1.209041
20.306236 -0.368520
6.008661 4.095923
10.157745 -0.378708
19.935030 -2.237100
8.216477 -4.275196
11.254475 -1.265240
17.861738 -2.734713
5.369467 1.851275
13.980950 0.379850
13.082852 -4.381979
12.727646 -2.422115
12.849917 -0.863203
20.537130 -1.731124
14.993684 0.209023
11.621834 3.869924
20.308207 -2.163512
16.718565 1.502997
10.917931 -1.518675
7.198624 -1.837358
0.426675 0.047242
9.072681 2.846186
19.739185 -1.924379
17.751005 2.387509
19.902460 3.241850
4.549622 -1.341116
1.644409 0.625522
8.100883 -1.268449
0.726214 -1.965173
3.448623 4.891637
10.214542 0.454161
2.572206 2.205271
5.490322 4.446406
9.774614 2.335721
1.280856 -1.043240
4.451741 -0.122812
10.950918 -0.994719
8.568360 4.227671
8.736872 -3.109027
14.562993 1.534271
4.059363 1.927680
11.580840 -1.000388
16.841749 -3.521275
3.780120 2.848525
11.555581 -1.354276
12.177513 -1.715618
1.670236 -0.932468
15.159317 0.907401
12.793265 -2.291862
7.562666 0.643240
0.041302 -4.440580
17.713638 -0.968797
7.329787 1.453594
1.056668 1.052362
14.319494 -3.059442
9.212546 -2.742838
20.973162 -1.303143
12.587347 2.230885
5.229362 3.917894
2.286854 -2.715180
14.314472 1.713504
12.905407 -0.790545
5.397021 3.898970
13.701984 -3.012096
8.618920 -1.023842
11.215457 -2.741843
14.750283 -2.568417
7.887180 -3.390242
12.683753 -0.467729
15.757175 2.656147
5.172310 0.463833
14.072480 -1.266839
10.121773 3.053202
12.456212 1.694407
13.032826 -3.444501
10.445473 5.435252
14.018858 -2.159334
16.164202 -0.852865
6.503104 -1.035672
12.111300 -3.670003
1.240994 -1.200181
10.721648 2.681401
8.819251 -4.130462
1.598627 0.820257
21.127422 0.982923
5.899178 -3.771150
5.352058 -2.262640
14.595723 1.357602
10.290452 -0.591492
1.614600 -4.687349
14.937848 1.996291
6.617639 -4.337344
9.123335 2.217830
1.924649 -4.197623
5.056954 0.712094
16.003075 -0.462817
1.801111 -4.259739
7.762003 -2.588052
9.959798 -1.818622
11.952943 2.841450
9.611345 2.727227
11.277213 1.891634
12.998299 -1.640687
14.041494 3.329719
13.934669 1.623060
12.445645 -2.173814
13.394043 0.588778
0.641541 -3.279755
0.976731 -3.456151
4.526825 -2.100405
18.455309 3.163138
5.372588 -1.486148
7.459824 2.728045
0.050396 3.428500
2.369455 -2.785389
9.018321 1.950600
8.630396 3.242449
9.375713 -0.952805
9.597528 3.440300
2.799288 0.736135
0.091497 3.882921
4.066854 -0.470911
0.540665 0.896487
3.837233 1.910090
5.813336 -3.473960
13.353061 -0.619636
4.366614 -1.099071
3.984409 2.885422
12.279605 0.720515
2.547589 1.003227
5.170031 -0.694196
11.902246 2.320043
5.047704 -0.668450
5.887974 -0.603493
18.229761 -4.782374
11.831657 -5.012979
12.738171 -0.000373
14.604947 -0.030728
5.573143 -2.560937
9.152411 -3.684983
21.463089 -0.085327
2.305958 0.423440
10.077751 0.948442
0.653288 -3.454662
2.659011 1.452377
8.130771 5.527335
3.426172 -0.348078
7.323223 -2.088886
12.655773 -0.783507
2.689144 2.849865
7.856938 1.053386
10.073658 4.496817
1.943583 -0.853820
2.273436 0.950180
12.596288 0.850416
10.869572 0.309671
5.996582 -3.520073
7.772210 -0.132766
9.066494 -2.378072
2.287406 -0.999870
8.969095 0.626990
14.849382 -2.885395
4.309984 1.175869
7.173100 -2.193909
16.656719 -3.123821
9.590579 3.967690
11.255097 -1.577391
3.650925 -3.631586
7.479977 0.372330
9.559724 -3.427105
0.208902 2.245195
6.016196 1.743580
10.075867 1.596536
1.450651 -1.142674
20.926062 -0.840130
11.644530 -2.502276
1.589765 3.715877
1.961901 -4.051669
16.974941 0.335164
4.687197 1.090664
2.878581 0.748812
20.233253 3.901963
8.450874 -1.615535
1.205674 2.154203
18.859156 4.592611
8.589471 2.357662
3.364728 3.316808
16.761835 0.535910
9.618805 1.575594
8.269616 1.157608
9.000647 -3.469236
9.835521 1.874067
2.011025 3.892566
13.513927 -2.509521
14.682831 -1.767678
3.899492 2.090311
17.977251 1.108451
0.155621 -3.065270
1.911484 -0.822053
0.796954 -0.425724
21.150190 2.874377
5.221783 -4.502868
14.803039 0.620951
17.806368 0.928066
2.686118 2.453279
16.589897 -1.994087
21.363029 -2.042966
5.414612 -1.411058
18.908440 4.100951
3.838945 1.065324
20.657190 4.958042
16.674025 -1.115862
4.918574 0.370215
1.336183 2.648847
20.578474 1.615498
9.720212 2.030100
0.455268 -0.977085
17.394392 -1.188048
11.679198 2.770442
0.195057 -0.863233
13.700944 3.673541
12.874977 -1.402483
3.495927 -1.026615
15.454847 2.965658
12.905172 -0.635387
4.240138 4.681199
19.184568 2.097420
18.354332 1.025740
4.019365 3.560809
20.416256 1.332454
19.854498 -2.879744
4.345814 0.194010
16.270107 -0.277861
20.087986 1.186099
3.863102 -3.290972
12.141988 1.752753
0.133073 2.122558
4.075953 0.116158
0.245663 1.774645
0.582537 3.478906
3.625462 -0.653414
20.490799 -3.656441
10.757608 -2.907589
1.862745 2.686866
0.332040 1.757439
8.392306 -3.837330
4.403925 1.262389
19.429111 1.382971
8.896193 -0.763078
0.676748 -3.773354
17.188633 0.161171
13.556661 1.768296
3.695019 4.975667
13.598636 2.232990
9.403845 -0.614944
16.755117 2.100693
19.174410 2.262267
19.332830 0.698387
16.728909 1.389980
15.883756 1.888328
1.131412 -0.267485
16.766047 -4.039506
17.192764 -0.810770
2.612339 1.244913
18.523088 0.845769
15.642763 -3.328050
4.748788 -0.983238
20.194187 1.581311
0.962744 -0.177999
0.208977 4.333752
13.923203 -2.267452
14.849819 3.669402
5.519411 1.306475
2.179886 0.396173
3.548135 -3.735349
19.464697 1.240589
14.649705 -0.885432
14.639218 -0.470323
11.875642 0.215956
17.178204 -1.838548
11.725588 2.461667
16.889193 3.810598
14.066839 1.550143
20.842577 -2.028672
17.404623 -2.329417
16.818962 1.999722
14.801628 3.872514
16.018894 -3.127523
15.829778 -4.213592
21.052240 0.603964
14.784631 -2.968329
18.406786 -2.243512
15.634252 1.047865
2.779420 -1.666152
16.600536 -0.229033
0.393461 2.098996
4.854291 3.353989
20.314121 -1.725250
2.278872 0.161371
4.155220 -0.239490
10.409373 -4.497458
18.818613 -2.590472
6.779370 -1.294451
20.699827 -2.324916
14.961438 -5.710938
10.597884 0.501930
6.531047 5.299326
5.858952 -0.635493
11.940322 -0.181784
13.053926 1.368934
19.288136 0.762879
16.312267 2.073032
14.224675 1.360350
0.214055 4.536870
15.705021 1.614871
18.951420 -0.649180
15.149145 -2.343050
15.829647 3.829626
13.804276 -0.376498
2.808359 2.378490
17.963184 -1.830397
16.750103 0.777024
4.958082 -4.652645
21.537258 2.865952
14.302448 2.227304
0.773019 0.251255
20.851461 -4.862444
13.174583 2.335014
6.010489 3.575289
8.770656 0.143835
17.635412 2.677201
3.300455 -4.059434
8.031383 -2.652692
12.145359 0.190063
3.142707 2.931687
9.564788 -4.404307
12.883039 -0.503502
6.485893 -1.195855
10.656272 -4.744525
20.753744 2.405028
17.897684 -1.067509
8.634550 -3.190282
18.395683 5.082561
19.910660 -0.374967
13.607346 2.285493
10.541734 -1.445684
0.196891 -4.121939
18.018965 1.139903
12.443325 -1.904132
10.225841 1.630394
17.316292 2.061264
18.242380 -0.817818
5.445531 5.199145
1.958869 -1.374155
17.929281 -2.294190
5.137369 -4.050647
7.615157 2.737457
19.295687 4.929809
5.216012 -0.810964
5.286777 -0.756402
16.523136 -4.187978
6.662791 -2.273205
6.875639 0.851817
15.175319 -2.555970
8.248304 -0.767439
7.480806 2.318089
13.973909 -2.042155
1.954743 4.706501
14.457585 0.026874
15.622036 2.742837
3.657263 -3.424086
12.991081 2.018941
14.385879 3.892200
12.565198 -1.900791
15.452990 -0.397613
17.165739 -1.238436
4.196584 3.742244
14.562636 0.993960
15.484898 1.917456
4.316658 2.508611
20.123735 -3.372623
19.080498 1.479122
8.492217 3.776485
1.392859 2.541963
19.496506 3.562511
6.805740 1.729142
0.410543 -0.442904
18.824787 -2.663500
6.545351 -0.001403
6.587816 3.187314
15.791481 4.164731
11.861968 -0.597501
5.120334 0.436712
14.216841 2.171707
9.711133 -1.109438
12.805252 1.634387
13.708479 -1.794487
8.126170 1.131761
14.093477 3.587804
13.302222 -3.248299
11.252509 1.814138
12.028587 -2.020980
20.388508 3.105486
9.680012 2.571406
11.758734 -2.983189
0.617199 1.645052
10.832460 1.899229
21.233730 3.609756
2.202575 2.097574
5.811290 4.396492
17.943743 1.965831
5.803728 -3.881169
5.882140 -0.774952
20.629036 -0.041608
6.006855 -2.848047
4.205093 -3.017647
20.903017 2.490547
10.928526 -1.101459
16.080902 1.708263
5.942787 5.263270
4.447861 -0.357668
5.249712 -3.119608
9.735791 -2.868455
11.164487 2.440062
7.214360 0.187970
7.410675 -4.501210
4.233974 -1.390656
5.982416 2.386060
11.452655 5.058757
7.744801 -4.138284
6.176631 -1.407076
7.449999 1.991832
11.557555 1.280040
8.361925 -4.025767
16.954613 -2.035968
8.759781 2.626944
6.979734 2.635584
14.556264 2.083937
7.170115 -0.444121
9.202340 -0.406084
19.113787 -4.010154
1.520613 -0.570254
5.110045 -1.927048
1.138668 -2.481102
2.830927 -3.343837
6.787912 -4.135009
8.481220 1.498521
0.885503 0.500501
5.264178 0.011918
9.107897 1.014453
5.023951 -0.627209
6.588585 2.968370
8.262415 -2.498627
3.214761 0.694180
7.398433 -4.929293
5.144975 2.383755
5.960720 -3.486207
10.713332 1.239029
13.585625 -1.665695
5.468302 3.031090
6.956505 -2.669622
12.769103 -0.160476
3.456948 2.136195
11.618937 -3.441682
13.035029 -1.802235
10.708836 -0.067745
8.895949 0.587895
18.988514 -4.041737
7.498808 2.827890
9.195340 -2.913304
17.268871 1.726320
7.778309 -3.139256
15.433230 -1.515054
0.366334 2.803797
3.510641 -2.113504
15.025417 -3.065532
2.265013 -2.090192
2.827960 1.435826
4.955509 -1.212558
8.643452 -3.176139
0.038458 -1.762295
20.561501 3.549083
4.894516 -1.184569
4.290760 -4.012258
14.211843 -1.966483
7.115919 -3.738342
4.738771 -4.395398
9.749736 0.117941
11.932306 0.987411
3.771176 3.467606
7.484319 0.283956
10.279535 -0.177139
4.174062 -1.450938
9.839377 -3.548898
13.873987 -0.802421
2.026504 1.237275
15.496955 -2.936920
1.287496 -1.976425
5.812107 -4.354416
19.860569 1.811590
18.491482 0.942259
9.162309 1.377601
14.595771 3.963927
1.778815 -0.468245
9.098858 -0.009499
14.058608 -2.148469
4.149108 3.456880
0.972319 1.660028
17.202641 2.207927
6.662314 -2.489760
5.700313 3.674698
16.872623 -1.344681
5.076197 3.133606
1.611417 2.524302
16.699875 1.347291
8.766489 1.715666
5.981234 -1.561618
15.528890 -0.153986
6.782738 -2.843923
0.057989 -1.475759
16.759705 -2.167986
9.959805 3.280200
2.341329 -3.315414
17.961866 1.301507
11.002059 2.438068
6.585993 3.257747
18.263521 0.234501
16.472898 -1.966378
8.217876 -0.720427
18.852800 1.656920
16.136314 -4.287522
6.291454 -3.294477
17.930845 -0.932341
18.559767 -2.860510
6.115516 -1.498228
16.167614 -0.726878
1.900406 2.287913
7.585487 -2.905058
16.617205 2.404468
4.871994 -1.966256
15.768100 -2.204367
11.418055 4.595491
3.069020 -2.537426
2.115529 -2.895675
19.779470 0.932349
11.346193 0.730331
3.825490 3.046229
19.121220 -1.074552
13.051538 2.785137
4.975850 4.095702
19.114002 2.521953
14.654443 -1.430580
4.535357 0.872794
18.116388 1.295288
16.518215 -0.542437
5.537770 -3.353248
19.750511 -1.416197
16.540979 2.656213
18.811293 -2.665744
13.906663 -0.492468
4.066778 -3.136605
19.405910 -1.990319
14.761616 0.937346
18.651447 -3.364397
21.399263 2.981600
14.217746 -1.369808
2.559759 -3.446089
15.355428 -3.737407
5.413385 3.572495
10.404265 1.897562
10.815686 4.239063
16.860889 -0.112643
3.773352 -1.427433
17.613388 1.297948
1.811564 -4.712193
11.448730 -0.008860
19.380541 -4.071945
0.898028 -0.978966
11.947538 -2.300685
18.136740 -2.137234
16.917019 -0.538543
11.525307 3.091434
9.796467 -3.822872
17.004997 -1.350904
10.930852 1.088629
15.022419 4.806143
3.095036 -0.337479
16.172613 -1.231304
10.013494 -0.432343
6.031310 0.790997
17.872423 1.064261
14.518754 -0.852597
2.603949 -3.374077
19.697866 3.152350
10.704108 2.078750
1.316160 0.278644
2.807240 2.249200
7.532134 -1.354234
5.195179 3.608287
4.845154 -0.051055
6.715152 0.740817
17.823904 -5.068377
11.804434 0.001860
14.509344 -0.799043
17.723310 1.216136
14.024139 2.739029
14.494328 -2.289507
18.848660 -3.270889
11.986638 1.423527
12.937263 -0.669790
18.859013 1.298467
14.267196 3.140225
18.381241 -1.939763
13.564873 1.227654
14.783276 -0.841908
17.578569 -5.035434
1.601903 -1.398208
18.913166 0.305944
12.851638 -0.105584
6.870463 -0.602785
16.537449 -0.633780
7.094786 3.714742
5.434443 1.136994
17.454926 -3.015344
7.622889 1.215345
5.225346 0.107554
0.984480 4.726448
8.605840 3.443410
3.157355 -2.795208
6.324140 -0.773602
11.517255 -2.087954
2.294872 -4.137145
6.765132 0.303618
12.888429 -0.671616
3.262403 -2.795438
6.692966 -4.143848
16.406906 -2.378796
2.518611 0.961945
14.301428 -0.484735
12.859871 0.397720
17.743872 4.362912
12.781512 0.690494
13.240980 -0.426757
0.463711 3.045691
14.164292 1.697343
10.022606 -3.594634
21.045557 -2.011426
16.384634 -1.367027
16.198223 1.692934
2.926589 1.762164
21.056715 -2.008561
9.398257 -3.946035
5.885057 -1.120953
3.560597 -2.073148
10.198330 0.441008
3.974204 2.982795
6.674784 2.244860
10.452723 1.078867
2.943851 3.385839
3.684748 -4.092884
12.255491 1.652216
4.546212 0.985326
8.087894 -3.656339
17.018112 -3.792166
2.467353 2.737351
9.715937 -1.271699
13.190780 4.304161
17.363663 1.604781
9.150288 1.397004
17.837496 -0.754011
10.095249 2.754931
15.585340 4.068942
11.430429 4.075752
8.698634 1.100621
13.285797 0.518568
14.393435 0.855901
2.515122 4.607347
4.538624 0.001288
3.221659 -3.933563
4.735247 0.035297
1.384947 -3.283546
20.958773 1.123922
5.582172 -1.778950
0.201258 0.710535
20.574368 -2.764273
7.235324 2.584489
4.034078 1.233235
0.175959 -1.708820
4.758307 2.108630
2.106211 -2.271033
20.129667 2.756658
5.181085 3.407213
3.360416 0.556200
14.136456 1.425421
4.375584 0.438565
7.569013 4.607117
14.572801 3.478254
7.065165 -0.760227
10.899057 3.304076
16.119131 -4.172518
6.875999 -1.415122
13.188521 2.117431
14.431197 2.084283
10.550487 2.684846
14.494586 -0.848833
13.913365 -0.329498
4.911253 -0.732072
15.989764 4.193891
6.473441 0.417878
7.764174 -1.076177
14.653255 1.300473
16.180538 -4.084025
4.430418 -1.562610
3.775471 3.491479
10.449282 1.431293
13.106831 -3.587247
3.059442 -1.274564
11.727716 1.436664
11.916196 2.658231
3.321797 2.886909
1.197111 -0.121844
4.484899 0.102000
3.516040 -5.120671
0.529719 1.383034
4.496019 5.056449
7.216237 0.331971
9.998469 1.196371
5.177596 -2.095615
7.916704 2.839411
3.986128 1.859468
13.760348 4.125244
13.241809 1.953835
16.683220 -3.048637
7.626286 -0.805848
14.732786 3.016171
7.842277 4.170459
8.170171 0.960457
2.494794 -0.384968
9.755835 -2.560231
7.172307 1.861052
19.468611 4.623176
5.821582 -3.202308
7.937642 1.789007
19.733139 1.608060
9.441812 -4.151498
6.373234 2.261430
21.103674 0.806935
1.823744 0.898035
5.617976 -1.934883
5.118389 4.225187
6.955907 -2.103619
5.232169 -0.152978
8.801540 3.924958
10.080360 5.428036
10.427029 -0.728405
0.680893 2.124295
7.236732 -1.144020
9.354251 3.516729
13.633815 -1.707757
4.584391 0.976537
8.281822 0.991682
15.117784 3.632140
9.665410 -0.548718
8.638147 -2.674819
15.634072 3.073892
5.728138 -0.457739
16.594498 -1.221247
17.071892 5.160992
3.979361 4.174526
6.311315 1.943592
2.466557 -0.794714
8.554923 3.719965
15.950884 1.433981
3.362524 -2.028195
7.821569 1.270463
14.921442 -2.806755
5.465359 2.788940
3.790869 1.204966
16.988243 3.375357
5.148352 -0.622922
4.758379 -0.178662
13.944240 -0.719576
4.147236 -0.855154
20.975819 -0.143951
20.300201 2.329538
9.988050 -2.379974
4.855385 -0.581007
18.648832 -3.856512
10.891026 -0.812399
5.211696 4.497317
12.139477 -2.319068
12.603313 -1.548095
5.038692 4.335676
9.022467 1.756791
10.243037 0.856888
4.486086 1.146089
16.017862 -0.682490
14.293444 3.531340
7.612261 0.092662
10.728415 4.937734
4.123793 1.627860
5.614195 2.877265
9.185226 1.613951
16.472034 -3.620598
10.669845 0.572554
14.311399 2.065850
4.925063 -1.033727
11.947749 -2.277036
12.442595 1.180685
10.769341 1.002301
21.377354 1.931914
16.085491 2.102810
7.921134 -4.370116
3.133274 -1.403701
3.660208 0.173428
10.981852 -4.235439
6.339211 -3.009065
16.109468 -3.205299
13.590227 -0.077064
3.376222 1.600390
19.505821 2.867607
15.943960 0.169218
10.929439 4.324092
19.702444 -2.561871
15.019107 1.762873
5.713155 5.047357
19.555225 0.306124
20.157564 1.402892
4.636344 0.936869
17.422512 4.595781
18.353952 0.895945
9.158301 -1.926743
16.816189 2.374409
21.518782 2.608924
16.993395 3.085176
12.837099 -0.791642
21.308779 1.020036
13.079712 -0.479964
15.178408 -3.326397
21.399645 2.023239
11.156820 -2.603365
17.974226 1.909146
10.254645 -4.155009
7.717314 -3.972820
16.982185 2.204997
10.081614 1.364986
3.430402 0.975478
21.068954 -3.410420
14.849903 3.967369
12.481626 0.993204
16.004082 0.462322
13.546953 0.578270
15.964152 2.561564
18.929497 2.537746
14.206894 1.549283
10.757202 -2.661947
19.853485 -2.260050
18.326525 -2.588322
2.535873 1.105233
1.406710 -2.601430
1.296493 -1.417288
17.875414 1.737355
20.961184 1.638781
19.288881 -4.403257
13.826677 -0.758728
19.086252 -1.562682
4.297063 -3.911197
12.383146 -2.956290
5.846358 0.503943
4.761577 -5.002432
16.346088 3.800512
18.261679 -2.208898
12.215075 -2.231433
0.798428 -0.881971
20.869087 -3.746851
12.143205 -0.329726
2.182202 3.767942
0.050203 -1.153563
10.903829 0.658854
17.446798 0.604604
16.782125 -1.489505
13.282329 -3.139665
15.569459 0.594798
20.462824 -4.005879
12.544197 0.270606
17.738567 -1.986071
1.863527 -1.786991
15.310608 -4.496937
13.006605 2.745572
1.019898 -3.642472
19.544382 0.186290
15.785028 -3.821263
21.426157 1.600141
0.914022 2.137268
21.208458 0.071169
19.909258 -1.254896
21.432678 0.164625
20.341497 -2.619038
21.241335 -3.858506
3.301480 -1.329414
0.537478 0.730875
3.064507 1.638780
5.851184 4.070242
13.113835 -2.916234
1.193633 -0.521127
5.736589 -1.295219
15.092764 1.693332
15.492672 -0.896371
10.251104 0.497505
13.469666 -1.622478
1.582847 2.943414
16.545134 -2.201735
12.531957 0.527310
0.112729 -2.590269
16.301428 -1.854025
18.377808 3.233478
0.612720 1.070701
20.772232 1.264122
20.551716 4.464680
2.713958 -0.613070
1.242758 -0.442367
12.342320 -0.068700
2.628434 0.572959
4.982796 -1.206904
11.300067 2.466466
4.929789 -2.705661
3.868193 -0.276085
19.013142 -3.387436
2.275713 1.146807
0.100268 -2.479393
11.555037 0.449453
1.127029 -3.419104
4.696413 1.693862
13.070005 2.169988
21.499596 3.930035
12.385285 -2.764344
2.404834 0.656993
7.097215 2.592030
11.904071 -2.572375
15.528344 0.499570
16.799702 0.094774
15.411353 4.961143
12.906896 -1.053822
3.208127 4.980930
16.360332 -0.390940
1.570586 -0.786936
0.098302 4.360126
19.085304 -0.660098
14.973432 2.744956
5.958167 -2.622079
19.413769 -2.636354
18.737785 0.398016
20.873171 -1.777216
5.264764 4.080692
12.676925 2.453111
2.545460 2.144490
2.831652 0.935094
11.482944 -2.642589
3.999203 -0.421361
5.487291 0.657429
20.016121 -2.466589
1.420449 0.885704
2.342713 3.102892
0.690909 -2.375378
1.320680 -0.204595
10.272651 -1.708549
19.601444 3.756764
19.428453 -0.515529
9.128693 0.186543
19.473707 1.333323
8.101459 -3.200107
10.757135 0.609753
18.507221 -3.651141
9.862879 -0.238444
13.218476 -1.012527
16.864122 -2.613623
6.330993 -5.141569
19.340145 -0.519236
0.465624 0.110215
2.134127 -0.660881
0.263522 1.871312
2.978031 -1.462694
5.358228 -3.008436
19.495176 0.676499
20.830862 -1.932096
9.335034 1.567578
4.016362 2.171113
1.481367 2.139729
3.059702 -1.755079
1.610396 -3.000874
0.501179 1.478411
6.973203 1.257297
20.817566 -2.841680
17.565536 2.105637
5.461812 -1.105161
11.264477 -3.802670
15.889742 4.006674
5.448341 0.859692
12.035637 -0.247238
14.018434 -1.263138
10.128032 -4.366910
16.517584 -1.222657
0.648357 -0.427222
1.555435 2.567251
19.945776 4.007071
1.449769 -2.663929
7.692255 -0.132237
13.294511 2.742397
19.046881 2.876327
11.125441 2.773501
0.287589 -2.201076
17.188875 -1.194575
10.996384 2.485877
0.511601 -2.926715
19.416252 0.927849
9.202233 -4.266828
3.043648 0.136177
20.149080 3.195659
13.418014 -1.591204
0.603710 0.172367
14.105748 -2.300209
8.166256 -3.463353
5.898737 -1.444662
12.162479 2.797865
15.446800 -0.555412
3.274927 -2.694983
16.159721 1.603793
11.802953 -4.123148
12.288093 2.157416
16.434654 -0.509254
8.286794 5.072011
16.581322 2.229504
18.240118 1.106585
7.499197 -1.056036
16.531656 4.099864
18.019802 3.203523
5.900769 0.403259
14.679955 3.433964
9.704527 -0.036097
4.238512 2.219137
4.840064 1.009716
8.802633 -2.023909
11.935884 -3.118947
1.406992 0.017963
15.882190 -3.136083
13.283556 0.725915
2.793302 -0.379456
7.422758 1.184518
14.614817 0.666254
2.353614 3.775430
13.811533 -0.525122
9.893544 -1.794634
6.628998 -0.817767
9.268044 -3.571955
9.065079 0.474487
13.763785 -2.772208
21.178513 1.635675
7.294953 2.655314
11.183736 -0.226119
18.005861 4.989788
11.078025 0.550684
12.141557 -1.854748
3.555534 -1.269984
8.903907 3.210977
16.720449 -0.368872
5.348783 1.101945
16.173208 -0.938769
11.901354 -3.728537
17.593613 0.319127
11.987028 -0.008268
3.838107 4.212790
18.239786 -1.015837
16.257111 -2.745981
0.050314 1.672792
18.464725 -2.743469
12.606080 -0.463419
1.035267 2.122473
0.869857 4.056035
8.657454 -1.585267
0.671529 1.655400
0.983127 0.937584
17.174372 -5.772879
0.985308 1.140018
19.648121 2.799373
13.306406 0.140923
2.521066 2.369231
15.402689 0.607428
12.552081 2.496270
10.759508 -2.019731
16.595819 2.950270
16.344677 0.722782
17.348982 -4.240882
5.132396 1.267166
17.614607 1.308299
13.252825 4.914316
19.428183 -1.025607
12.114945 -0.836379
13.640381 -3.768159
5.196069 2.451653
17.859880 -4.251468
20.338453 0.904834
20.511730 0.638804
13.352324 2.705106
4.471720 2.189828
18.336016 -4.739766
14.622328 -0.078527
0.990723 -0.350205
16.741560 -0.799039
16.158443 5.685881
4.925004 1.257755
17.718166 -3.720652
13.806538 0.710754
2.460534 0.982795
17.519861 -1.385508
12.847236 4.644858
12.989458 0.325722
15.909138 2.947781
13.710642 -3.275267
12.660104 1.956984
15.720268 -1.113561
10.264737 -1.583923
15.873768 -4.085503
1.901934 -2.584060
15.514638 3.807518
15.819423 -0.602200
15.453378 2.598641
15.158522 1.441209
20.028286 3.390606
16.287945 0.708735
13.933908 2.891321
1.138458 -1.241594
8.093615 -0.490270
16.766033 1.880043
1.665465 -3.643996
21.302765 -3.226328
16.182365 -2.898667
2.214453 1.519282
10.044111 -3.478731
16.537615 2.911987
2.116855 1.328959
1.081540 0.305883
18.767094 3.051978
5.298324 3.708558
7.217408 1.657632
18.505188 -1.238699
13.997401 -3.547161
15.630563 0.150117
14.565997 -2.793088
5.494345 -3.521261
20.274851 -0.810593
11.673251 -2.994311
11.437475 1.422839
17.533722 -3.169877
11.451678 -3.075453
14.221051 -1.212888
8.445889 -0.015971
20.579000 0.113702
16.378042 -1.395145
